Crime ID,Month,Reported by,Falls within,Longitude,Latitude,Location,LSOA code,LSOA name,Crime type,Last outcome category,Context
,2025-02,South Yorkshire Police,South Yorkshire Police,-1.397019,53.054017,On or near Supermarket,E01019456,Amber Valley 005E,Anti-social behaviour,,
,2025-02,South Yorkshire Police,South Yorkshire Police,-1.454483,53.598502,On or near B6428,E01007434,Barnsley 001A,Anti-social behaviour,,
,2025-02,South Yorkshire Police,South Yorkshire Police,-1.454483,53.598502,On or near B6428,E01007434,Barnsley 001A,Anti-social behaviour,,
,2025-02,South Yorkshire Police,South Yorkshire Police,-1.449616,53.600915,On or near Army Row,E01007434,Barnsley 001A,Anti-social behaviour,,
,2025-02,South Yorkshire Police,South Yorkshire Police,-1.449533,53.601517,On or near Strawberry Gardens,E01007434,Barnsley 001A,Anti-social behaviour,,
a0c37b0a69ab064d26b5ae38a8cd92f65fbd1eef7f3cb4fa1c199ddd8d6ced2e,2025-02,South Yorkshire Police,South Yorkshire Police,-1.455543,53.598282,On or near Supermarket,E01007434,Barnsley 001A,Burglary,Investigation complete; no suspect identified,
95966f156cf9ef9909922ecf0f4f347bf4bb293a77b63088af2bf689df95436d,2025-02,South Yorkshire Police,South Yorkshire Police,-1.448364,53.603076,On or near Hardwick Close,E01007434,Barnsley 001A,Burglary,Unable to prosecute suspect,
91ffa887b57206db8ee75a0624e108b1a16f54ed0bb3a7f73fec464ec422d721,2025-02,South Yorkshire Police,South Yorkshire Police,-1.458135,53.597647,On or near Winmarith Court,E01007434,Barnsley 001A,Burglary,Awaiting court outcome,
0e71fc17c57bf09bd46f33117ba0a314c4a960736af17dfa6c74faaeddef4004,2025-02,South Yorkshire Police,South Yorkshire Police,-1.449616,53.600915,On or near Army Row,E01007434,Barnsley 001A,Burglary,Investigation complete; no suspect identified,
01f863d9fa54029c24b13fdb537777e886d4147ba1ece524a181fd3abb54c8dc,2025-02,South Yorkshire Police,South Yorkshire Police,-1.455543,53.598282,On or near Supermarket,E01007434,Barnsley 001A,Burglary,Awaiting court outcome,
794d6e3053905b49eefcb270758e13a3e1f156fc6118841583587da7096be405,2025-02,South Yorkshire Police,South Yorkshire Police,-1.457977,53.598230,On or near Hallcroft Rise,E01007434,Barnsley 001A,Criminal damage and arson,Investigation complete; no suspect identified,
c720d117d35d5ac5690096ccbce049426a2861759883d4573144d9faac590f68,2025-02,South Yorkshire Police,South Yorkshire Police,-1.455945,53.601115,On or near Queensway,E01007434,Barnsley 001A,Criminal damage and arson,Unable to prosecute suspect,
427c2b4567f622cb1cc85bed5a0ab48d7d70b6e6092c2680d1659d8dfaa754c9,2025-02,South Yorkshire Police,South Yorkshire Police,-1.448367,53.601665,On or near Milgate Street,E01007434,Barnsley 001A,Criminal damage and arson,Investigation complete; no suspect identified,
2965a1818014ca47cb425ccd8e4244fa2db645a93dc0ccb0f404305dea37153b,2025-02,South Yorkshire Police,South Yorkshire Police,-1.455543,53.598282,On or near Supermarket,E01007434,Barnsley 001A,Criminal damage and arson,Investigation complete; no suspect identified,
1dc9b2f45b457d3c1c66150a59c53529ae58bcd675fd65a3aa8f8361a10ec2ce,2025-02,South Yorkshire Police,South Yorkshire Police,-1.455945,53.601115,On or near Queensway,E01007434,Barnsley 001A,Drugs,Unable to prosecute suspect,
c44abb2d95f8aeeab58c5f2b502dbcec96ee917bbfd751368116e2ae7f435312,2025-02,South Yorkshire Police,South Yorkshire Police,-1.452733,53.597092,On or near Church Street,E01007434,Barnsley 001A,Other theft,Unable to prosecute suspect,
ec0d88471b250c93c749f7640bea71be391e8f0e19121fe9211f7a8d4bfdf471,2025-02,South Yorkshire Police,South Yorkshire Police,-1.457977,53.598230,On or near Hallcroft Rise,E01007434,Barnsley 001A,Other theft,Unable to prosecute suspect,
112bf6528e9f01761057cf9ec6f9e03b8950c332d3b6c454cc4f1a004f8f919c,2025-02,South Yorkshire Police,South Yorkshire Police,-1.449533,53.601517,On or near Strawberry Gardens,E01007434,Barnsley 001A,Other theft,Unable to prosecute suspect,
103579bbe7b8298ebf2ea21c34bb5b5b8056ea34ffd08f691fdbd37feb78d3fe,2025-02,South Yorkshire Police,South Yorkshire Police,-1.450656,53.595311,On or near Cherry Tree Grove,E01007434,Barnsley 001A,Possession of weapons,Investigation complete; no suspect identified,
2ebc6f9025aff9086cce7c8c2d3d2c27f444a0432479e3309ed65e1c7204c0ac,2025-02,South Yorkshire Police,South Yorkshire Police,-1.454483,53.598502,On or near B6428,E01007434,Barnsley 001A,Possession of weapons,Status update unavailable,
453ab6ac5fd19446ff2816ebd982c2cf75a1909eca2fd6729f5c0c57afdc1d4d,2025-02,South Yorkshire Police,South Yorkshire Police,-1.455543,53.598282,On or near Supermarket,E01007434,Barnsley 001A,Public order,Awaiting court outcome,
e5db0a2910c5cb40a11c481fc9bbf48f27fead5c4d43b1d35d5e5c817d477e8d,2025-02,South Yorkshire Police,South Yorkshire Police,-1.455543,53.598282,On or near Supermarket,E01007434,Barnsley 001A,Public order,Investigation complete; no suspect identified,
38a48c3912f88ec79aeb187f1f4604d41738458737cdc5b7eaecd8bf4718a2dc,2025-02,South Yorkshire Police,South Yorkshire Police,-1.454483,53.598502,On or near B6428,E01007434,Barnsley 001A,Public order,Investigation complete; no suspect identified,
3d4f9d4e4065292a60cbfb4941ab95ccec7bb9e2df617467dd06383622a97a4d,2025-02,South Yorkshire Police,South Yorkshire Police,-1.455543,53.598282,On or near Supermarket,E01007434,Barnsley 001A,Shoplifting,Awaiting court outcome,
987da10d2137cdeaf77d66ca037d4adadace714fa4adedacd3a72f2624cb5857,2025-02,South Yorkshire Police,South Yorkshire Police,-1.455543,53.598282,On or near Supermarket,E01007434,Barnsley 001A,Shoplifting,Investigation complete; no suspect identified,
fc95cc64d9fd04909411940de548be3e2381cbaca9da370e7460bcfeaabd5c9a,2025-02,South Yorkshire Police,South Yorkshire Police,-1.455543,53.598282,On or near Supermarket,E01007434,Barnsley 001A,Shoplifting,Awaiting court outcome,
a5b8a6ead125e9da3697c1a8f6b6290abd29ed7fb6dc19db16c7eff59277b7f0,2025-02,South Yorkshire Police,South Yorkshire Police,-1.455543,53.598282,On or near Supermarket,E01007434,Barnsley 001A,Shoplifting,Awaiting court outcome,
6d5e86709ac45fe10389ab83a4f09a070407942294ad42faf1cc26ed3f6c24bc,2025-02,South Yorkshire Police,South Yorkshire Police,-1.458135,53.597647,On or near Winmarith Court,E01007434,Barnsley 001A,Shoplifting,Investigation complete; no suspect identified,
0b799a86350224d491f5ee1341f2017b1ff5abccab943cf03076267e2dde3e0b,2025-02,South Yorkshire Police,South Yorkshire Police,-1.455543,53.598282,On or near Supermarket,E01007434,Barnsley 001A,Shoplifting,Investigation complete; no suspect identified,
977595acf984a0b2036d6de2d5a44bb5688cbfde4088934842f208cd20667d2d,2025-02,South Yorkshire Police,South Yorkshire Police,-1.455543,53.598282,On or near Supermarket,E01007434,Barnsley 001A,Shoplifting,Investigation complete; no suspect identified,
25119bf6fcfaaf1f5e658f2cb44f527fa48f1ba2f0f406d6591ec1c7d58bedf7,2025-02,South Yorkshire Police,South Yorkshire Police,-1.455543,53.598282,On or near Supermarket,E01007434,Barnsley 001A,Shoplifting,Investigation complete; no suspect identified,
9e10ae6af09c9a011ad5caac50cfed59febcb7b057a4166a91e2aeed2f8ae2c3,2025-02,South Yorkshire Police,South Yorkshire Police,-1.458135,53.597647,On or near Winmarith Court,E01007434,Barnsley 001A,Shoplifting,Awaiting court outcome,
2bce4a39f888ad9ef36d6c19fb86f19a90dd2b2f9cec8b157f4e4f91a3d78c0e,2025-02,South Yorkshire Police,South Yorkshire Police,-1.455543,53.598282,On or near Supermarket,E01007434,Barnsley 001A,Shoplifting,Investigation complete; no suspect identified,
400cdfca37c80b24e678b32b289dd64cc34f715dc94a5b1335252f09f5e5be86,2025-02,South Yorkshire Police,South Yorkshire Police,-1.455543,53.598282,On or near Supermarket,E01007434,Barnsley 001A,Shoplifting,Investigation complete; no suspect identified,
962d5a62b5c470cf5bff2eaea73ee29dd374ed0e2ee3a3cd50991ff28fe44486,2025-02,South Yorkshire Police,South Yorkshire Police,-1.455543,53.598282,On or near Supermarket,E01007434,Barnsley 001A,Shoplifting,Investigation complete; no suspect identified,
e95fc0ea819345511842dcf1db5ef5f536789776760dff1cac6eb8da9f8622ab,2025-02,South Yorkshire Police,South Yorkshire Police,-1.458135,53.597647,On or near Winmarith Court,E01007434,Barnsley 001A,Shoplifting,Awaiting court outcome,
97d071add45413af8b0adcbe90a6e9c8751294dd21f2813fb402ed804ae96df8,2025-02,South Yorkshire Police,South Yorkshire Police,-1.455543,53.598282,On or near Supermarket,E01007434,Barnsley 001A,Shoplifting,Investigation complete; no suspect identified,
f60e96fe4ec2db51601741f96e75730354ac25533f9d8490cc6389db4b2bced1,2025-02,South Yorkshire Police,South Yorkshire Police,-1.455543,53.598282,On or near Supermarket,E01007434,Barnsley 001A,Shoplifting,Investigation complete; no suspect identified,
0f179b6335a65e8b5a610b28c4f4292c58ef01fb03391bd5ca4c628513695e07,2025-02,South Yorkshire Police,South Yorkshire Police,-1.455543,53.598282,On or near Supermarket,E01007434,Barnsley 001A,Shoplifting,Investigation complete; no suspect identified,
6dd8bf9f2e265726260fae099662bae99f87b69c4d0f51a1bde147e6c1a214e5,2025-02,South Yorkshire Police,South Yorkshire Police,-1.455543,53.598282,On or near Supermarket,E01007434,Barnsley 001A,Shoplifting,Investigation complete; no suspect identified,
26ae79bd3921b699ad69c9f2853a458705d66a6da4ecd3c05f690ddc10bc3f01,2025-02,South Yorkshire Police,South Yorkshire Police,-1.455543,53.598282,On or near Supermarket,E01007434,Barnsley 001A,Shoplifting,Awaiting court outcome,
a312ea2dac3ac42dfffcca98662cef2b8bd53ad4c170bdfc3c1dc673e0de831b,2025-02,South Yorkshire Police,South Yorkshire Police,-1.455543,53.598282,On or near Supermarket,E01007434,Barnsley 001A,Shoplifting,Investigation complete; no suspect identified,
2241a469d40d1948fbc8e2178fb1c451487c3bd05c280eb6505af2963c04c110,2025-02,South Yorkshire Police,South Yorkshire Police,-1.455543,53.598282,On or near Supermarket,E01007434,Barnsley 001A,Shoplifting,Investigation complete; no suspect identified,
89693ee58bab5a21ac34bc60b2be43f1221fa3a466c6c7c6de85341766a02fc7,2025-02,South Yorkshire Police,South Yorkshire Police,-1.455543,53.598282,On or near Supermarket,E01007434,Barnsley 001A,Shoplifting,Awaiting court outcome,
9180cfdd53a6d20feb3cd427f92b4bb0d06bd03c17f236926f4bf5658f1bc051,2025-02,South Yorkshire Police,South Yorkshire Police,-1.458135,53.597647,On or near Winmarith Court,E01007434,Barnsley 001A,Shoplifting,Awaiting court outcome,
c60946463d453c38f315a535549cd4edfc304d2c0497db9aa882b3dd448dfbcc,2025-02,South Yorkshire Police,South Yorkshire Police,-1.455543,53.598282,On or near Supermarket,E01007434,Barnsley 001A,Shoplifting,Awaiting court outcome,
3016ec2702910d7f7d1d7be20d7b5c7855040f5f3777799454d5f5dff671ea0c,2025-02,South Yorkshire Police,South Yorkshire Police,-1.454483,53.598502,On or near B6428,E01007434,Barnsley 001A,Vehicle crime,Investigation complete; no suspect identified,
3f6e919e5651ecd2f859d1b27d50fe7edaf595f23193f172fd9d518ec86b34d6,2025-02,South Yorkshire Police,South Yorkshire Police,-1.448364,53.603076,On or near Hardwick Close,E01007434,Barnsley 001A,Violence and sexual offences,Unable to prosecute suspect,
be1cba98945c11bea94601ed050896a18812555fe87e0b3b57d792fbae55b867,2025-02,South Yorkshire Police,South Yorkshire Police,-1.448364,53.603076,On or near Hardwick Close,E01007434,Barnsley 001A,Violence and sexual offences,Unable to prosecute suspect,
b53223553ab266b9a4badec0332f06d4b403528d6e9654a9c7bd19779982cbb7,2025-02,South Yorkshire Police,South Yorkshire Police,-1.448367,53.601665,On or near Milgate Street,E01007434,Barnsley 001A,Violence and sexual offences,Unable to prosecute suspect,
d2557149fa74be0e1cce7f2f5d1abd79ca42aa948c37170e8375b3f4e285cb58,2025-02,South Yorkshire Police,South Yorkshire Police,-1.454991,53.597767,On or near New Street,E01007434,Barnsley 001A,Violence and sexual offences,Unable to prosecute suspect,
d896fe7e38aa12741c57cbdd8b9eceefc2f49e09f8b9c52ce944b045dc40bea6,2025-02,South Yorkshire Police,South Yorkshire Police,-1.449533,53.601517,On or near Strawberry Gardens,E01007434,Barnsley 001A,Other crime,Unable to prosecute suspect,
872874e1773033bca6f6326874efb236eafc8e0c9257f36966c725c597f46819,2025-02,South Yorkshire Police,South Yorkshire Police,-1.450879,53.602548,On or near Ruston Drive,E01007434,Barnsley 001A,Other crime,Unable to prosecute suspect,
,2025-02,South Yorkshire Police,South Yorkshire Police,-1.463517,53.598659,On or near Summer View,E01007435,Barnsley 001B,Anti-social behaviour,,
,2025-02,South Yorkshire Police,South Yorkshire Police,-1.464693,53.597604,On or near Manor Grove,E01007435,Barnsley 001B,Anti-social behaviour,,
,2025-02,South Yorkshire Police,South Yorkshire Police,-1.462518,53.597540,On or near Meadstead Drive,E01007435,Barnsley 001B,Anti-social behaviour,,
2a75d8f5ce04576b0fc7ff2ac50eee7111d485f50b551ae89e503b16f124a97f,2025-02,South Yorkshire Police,South Yorkshire Police,-1.461243,53.599242,On or near Boswell Close,E01007435,Barnsley 001B,Burglary,Investigation complete; no suspect identified,
9d436c820c1866e630823298e056e5c2dfd68336d5232b45092929257b625876,2025-02,South Yorkshire Police,South Yorkshire Police,-1.463514,53.595298,On or near Grange Road,E01007435,Barnsley 001B,Criminal damage and arson,Investigation complete; no suspect identified,
3a769540f54ad315a1e83b5844042f53225104508734ffc07a99a8840d5190a7,2025-02,South Yorkshire Police,South Yorkshire Police,-1.464693,53.597604,On or near Manor Grove,E01007435,Barnsley 001B,Criminal damage and arson,Investigation complete; no suspect identified,
efb5887397105037d7560d75b79f7fdea7bb565da6cfd69374fd14e16e2706a7,2025-02,South Yorkshire Police,South Yorkshire Police,-1.463517,53.598659,On or near Summer View,E01007435,Barnsley 001B,Other theft,Investigation complete; no suspect identified,
9927b34d800a9b856c488b2d4fff4934c1db887063f1da3391b9af9b6c085276,2025-02,South Yorkshire Police,South Yorkshire Police,-1.463517,53.598659,On or near Summer View,E01007435,Barnsley 001B,Other theft,Investigation complete; no suspect identified,
224b9708b5d89c60e703432efb5615405cdd9c5439f27a7d9cdce64643a275c3,2025-02,South Yorkshire Police,South Yorkshire Police,-1.456349,53.594340,On or near West Pinfold,E01007435,Barnsley 001B,Public order,Unable to prosecute suspect,
137e689bf080ff90a45f1a652362cdad4256038b195b66144fb4731a51c5ece4,2025-02,South Yorkshire Police,South Yorkshire Police,-1.462902,53.595906,On or near Doles Crescent,E01007435,Barnsley 001B,Public order,Awaiting court outcome,
16bf2ca2e1a80ae16c1f2d49b400a56c7ceaec479c3d95dfb2f2e1571e2a7d40,2025-02,South Yorkshire Police,South Yorkshire Police,-1.463517,53.598659,On or near Summer View,E01007435,Barnsley 001B,Robbery,Awaiting court outcome,
57227d5bd9cda8d3dd0e0d7dfc8fdfdb7b76085312c5c186619162fa86539a61,2025-02,South Yorkshire Police,South Yorkshire Police,-1.466560,53.598170,On or near West End Crescent,E01007435,Barnsley 001B,Violence and sexual offences,Unable to prosecute suspect,
64cab49ccfd9c7d2616dba011fa84949815096d74cb03a5a5595158d81e32005,2025-02,South Yorkshire Police,South Yorkshire Police,-1.456349,53.594340,On or near West Pinfold,E01007435,Barnsley 001B,Violence and sexual offences,Unable to prosecute suspect,
120030f404b2a0694db68b01b272c4da822557e9ea1d644642c356c53edecb74,2025-02,South Yorkshire Police,South Yorkshire Police,-1.463517,53.598659,On or near Summer View,E01007435,Barnsley 001B,Violence and sexual offences,Investigation complete; no suspect identified,
421bfa03252fe8fcca7c7d650d56660727a55d7472a7c5cb686de7048416f17f,2025-02,South Yorkshire Police,South Yorkshire Police,-1.458650,53.599959,On or near Parking Area,E01007438,Barnsley 001C,Burglary,Investigation complete; no suspect identified,
30aa0dec584381a58b0e7f59188bf43afb6b3f6537fb2402b88d5d7add6b78dd,2025-02,South Yorkshire Police,South Yorkshire Police,-1.457853,53.601951,On or near Station Road,E01007438,Barnsley 001C,Criminal damage and arson,Unable to prosecute suspect,
108687816d917e333776b1e65d02341e83c042dd6249d8d7bd52dd6582b60b2c,2025-02,South Yorkshire Police,South Yorkshire Police,-1.457853,53.601951,On or near Station Road,E01007438,Barnsley 001C,Criminal damage and arson,Investigation complete; no suspect identified,
e0a702abc447fed79ddb2e743382d7e3c81cfda9429fa5edf74e0a860d0ca40b,2025-02,South Yorkshire Police,South Yorkshire Police,-1.457853,53.601951,On or near Station Road,E01007438,Barnsley 001C,Public order,Unable to prosecute suspect,
82623e7d180a5e88c236716b88532cbbf52ffd683c72f3552ded2f4cdfec9942,2025-02,South Yorkshire Police,South Yorkshire Police,-1.457853,53.601951,On or near Station Road,E01007438,Barnsley 001C,Public order,Unable to prosecute suspect,
ca203028af444a259f580137fc5523a3ad8ae1d6696a57fe47508926af36e5a0,2025-02,South Yorkshire Police,South Yorkshire Police,-1.463193,53.602730,On or near Summer Lane,E01007438,Barnsley 001C,Vehicle crime,Unable to prosecute suspect,
444b09dde3b068275f1beb865fe4f676b61e6d3c5f3ae0c875c7598b577bc810,2025-02,South Yorkshire Police,South Yorkshire Police,-1.461299,53.601939,On or near Cranford Gardens,E01007438,Barnsley 001C,Violence and sexual offences,Unable to prosecute suspect,
c6c2a6ff7f4a86dbccb75b1fa69a78829d17c4038ee13630d0756a07eb2fa9e2,2025-02,South Yorkshire Police,South Yorkshire Police,-1.458661,53.601397,On or near Newtown Avenue,E01007438,Barnsley 001C,Violence and sexual offences,Unable to prosecute suspect,
e645443bfa67c7b75fea7793a010e4ebd740d469e46a36e04a456d455fb56293,2025-02,South Yorkshire Police,South Yorkshire Police,-1.458661,53.601397,On or near Newtown Avenue,E01007438,Barnsley 001C,Violence and sexual offences,Unable to prosecute suspect,
998f7a9c76023efd0313818bf36a8967156989b29013ad5a48c34f1825142fcf,2025-02,South Yorkshire Police,South Yorkshire Police,-1.458661,53.601397,On or near Newtown Avenue,E01007438,Barnsley 001C,Violence and sexual offences,Unable to prosecute suspect,
b114db32982d4541599191d2c17b6dca405747266f9345e0d051e701e211059a,2025-02,South Yorkshire Police,South Yorkshire Police,-1.458661,53.601397,On or near Newtown Avenue,E01007438,Barnsley 001C,Violence and sexual offences,Status update unavailable,
ad1f023cca4b2b632150acdad59ce40ca0b51c3a53e3486d1c29fd4e0e772687,2025-02,South Yorkshire Police,South Yorkshire Police,-1.458661,53.601397,On or near Newtown Avenue,E01007438,Barnsley 001C,Violence and sexual offences,Unable to prosecute suspect,
dda59ddc8d64903791c200ec235559ebd317e4c2695ca3b31dfd77a804c69b45,2025-02,South Yorkshire Police,South Yorkshire Police,-1.458644,53.599213,On or near Oakwood Crescent,E01007438,Barnsley 001C,Violence and sexual offences,Unable to prosecute suspect,
789c6f7be6c63efa6ccc18459a0c28ee76d5173c4086e881783150d3294976d9,2025-02,South Yorkshire Police,South Yorkshire Police,-1.470776,53.598135,On or near Lee Lane,E01007439,Barnsley 001D,Other theft,Investigation complete; no suspect identified,
3a193070fe6775fdd7dc1dc5b68d13be596db8ce17287b1e03fee1f5eb124e55,2025-02,South Yorkshire Police,South Yorkshire Police,-1.465752,53.599946,On or near Chevet View,E01007439,Barnsley 001D,Violence and sexual offences,Status update unavailable,
0d177a02019c0a8078b24cf4e29f203b0ed70888d1c4950d40fb1f2724fb0ebf,2025-02,South Yorkshire Police,South Yorkshire Police,-1.473375,53.598173,On or near Oriel Way,E01007439,Barnsley 001D,Violence and sexual offences,Unable to prosecute suspect,
,2025-02,South Yorkshire Police,South Yorkshire Police,-1.437577,53.600554,On or near Lund Hill Lane,E01007433,Barnsley 002A,Anti-social behaviour,,
,2025-02,South Yorkshire Police,South Yorkshire Police,-1.437577,53.600554,On or near Lund Hill Lane,E01007433,Barnsley 002A,Anti-social behaviour,,
92c78be1d4b55e84829c8e48a57ab64038f7e30a6dcca62a2bf197b122ecd269,2025-02,South Yorkshire Police,South Yorkshire Police,-1.442670,53.598223,On or near Meadow Court,E01007433,Barnsley 002A,Burglary,Investigation complete; no suspect identified,
239c7f382c41bf4d1b2e20aed6d19cd95d69a12aafe2d9680bad3e663ef6e8e3,2025-02,South Yorkshire Police,South Yorkshire Police,-1.438883,53.595482,On or near Elmbridge Close,E01007433,Barnsley 002A,Burglary,Investigation complete; no suspect identified,
2aebc7c361c45b7ce9f8354f0dc664b4399f33b4c91a33e75ceb8bd4f3e9493c,2025-02,South Yorkshire Police,South Yorkshire Police,-1.448576,53.600704,On or near Rowland Street,E01007433,Barnsley 002A,Public order,Unable to prosecute suspect,
dadb5cf8335a5bcdaf8019971a4ea576b71d623947e2c14ead8aaa258ace02ee,2025-02,South Yorkshire Police,South Yorkshire Police,-1.440934,53.596929,On or near Calder Avenue,E01007433,Barnsley 002A,Violence and sexual offences,Investigation complete; no suspect identified,
17b25875b2cce0f197874e4d576b9b0ba54a542b94100e8c583246c6e3677767,2025-02,South Yorkshire Police,South Yorkshire Police,-1.439588,53.599305,On or near Caldervale,E01007433,Barnsley 002A,Violence and sexual offences,Unable to prosecute suspect,
49f5c9ca879786bc7b9a0f7da5f721e9292eea5af7e67257faf00d3f604b5f6e,2025-02,South Yorkshire Police,South Yorkshire Police,-1.439877,53.598021,On or near Cross Lane,E01007433,Barnsley 002A,Violence and sexual offences,Status update unavailable,
771ceca5226d7fb52c13d76034f4b56674946c150e02ee888906211ec0359dd6,2025-02,South Yorkshire Police,South Yorkshire Police,-1.439877,53.598021,On or near Cross Lane,E01007433,Barnsley 002A,Violence and sexual offences,Unable to prosecute suspect,
14b0243e8e5ba8c788e7d226f3b4853ebf28b062c7a75303db46ed1256fba617,2025-02,South Yorkshire Police,South Yorkshire Police,-1.447079,53.586882,On or near Far Lawns,E01007436,Barnsley 002B,Drugs,Status update unavailable,
771bb8052dfd41b367a36db64be01ef878f6799c5e6056eaa6ff37e6d8e6f7a9,2025-02,South Yorkshire Police,South Yorkshire Police,-1.454541,53.595113,On or near Field View,E01007436,Barnsley 002B,Violence and sexual offences,Unable to prosecute suspect,
ccbcf7653c5aa248619acaad9c8d8df6150592890ae3c1a37c5527fa8af09a75,2025-02,South Yorkshire Police,South Yorkshire Police,-1.445352,53.584968,On or near Wharncliffe Court,E01007436,Barnsley 002B,Violence and sexual offences,Status update unavailable,
2271658c463d956c14e4f6b57a0c8465b251c175533c985ceaff65084e9b3f08,2025-02,South Yorkshire Police,South Yorkshire Police,-1.445352,53.584968,On or near Wharncliffe Court,E01007436,Barnsley 002B,Violence and sexual offences,Unable to prosecute suspect,
303201510152afce97d5b3e4c207fd43bf400d5689746fab600c4cf43d171a99,2025-02,South Yorkshire Police,South Yorkshire Police,-1.447975,53.587659,On or near Cronkhill Lane,E01007436,Barnsley 002B,Other crime,Investigation complete; no suspect identified,
17b801ed6859887fb383b4e643e68a1d9bb6a89946d88ef34523b728aa9761d8,2025-02,South Yorkshire Police,South Yorkshire Police,-1.454755,53.586746,On or near Bramah Street,E01007437,Barnsley 002C,Criminal damage and arson,Unable to prosecute suspect,
fe03df8a9cbcd0aad7cabec15cb44d75df0783fe3a55024751b320ef1b1036dc,2025-02,South Yorkshire Police,South Yorkshire Police,-1.452623,53.586862,On or near Newman Avenue,E01007437,Barnsley 002C,Criminal damage and arson,Investigation complete; no suspect identified,
4601b7668963d08b1fbe2915e41782e079bb0a522f0dca93a454f1daf618b867,2025-02,South Yorkshire Police,South Yorkshire Police,-1.452623,53.586862,On or near Newman Avenue,E01007437,Barnsley 002C,Criminal damage and arson,Investigation complete; no suspect identified,
d6b192b273d1a0d12ace29d547280801aeac6c538745b0e8d2c6b318cd377476,2025-02,South Yorkshire Police,South Yorkshire Police,-1.452453,53.583698,On or near Carlton Road,E01007437,Barnsley 002C,Other theft,Investigation complete; no suspect identified,
383c20f802b17e019d521ef14d037afd861cc5fba9e7bddbc22b5d6153fac8e2,2025-02,South Yorkshire Police,South Yorkshire Police,-1.460548,53.581415,On or near Middlewoods Way,E01007437,Barnsley 002C,Other theft,Investigation complete; no suspect identified,
ee4a4681cd801024972e2caa17aa903d56947af385ca227d8047c5b6e8a6b660,2025-02,South Yorkshire Police,South Yorkshire Police,-1.453133,53.587188,On or near Briggs Road,E01007437,Barnsley 002C,Other theft,Investigation complete; no suspect identified,
6636675821f813b87ad5315db482ae7f4a42ee8063c55ce3f15f34bdd66e62b4,2025-02,South Yorkshire Police,South Yorkshire Police,-1.453049,53.583125,On or near Petrol Station,E01007437,Barnsley 002C,Public order,Unable to prosecute suspect,
e6a99b95706d61570e70431dfe6757221d22614cbb45da79381e3842661ab7c9,2025-02,South Yorkshire Police,South Yorkshire Police,-1.449199,53.585319,On or near Spring Lane,E01007437,Barnsley 002C,Public order,Unable to prosecute suspect,
22735139e70a024f9fe23cfd3a8c0eaf26000472aea7b904d1dfd8be9fe60b7b,2025-02,South Yorkshire Police,South Yorkshire Police,-1.453009,53.583096,On or near Supermarket,E01007437,Barnsley 002C,Public order,Investigation complete; no suspect identified,
1266685ca61a194d2969a67e83561fd1c05e45f00d64d7b17e31b98ec8e9bafc,2025-02,South Yorkshire Police,South Yorkshire Police,-1.453049,53.583125,On or near Petrol Station,E01007437,Barnsley 002C,Shoplifting,Investigation complete; no suspect identified,
976159433b7874887015eae145d4bf3569cc26dfb338b2369e4dc0bbf516bcd1,2025-02,South Yorkshire Police,South Yorkshire Police,-1.454016,53.585440,On or near Salter Oak Croft,E01007437,Barnsley 002C,Vehicle crime,Investigation complete; no suspect identified,
d76c737026ad94ad9e58f7d6cf4004beea01293d56ef44be2adc05107257071f,2025-02,South Yorkshire Police,South Yorkshire Police,-1.447069,53.581857,On or near Manor Street,E01007437,Barnsley 002C,Violence and sexual offences,Unable to prosecute suspect,
3b7f8e0ff1bc9dc2166bfb49a3b9bf4e431e8fd88ee628386d443bb91c30ca71,2025-02,South Yorkshire Police,South Yorkshire Police,-1.451805,53.587083,On or near Ridgeway Crescent,E01007437,Barnsley 002C,Violence and sexual offences,Unable to prosecute suspect,
50cfc882000e702a9ffbd85025201e2af25236aeb5516c61e2205ab508d731cd,2025-02,South Yorkshire Police,South Yorkshire Police,-1.452347,53.584866,On or near Springbank Close,E01007437,Barnsley 002C,Other crime,Investigation complete; no suspect identified,
,2025-02,South Yorkshire Police,South Yorkshire Police,-1.445038,53.598530,On or near Park View,E01007440,Barnsley 002D,Anti-social behaviour,,
6e3b7b5a9515a6f6f2a1ac92ab1bb90716f0ffea1a3abbfb8a8eefcafac9f982,2025-02,South Yorkshire Police,South Yorkshire Police,-1.447579,53.600645,On or near Midland Road,E01007440,Barnsley 002D,Burglary,Investigation complete; no suspect identified,
2619eefb2cee26ca8e58788589e2a6db3edc9224859fb0841ebf7fb3fbbce92b,2025-02,South Yorkshire Police,South Yorkshire Police,-1.446781,53.601612,On or near Victoria Road,E01007440,Barnsley 002D,Criminal damage and arson,Unable to prosecute suspect,
2078077bc5124608a334d650aa32d604e44c49a72b5fe465867989682d8a35d5,2025-02,South Yorkshire Police,South Yorkshire Police,-1.444531,53.602645,On or near Jubilee Gardens,E01007440,Barnsley 002D,Other theft,Investigation complete; no suspect identified,
db5567db38e7d51873cd3021d86e42d43e9815a98d0c5215a6ac14a6f39f6125,2025-02,South Yorkshire Police,South Yorkshire Police,-1.447579,53.600645,On or near Midland Road,E01007440,Barnsley 002D,Shoplifting,Awaiting court outcome,
555b5506a9b1d7fe992e6a47d9bbc8af3f95e67e8018b332b8d50f179b4e6952,2025-02,South Yorkshire Police,South Yorkshire Police,-1.447731,53.601779,On or near Filey Avenue,E01007440,Barnsley 002D,Violence and sexual offences,Investigation complete; no suspect identified,
4d72c4e6024e3e2e30648ff44477e25d374c57a68c67995c8f40ffd144f75296,2025-02,South Yorkshire Police,South Yorkshire Police,-1.447579,53.600645,On or near Midland Road,E01007440,Barnsley 002D,Violence and sexual offences,Unable to prosecute suspect,
4331fe3e79de92faee1a1675e7a2032187f94de489fad1f00cf2228488ffccfa,2025-02,South Yorkshire Police,South Yorkshire Police,-1.444531,53.602645,On or near Jubilee Gardens,E01007440,Barnsley 002D,Violence and sexual offences,Unable to prosecute suspect,
c522d4e22bd9f792ac306be8cabb38d6f641ee07e8d0dabec0c2d37d4ecc4821,2025-02,South Yorkshire Police,South Yorkshire Police,-1.447579,53.600645,On or near Midland Road,E01007440,Barnsley 002D,Violence and sexual offences,Status update unavailable,
a241dbc07329384d7481aa82bb82b164c0e196d2160e4aa076a28c624838bd60,2025-02,South Yorkshire Police,South Yorkshire Police,-1.446781,53.601612,On or near Victoria Road,E01007440,Barnsley 002D,Violence and sexual offences,Unable to prosecute suspect,
afe477420d42b7f0e0b69baefc6f0183f3f194eb00dd1d0bc7bda595c5a78878,2025-02,South Yorkshire Police,South Yorkshire Police,-1.446781,53.601612,On or near Victoria Road,E01007440,Barnsley 002D,Violence and sexual offences,Unable to prosecute suspect,
edd50473816e8ad4bc7a428eec2f92bbe177d176a81b1643cf0e0c0120c490a6,2025-02,South Yorkshire Police,South Yorkshire Police,-1.447579,53.600645,On or near Midland Road,E01007440,Barnsley 002D,Violence and sexual offences,Unable to prosecute suspect,
d2ad8992b43f3774ab3490ee29afd7115cf4b3bb191d7f3e0b5363b63827953b,2025-02,South Yorkshire Police,South Yorkshire Police,-1.444890,53.601756,On or near West Street,E01007440,Barnsley 002D,Violence and sexual offences,Unable to prosecute suspect,
2039bed7fe14c6aecec264faffccce52a8160c852c4fc478b6899854e847d2c7,2025-02,South Yorkshire Police,South Yorkshire Police,-1.442756,53.602043,On or near Poplar Terrace,E01007440,Barnsley 002D,Violence and sexual offences,Awaiting court outcome,
150573b8ec8645b566d748708139da4d40c8c2a034f09ab66264cb32a9169581,2025-02,South Yorkshire Police,South Yorkshire Police,-1.442756,53.602043,On or near Poplar Terrace,E01007440,Barnsley 002D,Violence and sexual offences,Awaiting court outcome,
6bc3acd5d386f83f51f1dd0b53b0674bc51302e50371ac48b152e1979f5cfcc7,2025-02,South Yorkshire Police,South Yorkshire Police,-1.415272,53.597328,On or near Queens Drive,E01007329,Barnsley 003A,Vehicle crime,Investigation complete; no suspect identified,
68f43015f2c99feff230089eea28726bce72ef9ebb87ea6c20a553f533781745,2025-02,South Yorkshire Police,South Yorkshire Police,-1.411655,53.594470,On or near Lidgate Lane,E01007329,Barnsley 003A,Violence and sexual offences,Investigation complete; no suspect identified,
f7dc9a0f012fb22d1abecb271b27a40d7e6ab9132de2f47e67504d64e5a702bf,2025-02,South Yorkshire Police,South Yorkshire Police,-1.415272,53.597328,On or near Queens Drive,E01007329,Barnsley 003A,Violence and sexual offences,Awaiting court outcome,
72b20c3adbac550cf0b1face58fad0e6259904a5548fba3f0165c34f242fe9e7,2025-02,South Yorkshire Police,South Yorkshire Police,-1.411912,53.598876,On or near The Green View,E01007329,Barnsley 003A,Violence and sexual offences,Unable to prosecute suspect,
acfcf11ef05b162d8f0f266e9b630dd2353f39789ffb5edab31b962391cf196e,2025-02,South Yorkshire Police,South Yorkshire Police,-1.410208,53.593160,On or near Manor View,E01007329,Barnsley 003A,Violence and sexual offences,Awaiting court outcome,
906275a258905be90f025e1e1c4f33e5cc38c27d35aea55e2450c8fe50faf986,2025-02,South Yorkshire Police,South Yorkshire Police,-1.415272,53.597328,On or near Queens Drive,E01007329,Barnsley 003A,Other crime,Unable to prosecute suspect,
26194bd26c7b751c9a984844779af51f49c72491bb233c5d6f113ea9d151face,2025-02,South Yorkshire Police,South Yorkshire Police,-1.415272,53.597328,On or near Queens Drive,E01007329,Barnsley 003A,Other crime,Unable to prosecute suspect,
,2025-02,South Yorkshire Police,South Yorkshire Police,-1.401635,53.591490,On or near Beech Road,E01007331,Barnsley 003B,Anti-social behaviour,,
450e96e8ffebb5ee351c6828facf24b27d3d07fca82619377ca62fd423651100,2025-02,South Yorkshire Police,South Yorkshire Police,-1.407665,53.593489,On or near Belvedere Close,E01007331,Barnsley 003B,Burglary,Investigation complete; no suspect identified,
7e84f3c260d745412cbed6f6459be71ea74749c40e4eabda9db02486264d60fe,2025-02,South Yorkshire Police,South Yorkshire Police,-1.401635,53.591490,On or near Beech Road,E01007331,Barnsley 003B,Criminal damage and arson,Investigation complete; no suspect identified,
9dfc24c03f80e70f6cbe9cfe4aae7b9bebb878c57c5832d44cb0e91bb85147b1,2025-02,South Yorkshire Police,South Yorkshire Police,-1.403265,53.589467,On or near Tollgate Close,E01007331,Barnsley 003B,Other theft,Investigation complete; no suspect identified,
e758e435c751e1b7e4c26480bef4edfb64dd4c26bcec5913dadb3ba100b92be3,2025-02,South Yorkshire Police,South Yorkshire Police,-1.407756,53.592383,On or near High Street,E01007331,Barnsley 003B,Shoplifting,Investigation complete; no suspect identified,
409621bab65fc8fdccf2cc82853d00efa94ee04d260afc223a9106e3680940c6,2025-02,South Yorkshire Police,South Yorkshire Police,-1.404223,53.589004,On or near Hazledene Road,E01007331,Barnsley 003B,Violence and sexual offences,Status update unavailable,
f804c5a6c9ba998e2e7f59f3cb6d05605a0fe74c12bbddd796d6fef8148e47eb,2025-02,South Yorkshire Police,South Yorkshire Police,-1.405876,53.594999,On or near Meadow Croft,E01007331,Barnsley 003B,Violence and sexual offences,Status update unavailable,
56b78b3139c535eac3b16a58a1fca17584b2d09cb8d41606223c50923541e447,2025-02,South Yorkshire Police,South Yorkshire Police,-1.403764,53.588337,On or near Hazledene Crescent,E01007331,Barnsley 003B,Violence and sexual offences,Local resolution,
ef62e9378e90da119a6f1ec0c72f7c0b84b9351cb8ba80c69d859a94f7182137,2025-02,South Yorkshire Police,South Yorkshire Police,-1.403619,53.591113,On or near Ash Road,E01007331,Barnsley 003B,Violence and sexual offences,Unable to prosecute suspect,
fb22e6fe700d1e749c7722e0179072702cf7f73741dfc96307ef094218254f4c,2025-02,South Yorkshire Police,South Yorkshire Police,-1.409510,53.585804,On or near Pontefract Road,E01007342,Barnsley 003C,Violence and sexual offences,Unable to prosecute suspect,
f2449d2f6c6824ebb4d3a63b5ecbeab3da9a9730860b091d081d8897ff205208,2025-02,South Yorkshire Police,South Yorkshire Police,-1.411911,53.586930,On or near Clifford Street,E01007342,Barnsley 003C,Violence and sexual offences,Unable to prosecute suspect,
2455d8e0ef3af583f588af0beaecb6129733bda281973bf5b2b69491c1b468ef,2025-02,South Yorkshire Police,South Yorkshire Police,-1.411351,53.584833,On or near Pontefract Road,E01007342,Barnsley 003C,Other crime,Further investigation is not in the public interest,
,2025-02,South Yorkshire Police,South Yorkshire Police,-1.419500,53.582140,On or near Cudworth Parkway,E01007343,Barnsley 003D,Anti-social behaviour,,
7ee13076bf957c9f8c4308723a8dec9ba820fcf315729cfaf336bcc0573ad642,2025-02,South Yorkshire Police,South Yorkshire Police,-1.415272,53.582057,On or near Sidcop Road,E01007343,Barnsley 003D,Burglary,Investigation complete; no suspect identified,
402b90fda9abea07624995a908f4a1ff64874a79a644a8558575a4731761ed58,2025-02,South Yorkshire Police,South Yorkshire Police,-1.411901,53.583272,On or near Montague Street,E01007343,Barnsley 003D,Criminal damage and arson,Investigation complete; no suspect identified,
ad9ccdde3dea048e9fbb2dc5e79d07c9d615c391aad4e623033e66599e8995a2,2025-02,South Yorkshire Police,South Yorkshire Police,-1.410282,53.584594,On or near Charles Street,E01007343,Barnsley 003D,Possession of weapons,Unable to prosecute suspect,
4d3ceb135c9c54414a826b41d0e787f455d5a25c36c655d7250f502838843001,2025-02,South Yorkshire Police,South Yorkshire Police,-1.411975,53.585618,On or near Albert Street,E01007343,Barnsley 003D,Violence and sexual offences,Unable to prosecute suspect,
d70674fa77b4735733ce6e28231ed360efbc8d092c24cf2011287289a2ae4762,2025-02,South Yorkshire Police,South Yorkshire Police,-1.415221,53.582470,On or near Newington Avenue,E01007343,Barnsley 003D,Violence and sexual offences,Unable to prosecute suspect,
c308f2e7a1ccf7e78059b05ef53a5243ac4f0b97389141bdaea71ce0c6ab5f86,2025-02,South Yorkshire Police,South Yorkshire Police,-1.411975,53.585618,On or near Albert Street,E01007343,Barnsley 003D,Other crime,Unable to prosecute suspect,
,2025-02,South Yorkshire Police,South Yorkshire Police,-1.496699,53.589770,On or near Paddock Close,E01007356,Barnsley 004A,Anti-social behaviour,,
59de61d673aa634a2af48001916f862528172e64236bf38ea0b966be9b282872,2025-02,South Yorkshire Police,South Yorkshire Police,-1.496506,53.590740,On or near Petrol Station,E01007356,Barnsley 004A,Other theft,Unable to prosecute suspect,
b203c12f76b0198f45b2845eb4cb8814aaa7f0625076b4e9e63e0306fbec44cb,2025-02,South Yorkshire Police,South Yorkshire Police,-1.499058,53.589600,On or near Cherry Tree Close,E01007356,Barnsley 004A,Vehicle crime,Unable to prosecute suspect,
36c4ad4cd657bd2e1e10632e1f0171036bbbac7c511f6aaa7edf2057a4706a0a,2025-02,South Yorkshire Police,South Yorkshire Police,-1.499058,53.589600,On or near Cherry Tree Close,E01007356,Barnsley 004A,Vehicle crime,Investigation complete; no suspect identified,
e48c25851516f074da548a0f4de298f6ed3856c722e75293c97aead4c7a17e8b,2025-02,South Yorkshire Police,South Yorkshire Police,-1.497737,53.588840,On or near Hall Grove,E01007356,Barnsley 004A,Violence and sexual offences,Unable to prosecute suspect,
f57fde157b6bc6dfe4dd818b80de436be04522c2686a16f6ae8d5cd7ba93a62f,2025-02,South Yorkshire Police,South Yorkshire Police,-1.496506,53.590740,On or near Petrol Station,E01007356,Barnsley 004A,Violence and sexual offences,Unable to prosecute suspect,
8903bf85ffdd7e528060fb348921e694430044c7985e08da1c75b91524fc785b,2025-02,South Yorkshire Police,South Yorkshire Police,-1.506157,53.589684,On or near The Views,E01007356,Barnsley 004A,Violence and sexual offences,Unable to prosecute suspect,
c3e78f518516ba4552c91d2ff5c3fa7757a79c16470d0fd3749dcc24e208812b,2025-02,South Yorkshire Police,South Yorkshire Police,-1.497737,53.588840,On or near Hall Grove,E01007356,Barnsley 004A,Violence and sexual offences,Unable to prosecute suspect,
2ddf40087a9b3f1d2ae807287dc2145d65e9ffca09d5af8fa1ce573941300d84,2025-02,South Yorkshire Police,South Yorkshire Police,-1.500665,53.587791,On or near Greenside Avenue,E01007356,Barnsley 004A,Violence and sexual offences,Unable to prosecute suspect,
,2025-02,South Yorkshire Police,South Yorkshire Police,-1.507388,53.591630,On or near Moorcrest Rise,E01007357,Barnsley 004B,Anti-social behaviour,,
,2025-02,South Yorkshire Police,South Yorkshire Police,-1.504091,53.586790,On or near Wellgate,E01007357,Barnsley 004B,Anti-social behaviour,,
,2025-02,South Yorkshire Police,South Yorkshire Police,-1.508862,53.587043,On or near Long Croft,E01007357,Barnsley 004B,Anti-social behaviour,,
4e30a866bd15d9d3806bcfc123877ddb8780b1aaa131a365beb5537fc67ea3a2,2025-02,South Yorkshire Police,South Yorkshire Police,-1.503739,53.588460,On or near Zion Drive,E01007357,Barnsley 004B,Criminal damage and arson,Investigation complete; no suspect identified,
74c0e4cb9f93c9520dce4767d6f866d45742b8216fb2702abf78610744a6d899,2025-02,South Yorkshire Police,South Yorkshire Police,-1.504091,53.586790,On or near Wellgate,E01007357,Barnsley 004B,Other theft,Awaiting court outcome,
1e86e3364b3abb6c8437d32c43ad7abd5ac998268d1fd89e28f2d71f559dd307,2025-02,South Yorkshire Police,South Yorkshire Police,-1.508862,53.587043,On or near Long Croft,E01007357,Barnsley 004B,Violence and sexual offences,Status update unavailable,
44d593c62890e73ac09d9c04fe0f58fc45098465a1e7b956459f2e32fe102667,2025-02,South Yorkshire Police,South Yorkshire Police,-1.510433,53.586987,On or near Croft Close,E01007357,Barnsley 004B,Violence and sexual offences,Unable to prosecute suspect,
86abcab8993988fb909851af8d9e963bafbf1c7498585866adaf3d2b425b8c73,2025-02,South Yorkshire Police,South Yorkshire Police,-1.508513,53.588417,On or near Longfield Drive,E01007357,Barnsley 004B,Violence and sexual offences,Local resolution,
23852c8b619b6b88748cfec5b95cafc1e531d52d4f473efa7e0cbd2d48d30f2c,2025-02,South Yorkshire Police,South Yorkshire Police,-1.508862,53.587043,On or near Long Croft,E01007357,Barnsley 004B,Violence and sexual offences,Unable to prosecute suspect,
,2025-02,South Yorkshire Police,South Yorkshire Police,-1.507447,53.582660,On or near Malincroft,E01007361,Barnsley 004C,Anti-social behaviour,,
f67c99cfc71d9986e518bac801447e98ff8117a6a0ab300ea2c1a1f3e617312a,2025-02,South Yorkshire Police,South Yorkshire Police,-1.506541,53.583915,On or near Spark Lane,E01007361,Barnsley 004C,Criminal damage and arson,Investigation complete; no suspect identified,
e55c3d33d91fe80524db1937260006c9048264595ef774b0a7d4ce3d7b9529b7,2025-02,South Yorkshire Police,South Yorkshire Police,-1.505503,53.586176,On or near Towngate,E01007361,Barnsley 004C,Other theft,Investigation complete; no suspect identified,
32f4b747bf35bbc579bb1a79d74f2e29f5cec739905a2d0b6907fd72ad6e6eec,2025-02,South Yorkshire Police,South Yorkshire Police,-1.500018,53.584779,On or near Supermarket,E01007361,Barnsley 004C,Shoplifting,Investigation complete; no suspect identified,
481e9947d1d99caa63a49773e5cdfd59774108d06455891def3ab3cd43c8e7e7,2025-02,South Yorkshire Police,South Yorkshire Police,-1.500018,53.584779,On or near Supermarket,E01007361,Barnsley 004C,Shoplifting,Investigation complete; no suspect identified,
03132862b66944ef8bf5050ea8343bd38813d355284087b57b0cc99270dabb01,2025-02,South Yorkshire Police,South Yorkshire Police,-1.500018,53.584779,On or near Supermarket,E01007361,Barnsley 004C,Shoplifting,Investigation complete; no suspect identified,
1e1ff8a1941f62a5b58a17bcfa48108d7a82593cfc7e4fb35483cd42878c3042,2025-02,South Yorkshire Police,South Yorkshire Police,-1.500018,53.584779,On or near Supermarket,E01007361,Barnsley 004C,Shoplifting,Investigation complete; no suspect identified,
add3cc558f95fa2a7a76a1e55f687037c55d8ca8e11fa8df19f520eb3fa9c94d,2025-02,South Yorkshire Police,South Yorkshire Police,-1.505066,53.582246,On or near Hewer Way,E01007361,Barnsley 004C,Vehicle crime,Investigation complete; no suspect identified,
8ce1e82d4e43dcec6aafbb8e0b69049e1acc1013795855c17e1e512aea5d1a1a,2025-02,South Yorkshire Police,South Yorkshire Police,-1.500698,53.586326,On or near School Street,E01007361,Barnsley 004C,Violence and sexual offences,Unable to prosecute suspect,
f8d51b57c8ea987801adbb4d11fa8fff00120f30cfec6c33b231726f8e58a0cd,2025-02,South Yorkshire Police,South Yorkshire Police,-1.502639,53.585687,On or near Parking Area,E01007361,Barnsley 004C,Violence and sexual offences,Unable to prosecute suspect,
,2025-02,South Yorkshire Police,South Yorkshire Police,-1.503100,53.582400,On or near Collier Way,E01007362,Barnsley 004D,Anti-social behaviour,,
,2025-02,South Yorkshire Police,South Yorkshire Police,-1.503100,53.582400,On or near Collier Way,E01007362,Barnsley 004D,Anti-social behaviour,,
,2025-02,South Yorkshire Police,South Yorkshire Police,-1.499377,53.581737,On or near Carr Green Lane,E01007362,Barnsley 004D,Anti-social behaviour,,
,2025-02,South Yorkshire Police,South Yorkshire Police,-1.497595,53.585532,On or near Park Close,E01007362,Barnsley 004D,Anti-social behaviour,,
9a231a42db721162d1db7a824b4b85633bbafca893b7cc637baa5f788e29cabf,2025-02,South Yorkshire Police,South Yorkshire Police,-1.489915,53.583549,On or near Eastfield Close,E01007362,Barnsley 004D,Public order,Unable to prosecute suspect,
b8019a89d1e5b894a80979e3f45313ce1dc8006651b50e521f0845217db6dbd9,2025-02,South Yorkshire Police,South Yorkshire Police,-1.497044,53.581044,On or near Hill End Close,E01007362,Barnsley 004D,Vehicle crime,Investigation complete; no suspect identified,
3ba50d663d1ad54d186ee86095320d76e06210b624bbf725c9e3762cf1e89c5d,2025-02,South Yorkshire Police,South Yorkshire Police,-1.513555,53.595359,On or near Keswick Road,E01007363,Barnsley 004E,Criminal damage and arson,Unable to prosecute suspect,
c8515abc98a039779a21c97391d31855621750e8719a8a53bfdc12c33098503b,2025-02,South Yorkshire Police,South Yorkshire Police,-1.513555,53.595359,On or near Keswick Road,E01007363,Barnsley 004E,Criminal damage and arson,Unable to prosecute suspect,
ffd372753752f7ca77a1aed95d6af2725aea1ad39f3299b33ba11f4e99e7dad5,2025-02,South Yorkshire Police,South Yorkshire Police,-1.512464,53.589045,On or near Alder Close,E01007363,Barnsley 004E,Other theft,Investigation complete; no suspect identified,
918140584ebf6a705db3b58740570d326cabb703ecfab0aaf82068a91053317c,2025-02,South Yorkshire Police,South Yorkshire Police,-1.515387,53.596373,On or near Windhill Crescent,E01007363,Barnsley 004E,Public order,Unable to prosecute suspect,
3977526507c388584dd32b885f14305c3be5a890732403b18896142446465ac1,2025-02,South Yorkshire Police,South Yorkshire Police,-1.510779,53.588444,On or near Maple Road,E01007363,Barnsley 004E,Public order,Awaiting court outcome,
6d91ab3e8c0819adf711e2e6161840f2942b9df0257181491fd14440c095a08c,2025-02,South Yorkshire Police,South Yorkshire Police,-1.525986,53.595732,On or near Bluebell Road,E01007363,Barnsley 004E,Vehicle crime,Investigation complete; no suspect identified,
be2fe720bfcf3d039ac5753b031fda7c7c25ced3a65c3cfddcea4c3774f53221,2025-02,South Yorkshire Police,South Yorkshire Police,-1.516528,53.596962,On or near Windhill Avenue,E01007363,Barnsley 004E,Violence and sexual offences,Awaiting court outcome,
d66a00ddf731ecd8ee66bd5397c48ad2bfa727f0102aab028e893a17beb380ce,2025-02,South Yorkshire Police,South Yorkshire Police,-1.513555,53.595359,On or near Keswick Road,E01007363,Barnsley 004E,Violence and sexual offences,Unable to prosecute suspect,
c1bbf36ac73353c05ec381747b9f4ef520aa0a9e0f0185022f653c1bc3975d79,2025-02,South Yorkshire Police,South Yorkshire Police,-1.516528,53.596962,On or near Windhill Avenue,E01007363,Barnsley 004E,Violence and sexual offences,Awaiting court outcome,
8dda2ec5df90f8762036d0ced4deee9c4db1757423b3716af3821dbf761157fa,2025-02,South Yorkshire Police,South Yorkshire Police,-1.517900,53.590577,On or near Sackup Lane,E01007363,Barnsley 004E,Violence and sexual offences,Unable to prosecute suspect,
b7d6cb459afe10af01b71539074bd82147b335c39635d5779013cc043bdb90b6,2025-02,South Yorkshire Police,South Yorkshire Police,-1.515387,53.596373,On or near Windhill Crescent,E01007363,Barnsley 004E,Violence and sexual offences,Status update unavailable,
c6bf08508785a0f21d83329109749d5870cbcd0a196e655a0dd0d60890c82450,2025-02,South Yorkshire Police,South Yorkshire Police,-1.513555,53.595359,On or near Keswick Road,E01007363,Barnsley 004E,Other crime,Further investigation is not in the public interest,
3ea3adc3820dca4ae9947084c8b7269250f4b1217599fdcec6cc51b9eae1ef26,2025-02,South Yorkshire Police,South Yorkshire Police,-1.512464,53.589045,On or near Alder Close,E01007363,Barnsley 004E,Other crime,Further investigation is not in the public interest,
873dec16f86b383d97095729d3dad79b3bab88ff6c27d75f4909fb8859516487,2025-02,South Yorkshire Police,South Yorkshire Police,-1.515387,53.596373,On or near Windhill Crescent,E01007363,Barnsley 004E,Other crime,Unable to prosecute suspect,
769927696ac79e6f07fd1e39e4543172319e06e524cb721342e4930802f5aa9f,2025-02,South Yorkshire Police,South Yorkshire Police,-1.515703,53.588491,On or near Cherry Hills,E01007355,Barnsley 005A,Criminal damage and arson,Investigation complete; no suspect identified,
f4fd968a4c7c5087ecc955653ab45f5b7df0c7020d94c101617db0801392d864,2025-02,South Yorkshire Police,South Yorkshire Police,-1.512057,53.587704,On or near Priest Royd,E01007355,Barnsley 005A,Public order,Unable to prosecute suspect,
a92e18b3eadaf0cd3c6e99430637261381d1ec192b7313576975349058e55f6c,2025-02,South Yorkshire Police,South Yorkshire Police,-1.509552,53.586138,On or near Croft Drive,E01007355,Barnsley 005A,Violence and sexual offences,Investigation complete; no suspect identified,
b11184c26446bd0ebd1419e21ffe18e56b1c98b1d8646de5b811343cf38ca351,2025-02,South Yorkshire Police,South Yorkshire Police,-1.513874,53.588574,On or near Kingsway,E01007355,Barnsley 005A,Violence and sexual offences,Unable to prosecute suspect,
181678502b8977505a8b6b4298d3ead0adb2048c7689537828964646008dace5,2025-02,South Yorkshire Police,South Yorkshire Police,-1.517924,53.588518,On or near Bloomfield Rise,E01007355,Barnsley 005A,Violence and sexual offences,Unable to prosecute suspect,
7b7cce607155711157e3e8501db97a34f0beae4da81a6dce650f9a2f4318380e,2025-02,South Yorkshire Police,South Yorkshire Police,-1.513697,53.588214,On or near Sunningdale Avenue,E01007355,Barnsley 005A,Violence and sexual offences,Unable to prosecute suspect,
d1d948db117ca1bf41513e3e94620354de9ad12bbbd67c911925a1dbf75b8879,2025-02,South Yorkshire Police,South Yorkshire Police,-1.517431,53.585308,On or near Willow Brook Close,E01007358,Barnsley 005B,Burglary,Investigation complete; no suspect identified,
908d76c7edefb2eebf2a2d97ba51e0649ce72a402bb63b6b846f91faf028b8a3,2025-02,South Yorkshire Police,South Yorkshire Police,-1.525637,53.586374,On or near Dearne Street,E01007358,Barnsley 005B,Public order,Unable to prosecute suspect,
09650b0727c72ad7c2a774eb62317e745599679f214d1de52450066c3743cf13,2025-02,South Yorkshire Police,South Yorkshire Police,-1.529215,53.587970,On or near Woolley Colliery Road,E01007358,Barnsley 005B,Robbery,Unable to prosecute suspect,
a63bd3fa4c5da47906d9527fa9c095ad595ddfdc8db17b3f4c0f8b4d3731a7fb,2025-02,South Yorkshire Police,South Yorkshire Police,-1.525637,53.586374,On or near Dearne Street,E01007358,Barnsley 005B,Violence and sexual offences,Awaiting court outcome,
c3962aad4a1c9072dbca8b3a847809d81f0391263be01dbc18c78d40fe06b66f,2025-02,South Yorkshire Police,South Yorkshire Police,-1.525637,53.586374,On or near Dearne Street,E01007358,Barnsley 005B,Violence and sexual offences,Awaiting court outcome,
973b384169caec70388d194df6f0c8b0e7a6896820a4859579bcc51969b47fd4,2025-02,South Yorkshire Police,South Yorkshire Police,-1.520440,53.586380,On or near Montrose Avenue,E01007358,Barnsley 005B,Violence and sexual offences,Unable to prosecute suspect,
f5f434d4fda006c6da7fee60edec32e09927e2bc4077cfc6b9eea1219a258868,2025-02,South Yorkshire Police,South Yorkshire Police,-1.525637,53.586374,On or near Dearne Street,E01007358,Barnsley 005B,Violence and sexual offences,Awaiting court outcome,
76235d0215a538de7d8c0420b6b9e1731f6185a77f9c6a54ab3d0c372eba1658,2025-02,South Yorkshire Police,South Yorkshire Police,-1.520177,53.585597,On or near Rockwood Close,E01007358,Barnsley 005B,Other crime,Unable to prosecute suspect,
,2025-02,South Yorkshire Police,South Yorkshire Police,-1.553889,53.604630,On or near Huddersfield Road,E01007359,Barnsley 005C,Anti-social behaviour,,
,2025-02,South Yorkshire Police,South Yorkshire Police,-1.547708,53.584815,On or near Ballfield Lane,E01007359,Barnsley 005C,Anti-social behaviour,,
f08ca6dfe1fc60bd5a170ff51bb7bfa4c90e10353e924fad7587d96b9113a5d4,2025-02,South Yorkshire Police,South Yorkshire Police,-1.530478,53.585728,On or near Parking Area,E01007359,Barnsley 005C,Robbery,Awaiting court outcome,
1b7883c98ca645b33115408f4fc8efdb56f2371bdf15d1f32a315d70707f9b9c,2025-02,South Yorkshire Police,South Yorkshire Police,-1.547836,53.584159,On or near Ballfield Lane,E01007359,Barnsley 005C,Violence and sexual offences,Unable to prosecute suspect,
78c945cc67f16f968e0f75ea36b21a3b6aa39ee7545f9057f9e17acedbfcb76c,2025-02,South Yorkshire Police,South Yorkshire Police,-1.540767,53.584114,On or near Airedale Road,E01007359,Barnsley 005C,Violence and sexual offences,Investigation complete; no suspect identified,
,2025-02,South Yorkshire Police,South Yorkshire Police,-1.549187,53.584964,On or near Oakwood Square,E01007360,Barnsley 005D,Anti-social behaviour,,
,2025-02,South Yorkshire Police,South Yorkshire Police,-1.542009,53.582438,On or near Churchfield Lane,E01007360,Barnsley 005D,Anti-social behaviour,,
690225f4606417cdb4dfcf0c1b2735099ef40d36ae6a87a73e49c3363100e8f2,2025-02,South Yorkshire Police,South Yorkshire Police,-1.537332,53.583355,On or near Churchfield Lane,E01007360,Barnsley 005D,Public order,Further investigation is not in the public interest,
44b43e310fa35402b0e08720aa6dfe1a9793a5cccbb4bb4b714c7c83ed9d070e,2025-02,South Yorkshire Police,South Yorkshire Police,-1.539793,53.583400,On or near Wentworth Road,E01007360,Barnsley 005D,Violence and sexual offences,Investigation complete; no suspect identified,
a5f8ed13f9212975a53282241f211da9ed6221f08297905496f46076cd10b9fc,2025-02,South Yorkshire Police,South Yorkshire Police,-1.549187,53.584964,On or near Oakwood Square,E01007360,Barnsley 005D,Violence and sexual offences,Unable to prosecute suspect,
d72d1e34ca933b7f07126675b7794944e420582e129337a390a24124c34e525e,2025-02,South Yorkshire Police,South Yorkshire Police,-1.549187,53.584964,On or near Oakwood Square,E01007360,Barnsley 005D,Violence and sexual offences,Unable to prosecute suspect,
af00b1879c0dd763dac6f7e91f41959cedb12f602ac83d1edb6022e1aa291b14,2025-02,South Yorkshire Police,South Yorkshire Police,-1.549187,53.584964,On or near Oakwood Square,E01007360,Barnsley 005D,Violence and sexual offences,Unable to prosecute suspect,
0d8e3b23cdb465f0abcf3a5938b9d02668ce107ac816aebb8d1060062b4502b9,2025-02,South Yorkshire Police,South Yorkshire Police,-1.547378,53.583231,On or near Ballfield Avenue,E01007360,Barnsley 005D,Violence and sexual offences,Unable to prosecute suspect,
035755dbac4c894a2d9801cd35fe4211b79991500fdf751a577fce2004600d7d,2025-02,South Yorkshire Police,South Yorkshire Police,-1.547378,53.583231,On or near Ballfield Avenue,E01007360,Barnsley 005D,Violence and sexual offences,Unable to prosecute suspect,
b7a96d39b735d60398607b3050ba300ca2d21f47f81a34bccf0a2cf912600c2c,2025-02,South Yorkshire Police,South Yorkshire Police,-1.542009,53.582438,On or near Churchfield Lane,E01007360,Barnsley 005D,Violence and sexual offences,Unable to prosecute suspect,
,2025-02,South Yorkshire Police,South Yorkshire Police,-1.533833,53.580096,On or near Richmond Avenue,E01007386,Barnsley 005E,Anti-social behaviour,,
,2025-02,South Yorkshire Police,South Yorkshire Police,-1.529968,53.570410,On or near Nethercroft,E01007386,Barnsley 005E,Anti-social behaviour,,
05f4a2a0b29925151483740354bebf9a431d5e96b612c1e86587272c2a9da244,2025-02,South Yorkshire Police,South Yorkshire Police,-1.533078,53.584192,On or near Wells Street,E01007386,Barnsley 005E,Vehicle crime,Investigation complete; no suspect identified,
,2025-02,South Yorkshire Police,South Yorkshire Police,-1.376395,53.581869,On or near Clear View,E01007328,Barnsley 006A,Anti-social behaviour,,
,2025-02,South Yorkshire Police,South Yorkshire Police,-1.380505,53.582835,On or near Manor Crescent,E01007328,Barnsley 006A,Anti-social behaviour,,
,2025-02,South Yorkshire Police,South Yorkshire Police,-1.376395,53.581869,On or near Clear View,E01007328,Barnsley 006A,Anti-social behaviour,,
,2025-02,South Yorkshire Police,South Yorkshire Police,-1.376618,53.582131,On or near Mount Road,E01007328,Barnsley 006A,Anti-social behaviour,,
36ee4ae77fda0f1d16e45e688e631cab82de803ac9ea9bc511c23778c8af8817,2025-02,South Yorkshire Police,South Yorkshire Police,-1.380928,53.591079,On or near Hillside Crescent,E01007328,Barnsley 006A,Criminal damage and arson,Investigation complete; no suspect identified,
dd552ea93945fe8012f0453f604b044d20a401a0fbd5dd9a7d12b9d48a47f1d5,2025-02,South Yorkshire Police,South Yorkshire Police,-1.382332,53.583905,On or near Manor Grove,E01007328,Barnsley 006A,Criminal damage and arson,Status update unavailable,
ef80b8ced5364976a932e30ecf34695bf550122ca9eb477d9d850017e1481cca,2025-02,South Yorkshire Police,South Yorkshire Police,-1.382332,53.583905,On or near Manor Grove,E01007328,Barnsley 006A,Drugs,Awaiting court outcome,
f71bac09b0c24270d47433a61dc5d2e17df6f1390ffca85af7035481670d564d,2025-02,South Yorkshire Police,South Yorkshire Police,-1.378230,53.580351,On or near Willow Dene Road,E01007328,Barnsley 006A,Drugs,Status update unavailable,
31df3e3a3ae434a73577dfdb941dac5e1732c8b85f6c962b7b2e675653f34d65,2025-02,South Yorkshire Police,South Yorkshire Police,-1.378230,53.580351,On or near Willow Dene Road,E01007328,Barnsley 006A,Drugs,Local resolution,
4653387a092851633be7471dd3597816dd74efe824afd5a4b21a2bc1c5e11076,2025-02,South Yorkshire Police,South Yorkshire Police,-1.356632,53.589279,On or near Common Road,E01007328,Barnsley 006A,Vehicle crime,Investigation complete; no suspect identified,
3d5e816943441736ab35fcf42de4a9bae676942b1654aafdd25a789ef70b4fcd,2025-02,South Yorkshire Police,South Yorkshire Police,-1.382332,53.583905,On or near Manor Grove,E01007328,Barnsley 006A,Violence and sexual offences,Status update unavailable,
249202378e1e31b21c732299b4944c28ce72bfc0590958133ed36f79cef3c765,2025-02,South Yorkshire Police,South Yorkshire Police,-1.382332,53.583905,On or near Manor Grove,E01007328,Barnsley 006A,Violence and sexual offences,Awaiting court outcome,
8d6b3a49468b80f8f390143793cf5d6b4d38469203c90c9c88cadca9e2ddf305,2025-02,South Yorkshire Police,South Yorkshire Police,-1.380928,53.591079,On or near Hillside Crescent,E01007328,Barnsley 006A,Violence and sexual offences,Unable to prosecute suspect,
8e9b53f28c8360541852a04b75bf27ff6fd3ea516c678d0f91dab1dab7303205,2025-02,South Yorkshire Police,South Yorkshire Police,-1.380928,53.591079,On or near Hillside Crescent,E01007328,Barnsley 006A,Violence and sexual offences,Unable to prosecute suspect,
eef617ba943c851f3a7e13d552495ad359da01f3d049fcc29277e83dc8db99e8,2025-02,South Yorkshire Police,South Yorkshire Police,-1.376618,53.582131,On or near Mount Road,E01007328,Barnsley 006A,Violence and sexual offences,Unable to prosecute suspect,
38ef87d726ec3bc22c562381630ba1f005538b8941d55587ddddff74c1726ec9,2025-02,South Yorkshire Police,South Yorkshire Police,-1.356632,53.589279,On or near Common Road,E01007328,Barnsley 006A,Violence and sexual offences,Investigation complete; no suspect identified,
78f22bd6222f4dfb07f76423f2c2a53f46cf8de8d9c42af2e5d2060ccd4f0825,2025-02,South Yorkshire Police,South Yorkshire Police,-1.382332,53.583905,On or near Manor Grove,E01007328,Barnsley 006A,Other crime,Unable to prosecute suspect,
8737dfdcef56ce6a90c5d47db1b44f8047fdd30c4722c51ce12fad3460cf2621,2025-02,South Yorkshire Police,South Yorkshire Police,-1.371437,53.595362,On or near Park View,E01007328,Barnsley 006A,Other crime,Awaiting court outcome,
,2025-02,South Yorkshire Police,South Yorkshire Police,-1.387428,53.596074,On or near Barnsley Road,E01007330,Barnsley 006B,Anti-social behaviour,,
edde3bb10dcffca525bb1e21b2ecd3c16cbfd3977aaf67495412cb3df1cc228e,2025-02,South Yorkshire Police,South Yorkshire Police,-1.374128,53.594235,On or near Common Road,E01007330,Barnsley 006B,Other theft,Investigation complete; no suspect identified,
99d6301f77fe75bdb9ddc67acf0761dc85076491e0f37f15f2327af11ca0ae37,2025-02,South Yorkshire Police,South Yorkshire Police,-1.385826,53.599176,On or near Frickley Bridge Lane,E01007330,Barnsley 006B,Violence and sexual offences,Unable to prosecute suspect,
379004e790fe87e70ed69ec465d3a8d050c1400d1600f77c1b6803901e67ab18,2025-02,South Yorkshire Police,South Yorkshire Police,-1.384197,53.594871,On or near Grange Close,E01007330,Barnsley 006B,Violence and sexual offences,Unable to prosecute suspect,
1bae521c921663f6bb8d0d35b793c063aa4f9b83b9a597330209b72ab574b3c1,2025-02,South Yorkshire Police,South Yorkshire Police,-1.373454,53.594887,On or near Park Avenue,E01007330,Barnsley 006B,Violence and sexual offences,Unable to prosecute suspect,
43afef0eb3de80c157e659ab1f0082bccfb2c9cbb4489ee4b72691d651d7fdaf,2025-02,South Yorkshire Police,South Yorkshire Police,-1.380626,53.592111,On or near The Rise,E01007330,Barnsley 006B,Violence and sexual offences,Investigation complete; no suspect identified,
fc93f671b8bf7a4769106b1ba2944b673d3f98979663e4fbcc5875351a2580ab,2025-02,South Yorkshire Police,South Yorkshire Police,-1.382082,53.592757,On or near Bretton Close,E01007330,Barnsley 006B,Other crime,Unable to prosecute suspect,
,2025-02,South Yorkshire Police,South Yorkshire Police,-1.379193,53.574442,On or near Queensway,E01007332,Barnsley 006C,Anti-social behaviour,,
,2025-02,South Yorkshire Police,South Yorkshire Police,-1.377691,53.575935,On or near St Lukes Road,E01007332,Barnsley 006C,Anti-social behaviour,,
,2025-02,South Yorkshire Police,South Yorkshire Police,-1.379564,53.573841,On or near Acorn Way,E01007332,Barnsley 006C,Anti-social behaviour,,
bb2e94af904911d26972bdfec4a8a909a4dbb48e9329fc8b400f4a898d3603c9,2025-02,South Yorkshire Police,South Yorkshire Police,-1.379193,53.574442,On or near Queensway,E01007332,Barnsley 006C,Criminal damage and arson,Investigation complete; no suspect identified,
1652e098df1a0dae4ee4553d3bb2ff8bc14fc5ad7ce86553d48dd901cf2f5b8a,2025-02,South Yorkshire Police,South Yorkshire Police,-1.377691,53.575935,On or near St Lukes Road,E01007332,Barnsley 006C,Criminal damage and arson,Investigation complete; no suspect identified,
8e8d4f227749361273919e7797129dd00d5128e749afca4c541030d1d69adc8c,2025-02,South Yorkshire Police,South Yorkshire Police,-1.382239,53.578880,On or near Meadow Crescent,E01007332,Barnsley 006C,Criminal damage and arson,Investigation complete; no suspect identified,
e2816d2b30cbed0b8b91e27302f8870b2710a29f23704931ff88d1d807138a1c,2025-02,South Yorkshire Police,South Yorkshire Police,-1.379327,53.575575,On or near King'S Street,E01007332,Barnsley 006C,Drugs,Awaiting court outcome,
c0903d936e6e9a3b112aac75a000f8bb9cde88f66345e1e625b8f136d8ffbe80,2025-02,South Yorkshire Police,South Yorkshire Police,-1.378732,53.581109,On or near Dell Avenue,E01007332,Barnsley 006C,Other theft,Investigation complete; no suspect identified,
c2b5be1acb69830dcd4d784c1d1ce20f482a24cfdfc7818531d2a1028dcd00f5,2025-02,South Yorkshire Police,South Yorkshire Police,-1.380831,53.577012,On or near Brook Close,E01007332,Barnsley 006C,Other theft,Investigation complete; no suspect identified,
11bd831360cf67556dac69e78878a8aa3ae1dbbfc2fdb73b21e30333c45b3c3b,2025-02,South Yorkshire Police,South Yorkshire Police,-1.382349,53.575501,On or near High Street,E01007332,Barnsley 006C,Other theft,Investigation complete; no suspect identified,
b85645c972d01e80f4149f202c1da8f67ce074ea9972eee2d7895cb18c4a2e06,2025-02,South Yorkshire Police,South Yorkshire Police,-1.378701,53.571922,On or near Windsor Walk,E01007332,Barnsley 006C,Public order,Unable to prosecute suspect,
0a8a2088fbab20109913691f408f993beb242f2c376d4e4bbfa5eb9ce1954d71,2025-02,South Yorkshire Police,South Yorkshire Police,-1.378670,53.579176,On or near Petrol Station,E01007332,Barnsley 006C,Shoplifting,Investigation complete; no suspect identified,
055a97098354919da6ee86c90eda88f7cbefd54276ead87522ee88c07cc745f4,2025-02,South Yorkshire Police,South Yorkshire Police,-1.382917,53.571701,On or near Springvale Road,E01007332,Barnsley 006C,Vehicle crime,Investigation complete; no suspect identified,
b1f4cb6a10999cb010672c6448227b01b9ac489394add09e29f81f139728f0b9,2025-02,South Yorkshire Police,South Yorkshire Police,-1.378815,53.573406,On or near Oakroyd Crescent,E01007332,Barnsley 006C,Vehicle crime,Investigation complete; no suspect identified,
26acd995d6251717e9e9f07028f3d315d02bddb7e6af311a4b8e51ff6a693df4,2025-02,South Yorkshire Police,South Yorkshire Police,-1.385335,53.569485,On or near Park Spring Road,E01007332,Barnsley 006C,Vehicle crime,Investigation complete; no suspect identified,
6284b52d2367b6a536a76dd51940126c5e1e800c9afb203c0586537ef28c7251,2025-02,South Yorkshire Police,South Yorkshire Police,-1.382917,53.571701,On or near Springvale Road,E01007332,Barnsley 006C,Vehicle crime,Investigation complete; no suspect identified,
bab6843e6564064f05d1eee3229e199cec98e04fdc9ebbd580fef82184ca1c3c,2025-02,South Yorkshire Police,South Yorkshire Police,-1.385335,53.569485,On or near Park Spring Road,E01007332,Barnsley 006C,Vehicle crime,Investigation complete; no suspect identified,
cdc5123a11f0b16408b071fd216c09334534c1ceaf00f207690ae3e6d11b5664,2025-02,South Yorkshire Police,South Yorkshire Police,-1.384370,53.577767,On or near Stacey Crescent,E01007332,Barnsley 006C,Violence and sexual offences,Unable to prosecute suspect,
f1e14a5abbcce09e08ec0439ff27239c33f8ead17c7c674329c8d0924de49d55,2025-02,South Yorkshire Police,South Yorkshire Police,-1.383402,53.575785,On or near North View,E01007332,Barnsley 006C,Violence and sexual offences,Local resolution,
be0b4c8f31dee12efb2426610fe3056dcce1b14861bdbeb1259037a15eae3ec7,2025-02,South Yorkshire Police,South Yorkshire Police,-1.383402,53.575785,On or near North View,E01007332,Barnsley 006C,Violence and sexual offences,Local resolution,
884a38358fa5c697682dcbaa9f19560ca1ef417e26927c3ef8f391c9f5561a88,2025-02,South Yorkshire Police,South Yorkshire Police,-1.383729,53.578186,On or near Greenbank Walk,E01007332,Barnsley 006C,Violence and sexual offences,Unable to prosecute suspect,
16e47e7a00208b5191cb664f2e2fdb79ad65d230ca6a7da52a0de266a23a7f36,2025-02,South Yorkshire Police,South Yorkshire Police,-1.378047,53.577357,On or near Trenchard Close,E01007332,Barnsley 006C,Violence and sexual offences,Status update unavailable,
70a688602c0be94d6281a8138196f6ed1be86196265ddfa60c505af1403934c6,2025-02,South Yorkshire Police,South Yorkshire Police,-1.379327,53.575575,On or near King'S Street,E01007332,Barnsley 006C,Violence and sexual offences,Investigation complete; no suspect identified,
2d2bc109a54bb18ec756cca88dccfbafe7c204f9a6a821da58f825eee970e196,2025-02,South Yorkshire Police,South Yorkshire Police,-1.383729,53.578186,On or near Greenbank Walk,E01007332,Barnsley 006C,Violence and sexual offences,Unable to prosecute suspect,
f80adb55fd17af7dc5d56af666875e70b7162ab96c5e9d887072ac01c5d8b21c,2025-02,South Yorkshire Police,South Yorkshire Police,-1.376297,53.581384,On or near Park Avenue,E01007332,Barnsley 006C,Violence and sexual offences,Investigation complete; no suspect identified,
286086cb64aee5c1d5320bdd9f4d064a1cc7feb9dff7b5c745b663c7beaace1a,2025-02,South Yorkshire Police,South Yorkshire Police,-1.376297,53.581384,On or near Park Avenue,E01007332,Barnsley 006C,Violence and sexual offences,Unable to prosecute suspect,
8663e88126890b71df52fe0ce20d7000f4e5a089ad6aa6e9fd56bd876f4f713f,2025-02,South Yorkshire Police,South Yorkshire Police,-1.376770,53.571795,On or near Duke Street,E01007332,Barnsley 006C,Violence and sexual offences,Investigation complete; no suspect identified,
a616b9655d3d619852e44921370e0bcbc9c89a500e393b4332a04cb8b4026ff3,2025-02,South Yorkshire Police,South Yorkshire Police,-1.383729,53.578186,On or near Greenbank Walk,E01007332,Barnsley 006C,Violence and sexual offences,Unable to prosecute suspect,
fcfbf37b5b9f39fd0a2c8cb88b1095289ad0db7873f78c394af42afbc79ae13c,2025-02,South Yorkshire Police,South Yorkshire Police,-1.383402,53.575785,On or near North View,E01007332,Barnsley 006C,Violence and sexual offences,Investigation complete; no suspect identified,
,2025-02,South Yorkshire Police,South Yorkshire Police,-1.374425,53.572053,On or near Queens Road,E01007333,Barnsley 006D,Anti-social behaviour,,
,2025-02,South Yorkshire Police,South Yorkshire Police,-1.374167,53.574236,On or near Cemetery Road,E01007333,Barnsley 006D,Anti-social behaviour,,
116a28e921143e58fee9e0a3f2d487479fb9fe8ae9a1b2387c1e0ff4c0b339c0,2025-02,South Yorkshire Police,South Yorkshire Police,-1.370977,53.574471,On or near Foxshaw Mews,E01007333,Barnsley 006D,Public order,Unable to prosecute suspect,
0e34f954cb1ff8c439d54ca13de027e2cad2dcf9ba7cc978fd463733973d81e1,2025-02,South Yorkshire Police,South Yorkshire Police,-1.374167,53.574236,On or near Cemetery Road,E01007333,Barnsley 006D,Shoplifting,Investigation complete; no suspect identified,
6c151d2f100b4bb914a132e4af239c560e2b81431eddb11b82230706b331c948,2025-02,South Yorkshire Police,South Yorkshire Police,-1.370424,53.572005,On or near Cross Street,E01007333,Barnsley 006D,Vehicle crime,Investigation complete; no suspect identified,
304a22fb3743f73816d67f15f1ebcab94373ef9aaf70a6944578c890cad5b3d1,2025-02,South Yorkshire Police,South Yorkshire Police,-1.370414,53.572670,On or near The Square,E01007333,Barnsley 006D,Vehicle crime,Unable to prosecute suspect,
8590bda75ca90a0af341a67416f2489f764617352e5661504d8b2b8368ad339e,2025-02,South Yorkshire Police,South Yorkshire Police,-1.370977,53.574471,On or near Foxshaw Mews,E01007333,Barnsley 006D,Violence and sexual offences,Unable to prosecute suspect,
e9b715fb224a00f174b6221809a96e8ae2860222b7f02e281c4c68fc889bd008,2025-02,South Yorkshire Police,South Yorkshire Police,-1.370414,53.572670,On or near The Square,E01007333,Barnsley 006D,Violence and sexual offences,Unable to prosecute suspect,
,2025-02,South Yorkshire Police,South Yorkshire Police,-1.479649,53.585590,On or near Egmanton Road,E01007323,Barnsley 007A,Anti-social behaviour,,
f882d8ac90c9659b7cb260cff47246c68780524b21187d5936150b6c48c989fc,2025-02,South Yorkshire Police,South Yorkshire Police,-1.479923,53.584216,On or near Pit Field Close,E01007323,Barnsley 007A,Criminal damage and arson,Investigation complete; no suspect identified,
2ec76f4885321dd8a1a7614ab0f284dd15886cad8677b4dbc569a7e86d52b876,2025-02,South Yorkshire Police,South Yorkshire Police,-1.479518,53.587620,On or near Chilwell Gardens,E01007323,Barnsley 007A,Criminal damage and arson,Investigation complete; no suspect identified,
376f07e023f7c09f4534ef3226dafb909ad41a061fffe7b25dca214c35261d2d,2025-02,South Yorkshire Police,South Yorkshire Police,-1.482082,53.586706,On or near Wilford Road,E01007323,Barnsley 007A,Other theft,Unable to prosecute suspect,
eb2e408376ef2f8133ac53c33a3117d86ea19633a973eada63e969b199210ada,2025-02,South Yorkshire Police,South Yorkshire Police,-1.478665,53.588237,On or near Wood Park View,E01007323,Barnsley 007A,Other theft,Unable to prosecute suspect,
c85142bb3ffd259ed53542fe5afc65244efdeee899cd137aac6a9357974b877f,2025-02,South Yorkshire Police,South Yorkshire Police,-1.479923,53.584216,On or near Pit Field Close,E01007323,Barnsley 007A,Public order,Unable to prosecute suspect,
40a4d61370d96bcb42d8d721c46cc3ad24d7559a326318a852fad971795512ea,2025-02,South Yorkshire Police,South Yorkshire Police,-1.483409,53.586918,On or near Hill Top Avenue,E01007323,Barnsley 007A,Public order,Unable to prosecute suspect,
4fa58499ccb11bd88a398e6671afdab6d6616cd19b8016b226f9daa687553ebf,2025-02,South Yorkshire Police,South Yorkshire Police,-1.483050,53.585398,On or near The Gateway,E01007323,Barnsley 007A,Violence and sexual offences,Unable to prosecute suspect,
e21e07184d9c9acb99d14958d701029c2684a9dff98370fa78356f333e998c6b,2025-02,South Yorkshire Police,South Yorkshire Police,-1.483050,53.585398,On or near The Gateway,E01007323,Barnsley 007A,Violence and sexual offences,Status update unavailable,
1f0075731d0fa2bfac2c244cfedda69abd4f302fcce8dac216017ac1ec845a74,2025-02,South Yorkshire Police,South Yorkshire Police,-1.478076,53.586967,On or near Stoney Royd,E01007323,Barnsley 007A,Violence and sexual offences,Unable to prosecute suspect,
298edc0de77d3339ac8965f7df042419fb98ec205a87a1647998411f8c8611e0,2025-02,South Yorkshire Police,South Yorkshire Police,-1.482131,53.586454,On or near Fountain Court,E01007323,Barnsley 007A,Other crime,Unable to prosecute suspect,
40a11f12e6afc428b640910c7027d028b552a824ae6f15aa9039fc229245033f,2025-02,South Yorkshire Police,South Yorkshire Police,-1.481093,53.583574,On or near Newstead Road,E01007323,Barnsley 007A,Other crime,Unable to prosecute suspect,
bfede3fce296972ccd6adc8d2d16f3f30fbdeaeab253d6bb6ff661a157ed4373,2025-02,South Yorkshire Police,South Yorkshire Police,-1.478665,53.588237,On or near Wood Park View,E01007323,Barnsley 007A,Other crime,Unable to prosecute suspect,
,2025-02,South Yorkshire Police,South Yorkshire Police,-1.479188,53.578819,On or near Supermarket,E01007324,Barnsley 007B,Anti-social behaviour,,
,2025-02,South Yorkshire Police,South Yorkshire Police,-1.478746,53.580363,On or near Laithes Crescent,E01007324,Barnsley 007B,Anti-social behaviour,,
,2025-02,South Yorkshire Police,South Yorkshire Police,-1.473595,53.581635,On or near Mansfield Road,E01007324,Barnsley 007B,Anti-social behaviour,,
,2025-02,South Yorkshire Police,South Yorkshire Police,-1.473595,53.581635,On or near Mansfield Road,E01007324,Barnsley 007B,Anti-social behaviour,,
8e744c458ddc17e24d77bfb45373abd4014a0f9dde9e4eaa95bd1df51bb732d1,2025-02,South Yorkshire Police,South Yorkshire Police,-1.478746,53.580363,On or near Laithes Crescent,E01007324,Barnsley 007B,Burglary,Investigation complete; no suspect identified,
007ce2cf2de1b4c2e697b51f23224c5a46323eef7ee85841c90dfd4d7bd716e6,2025-02,South Yorkshire Police,South Yorkshire Police,-1.484722,53.583284,On or near Clifton Close,E01007324,Barnsley 007B,Criminal damage and arson,Investigation complete; no suspect identified,
aa8e1b1954cfce3e3f35e1dfac5d7e592d57a77c3314c92d9a98ea9a7ef06a2b,2025-02,South Yorkshire Police,South Yorkshire Police,-1.473595,53.581635,On or near Mansfield Road,E01007324,Barnsley 007B,Criminal damage and arson,Investigation complete; no suspect identified,
1c04bdd6db16412d6a725ed39c81ac0ddd339f01c95babef34e7c3e133802e1d,2025-02,South Yorkshire Police,South Yorkshire Police,-1.473595,53.581635,On or near Mansfield Road,E01007324,Barnsley 007B,Criminal damage and arson,Investigation complete; no suspect identified,
f2e1d6d39b3f41046dd2f5b9632f6bcf5d9e4d5a08443635816a5156da48fa77,2025-02,South Yorkshire Police,South Yorkshire Police,-1.473595,53.581635,On or near Mansfield Road,E01007324,Barnsley 007B,Criminal damage and arson,Investigation complete; no suspect identified,
8407b9657ad5dbacbc46cf0f84c43c8b6ed44237da7b6fbd3791626259b9ce54,2025-02,South Yorkshire Police,South Yorkshire Police,-1.473595,53.581635,On or near Mansfield Road,E01007324,Barnsley 007B,Criminal damage and arson,Unable to prosecute suspect,
d1a13208ccb58e0cd51fb462705b5e3aac8144ccce4a83ddb4a3e177a0a6278b,2025-02,South Yorkshire Police,South Yorkshire Police,-1.473595,53.581635,On or near Mansfield Road,E01007324,Barnsley 007B,Criminal damage and arson,Investigation complete; no suspect identified,
187abccef863c5cba42ac2f9aa5d67bf6e657e43ac2813ab888c27d632437510,2025-02,South Yorkshire Police,South Yorkshire Police,-1.484722,53.583284,On or near Clifton Close,E01007324,Barnsley 007B,Criminal damage and arson,Unable to prosecute suspect,
67ed328a53387b11940fb7ec46250038702c4b16401b9bb4a82989c3f7b70e41,2025-02,South Yorkshire Police,South Yorkshire Police,-1.473595,53.581635,On or near Mansfield Road,E01007324,Barnsley 007B,Criminal damage and arson,Investigation complete; no suspect identified,
842189cf0f51d8901c4ef65a3c80fb94ac4c2e8fd1cec9a3f48e49edf0ff3efc,2025-02,South Yorkshire Police,South Yorkshire Police,-1.473595,53.581635,On or near Mansfield Road,E01007324,Barnsley 007B,Other theft,Investigation complete; no suspect identified,
d6737a66f0f1c4ac1d334d7eafb40c427c079c30e9b68e5615be5e84d0662838,2025-02,South Yorkshire Police,South Yorkshire Police,-1.473595,53.581635,On or near Mansfield Road,E01007324,Barnsley 007B,Other theft,Investigation complete; no suspect identified,
9bdf3b50dce04bb4a382f2047348e4aff1622106556bb704ebf00e99100645e4,2025-02,South Yorkshire Police,South Yorkshire Police,-1.479188,53.578819,On or near Supermarket,E01007324,Barnsley 007B,Public order,Awaiting court outcome,
fd32603617ed16a585af3fec0a27996d93e3a557e0828353f432573f349d0378,2025-02,South Yorkshire Police,South Yorkshire Police,-1.479244,53.579197,On or near Shopping Area,E01007324,Barnsley 007B,Public order,Unable to prosecute suspect,
6548bc9a43fae5bd847f875b3b78e17e1505eb5f095a90dd7f7db7bc53cc1235,2025-02,South Yorkshire Police,South Yorkshire Police,-1.479244,53.579197,On or near Shopping Area,E01007324,Barnsley 007B,Public order,Unable to prosecute suspect,
a456e620e40b0326f5b84bbc0e965e5538880fa08e5920606eb5938929758c3a,2025-02,South Yorkshire Police,South Yorkshire Police,-1.473595,53.581635,On or near Mansfield Road,E01007324,Barnsley 007B,Public order,Investigation complete; no suspect identified,
3d213542f59134965be6ff3a7a079fa9a819d93c6a3e4486310f544c0ab1a852,2025-02,South Yorkshire Police,South Yorkshire Police,-1.479188,53.578819,On or near Supermarket,E01007324,Barnsley 007B,Public order,Awaiting court outcome,
c5af5aaea9ea99799c4c245cfe5c5cd03c8e9521e08b52ee066f3a513fd51b4a,2025-02,South Yorkshire Police,South Yorkshire Police,-1.479188,53.578819,On or near Supermarket,E01007324,Barnsley 007B,Shoplifting,Further investigation is not in the public interest,
62ce62f540e8b30048116969634e7ddc264f3e57525234f74e46315785e8df3d,2025-02,South Yorkshire Police,South Yorkshire Police,-1.479188,53.578819,On or near Supermarket,E01007324,Barnsley 007B,Shoplifting,Unable to prosecute suspect,
7c55dd7c295f6951cdc4a514f4a644cded655f43e182b4aadfc76e657313f6dd,2025-02,South Yorkshire Police,South Yorkshire Police,-1.479188,53.578819,On or near Supermarket,E01007324,Barnsley 007B,Shoplifting,Further investigation is not in the public interest,
e0c1c543ed9f4e057730d18c59884f347604352c3af02bd8d4c5f19476cbc068,2025-02,South Yorkshire Police,South Yorkshire Police,-1.479188,53.578819,On or near Supermarket,E01007324,Barnsley 007B,Shoplifting,Awaiting court outcome,
2f1be1827806e1a1e8288ffaf9d14688d716417021fc3615e5a507f55ab8041f,2025-02,South Yorkshire Police,South Yorkshire Police,-1.479188,53.578819,On or near Supermarket,E01007324,Barnsley 007B,Shoplifting,Investigation complete; no suspect identified,
4587ebf1bdee3311b3e03db9258b3302c9b5892f326caf0ab4ccdd437bb16b6f,2025-02,South Yorkshire Police,South Yorkshire Police,-1.479188,53.578819,On or near Supermarket,E01007324,Barnsley 007B,Shoplifting,Unable to prosecute suspect,
849cafc22e57e03c2ef98c35821c0d75fec4dc76dd9bf164f6e10cf60cb64b85,2025-02,South Yorkshire Police,South Yorkshire Police,-1.479188,53.578819,On or near Supermarket,E01007324,Barnsley 007B,Shoplifting,Awaiting court outcome,
2fe4d8e701a69d677e97ec4b9578c5facdd0b7acdc32225c77d7c8afee61559b,2025-02,South Yorkshire Police,South Yorkshire Police,-1.479188,53.578819,On or near Supermarket,E01007324,Barnsley 007B,Shoplifting,Awaiting court outcome,
6510733fb748e954eda026cc16a1325f7fc860b39d320fff54fb12008ca389c9,2025-02,South Yorkshire Police,South Yorkshire Police,-1.479188,53.578819,On or near Supermarket,E01007324,Barnsley 007B,Shoplifting,Awaiting court outcome,
930d921a255a63c6ce89c9f621644821624320c90e35237ea4d2f5a0c668be29,2025-02,South Yorkshire Police,South Yorkshire Police,-1.479188,53.578819,On or near Supermarket,E01007324,Barnsley 007B,Shoplifting,Investigation complete; no suspect identified,
656a02897dc686e0e735142edd7dcb3ac177a09f6b84b85449e0e9efa831ecd3,2025-02,South Yorkshire Police,South Yorkshire Police,-1.479188,53.578819,On or near Supermarket,E01007324,Barnsley 007B,Shoplifting,Awaiting court outcome,
97c2797bc1c9d038443015bcc751bd152d286fafe4d9008092fede77a574e7a3,2025-02,South Yorkshire Police,South Yorkshire Police,-1.479188,53.578819,On or near Supermarket,E01007324,Barnsley 007B,Shoplifting,Local resolution,
260449c7d6932044d08c6e6b02ccd79c03fc0907750388a86778742ee18c2e30,2025-02,South Yorkshire Police,South Yorkshire Police,-1.479188,53.578819,On or near Supermarket,E01007324,Barnsley 007B,Shoplifting,Awaiting court outcome,
7dc3d052cbc363064314daf4118fee905ec338d2d2fb12b7252ec89c8c4ae51d,2025-02,South Yorkshire Police,South Yorkshire Police,-1.479188,53.578819,On or near Supermarket,E01007324,Barnsley 007B,Shoplifting,Unable to prosecute suspect,
9af115084ce5debcae6d7366a77bedf68c94c58188162060da0aecd967338fe1,2025-02,South Yorkshire Police,South Yorkshire Police,-1.479188,53.578819,On or near Supermarket,E01007324,Barnsley 007B,Shoplifting,Investigation complete; no suspect identified,
a64ab1dbfeb8badb0e62ab9b100cbb071cee9a4458efbb5bae832ad543051cf8,2025-02,South Yorkshire Police,South Yorkshire Police,-1.479188,53.578819,On or near Supermarket,E01007324,Barnsley 007B,Shoplifting,Further investigation is not in the public interest,
b159b4b9bf9e4f2c4b84eb75592b6eb6268821eddcd9337ebf41976611930167,2025-02,South Yorkshire Police,South Yorkshire Police,-1.484722,53.583284,On or near Clifton Close,E01007324,Barnsley 007B,Violence and sexual offences,Unable to prosecute suspect,
5ed078fdc67acc7a5d0219ebf795dfea721b657fbded21d779002d04eb19acd2,2025-02,South Yorkshire Police,South Yorkshire Police,-1.473595,53.581635,On or near Mansfield Road,E01007324,Barnsley 007B,Violence and sexual offences,Investigation complete; no suspect identified,
e3113965212e97eb1f6dcc16fecbe7c5801089af867d48e997761aafaabcfa7d,2025-02,South Yorkshire Police,South Yorkshire Police,-1.483986,53.585474,On or near Sheerien Close,E01007324,Barnsley 007B,Violence and sexual offences,Unable to prosecute suspect,
298917458e6657563c9428999774cd43b959fe3720f1eb082adb11c25abe2388,2025-02,South Yorkshire Police,South Yorkshire Police,-1.483518,53.582937,On or near Bramcote Avenue,E01007324,Barnsley 007B,Violence and sexual offences,Unable to prosecute suspect,
ff2dac17f8b7a41a8594e301563bff8f21fb7a9e61ba97e721e499967c18703c,2025-02,South Yorkshire Police,South Yorkshire Police,-1.474844,53.580814,On or near Arnold Avenue,E01007324,Barnsley 007B,Violence and sexual offences,Unable to prosecute suspect,
a35aca512509b4b34119ffc5988b797407c846a5da8d092625d46ae012276dd2,2025-02,South Yorkshire Police,South Yorkshire Police,-1.483986,53.585474,On or near Sheerien Close,E01007324,Barnsley 007B,Violence and sexual offences,Awaiting court outcome,
5e1cfc57a8bebb9f3194aeafee1944fac293e2e9cb89fcdbd6c6c775ab6debac,2025-02,South Yorkshire Police,South Yorkshire Police,-1.483518,53.582937,On or near Bramcote Avenue,E01007324,Barnsley 007B,Violence and sexual offences,Unable to prosecute suspect,
,2025-02,South Yorkshire Police,South Yorkshire Police,-1.470842,53.582001,On or near Kirkby Avenue,E01007325,Barnsley 007C,Anti-social behaviour,,
,2025-02,South Yorkshire Police,South Yorkshire Police,-1.477173,53.581804,On or near Linby Road,E01007325,Barnsley 007C,Anti-social behaviour,,
,2025-02,South Yorkshire Police,South Yorkshire Police,-1.475550,53.582327,On or near Forest Road,E01007325,Barnsley 007C,Anti-social behaviour,,
,2025-02,South Yorkshire Police,South Yorkshire Police,-1.470842,53.582001,On or near Kirkby Avenue,E01007325,Barnsley 007C,Anti-social behaviour,,
9a8f90e5c5e2668037dbf55e153611c05dca5e3c3731782d57729a7eab6c55aa,2025-02,South Yorkshire Police,South Yorkshire Police,-1.470842,53.582001,On or near Kirkby Avenue,E01007325,Barnsley 007C,Criminal damage and arson,Unable to prosecute suspect,
df7c90b5a217ba914f332b16b9513cf16bb3bfb892d2c4322dd19242a98309b0,2025-02,South Yorkshire Police,South Yorkshire Police,-1.475550,53.582327,On or near Forest Road,E01007325,Barnsley 007C,Criminal damage and arson,Investigation complete; no suspect identified,
cc5418bf49ab05d601b7ad7ad6fe0401d3cd711a24e9144da7901593458ca208,2025-02,South Yorkshire Police,South Yorkshire Police,-1.472173,53.581827,On or near Clipstone Avenue,E01007325,Barnsley 007C,Criminal damage and arson,Unable to prosecute suspect,
66f9c03397e5e2176a58a570919c4cc28ca2ee920117eba64dde15b08f5ac265,2025-02,South Yorkshire Police,South Yorkshire Police,-1.476175,53.583121,On or near Lindhurst Road,E01007325,Barnsley 007C,Criminal damage and arson,Investigation complete; no suspect identified,
88f36c3b0a66ffcd8bceb9754d9fca8724d3b9e5d747f3867dc287943aa5b8e0,2025-02,South Yorkshire Police,South Yorkshire Police,-1.472798,53.583789,On or near Oxton Road,E01007325,Barnsley 007C,Criminal damage and arson,Unable to prosecute suspect,
87a3a2854c1b9ecc1b16b5c173a992f707051742a78d025a1196971c72a6d80e,2025-02,South Yorkshire Police,South Yorkshire Police,-1.472845,53.583654,On or near Radcliffe Road,E01007325,Barnsley 007C,Criminal damage and arson,Investigation complete; no suspect identified,
18ea73182d0eca5abefba081a79723b405f0807c21682932cbd00d72a691f7ea,2025-02,South Yorkshire Police,South Yorkshire Police,-1.470842,53.582001,On or near Kirkby Avenue,E01007325,Barnsley 007C,Other theft,Investigation complete; no suspect identified,
954600af4822086d490d344a9221f357bc1677d181e045d87c8baffc4a608ce0,2025-02,South Yorkshire Police,South Yorkshire Police,-1.470842,53.582001,On or near Kirkby Avenue,E01007325,Barnsley 007C,Other theft,Investigation complete; no suspect identified,
915f632fa907200a34ba92428450a54d30e400242121719ced7ac1adbd4631a7,2025-02,South Yorkshire Police,South Yorkshire Police,-1.470842,53.582001,On or near Kirkby Avenue,E01007325,Barnsley 007C,Other theft,Investigation complete; no suspect identified,
bc0ec6499ceb648ca3bd23377e5398851ed6bb3d5134f970a620e0544878e3e7,2025-02,South Yorkshire Police,South Yorkshire Police,-1.477173,53.581804,On or near Linby Road,E01007325,Barnsley 007C,Other theft,Unable to prosecute suspect,
6e95f2a368945943772fea1f012a4a916573222478c0e40f7cf61b588028177b,2025-02,South Yorkshire Police,South Yorkshire Police,-1.478252,53.582483,On or near Upper Forest Road,E01007325,Barnsley 007C,Violence and sexual offences,Unable to prosecute suspect,
2c3883b1743960ee7d82e4fca997324b4c37f6069689040028dc80cc866a6fdc,2025-02,South Yorkshire Police,South Yorkshire Police,-1.472798,53.583789,On or near Oxton Road,E01007325,Barnsley 007C,Violence and sexual offences,Unable to prosecute suspect,
eb8c3046087fbfc80c4e838aa9b479031eb04a8027ed2fb5a216e04c4bc367a6,2025-02,South Yorkshire Police,South Yorkshire Police,-1.478252,53.582483,On or near Upper Forest Road,E01007325,Barnsley 007C,Violence and sexual offences,Awaiting court outcome,
4e40af9f2b10b2f5cf5ccf6757ad7a3da004d6a5d4f823f2f01a1eeb45f77bdc,2025-02,South Yorkshire Police,South Yorkshire Police,-1.478252,53.582483,On or near Upper Forest Road,E01007325,Barnsley 007C,Violence and sexual offences,Awaiting court outcome,
d2db4054abdace43a566a207e0f2cd7f7fe7fc175542d8064890da47fc6ea495,2025-02,South Yorkshire Police,South Yorkshire Police,-1.472798,53.583789,On or near Oxton Road,E01007325,Barnsley 007C,Violence and sexual offences,Unable to prosecute suspect,
f4316a6d7dfa8e5c6745c7e01ad293e8e6f9a13a4bd629ef0b560bc2e87da859,2025-02,South Yorkshire Police,South Yorkshire Police,-1.472173,53.581827,On or near Clipstone Avenue,E01007325,Barnsley 007C,Violence and sexual offences,Unable to prosecute suspect,
021cb49872ce8e320c1c1993d2345602f6540a1b80a92eccb59216a1428a1334,2025-02,South Yorkshire Police,South Yorkshire Police,-1.478252,53.582483,On or near Upper Forest Road,E01007325,Barnsley 007C,Violence and sexual offences,Awaiting court outcome,
3b24d1345abeb1e150245e92ec4bc5a95d2d3257545b1187dc12a4ccf98fa9d6,2025-02,South Yorkshire Police,South Yorkshire Police,-1.475385,53.584699,On or near Ollerton Road,E01007325,Barnsley 007C,Violence and sexual offences,Unable to prosecute suspect,
771c3018b737cb06ef575853fb99afb5dcd29f1198cc5f9ef726c27dd2db5fc9,2025-02,South Yorkshire Police,South Yorkshire Police,-1.472845,53.583654,On or near Radcliffe Road,E01007325,Barnsley 007C,Other crime,Unable to prosecute suspect,
,2025-02,South Yorkshire Police,South Yorkshire Police,-1.472564,53.579518,On or near Edwins Close,E01007326,Barnsley 007D,Anti-social behaviour,,
,2025-02,South Yorkshire Police,South Yorkshire Police,-1.472457,53.576030,On or near Wingfield Close,E01007326,Barnsley 007D,Anti-social behaviour,,
,2025-02,South Yorkshire Police,South Yorkshire Police,-1.468928,53.580446,On or near Laithes Lane,E01007326,Barnsley 007D,Anti-social behaviour,,
,2025-02,South Yorkshire Police,South Yorkshire Police,-1.470905,53.575727,On or near Aston Drive,E01007326,Barnsley 007D,Anti-social behaviour,,
c3b625cc53d491023a4f9790810f7ebee85e3886de4e87efb7cefd711b0ac942,2025-02,South Yorkshire Police,South Yorkshire Police,-1.468928,53.580446,On or near Laithes Lane,E01007326,Barnsley 007D,Criminal damage and arson,Investigation complete; no suspect identified,
91e4bc2b71891ce1a1ac3065836612bff08ab8829400d2a7d6c6b0cdba2c797e,2025-02,South Yorkshire Police,South Yorkshire Police,-1.472979,53.578954,On or near Catherines Walk,E01007326,Barnsley 007D,Possession of weapons,Investigation complete; no suspect identified,
730a1fab9d983bdf616a2cf507cbf740eb59d7e2665c961bf873073a6dd9f65b,2025-02,South Yorkshire Police,South Yorkshire Police,-1.472979,53.578954,On or near Catherines Walk,E01007326,Barnsley 007D,Vehicle crime,Investigation complete; no suspect identified,
2c72f7f50a898f00abc94eeea1001e7daf17a61b934702b960f98e5aeca8d631,2025-02,South Yorkshire Police,South Yorkshire Police,-1.470095,53.581332,On or near Rufford Avenue,E01007326,Barnsley 007D,Violence and sexual offences,Unable to prosecute suspect,
2c4475da727c63ca9f4f4ca99e05f9c8de8831787c3d4a96cd28fd9d5b282e98,2025-02,South Yorkshire Police,South Yorkshire Police,-1.471178,53.578047,On or near Wingfield Road,E01007326,Barnsley 007D,Violence and sexual offences,Unable to prosecute suspect,
c5c40d462c393ab4fb106457e276a766e573809245996fb61c322bc1861db73a,2025-02,South Yorkshire Police,South Yorkshire Police,-1.471178,53.578047,On or near Wingfield Road,E01007326,Barnsley 007D,Violence and sexual offences,Unable to prosecute suspect,
1b1819dd63180e083af824e342038d37154cfbccad77f1cf8001b88116a960fe,2025-02,South Yorkshire Police,South Yorkshire Police,-1.472761,53.578270,On or near Blossom View,E01007326,Barnsley 007D,Violence and sexual offences,Unable to prosecute suspect,
1786d7af255abf10987556bd5cd0cbc850783ccdb7bfdd98baae819c61826f5c,2025-02,South Yorkshire Police,South Yorkshire Police,-1.472564,53.579518,On or near Edwins Close,E01007326,Barnsley 007D,Violence and sexual offences,Unable to prosecute suspect,
0b60297308270c5ae7f80d1eb8c1601a9817ec4c3ad6a8c5560c8b2ac5fa4667,2025-02,South Yorkshire Police,South Yorkshire Police,-1.470095,53.581332,On or near Rufford Avenue,E01007326,Barnsley 007D,Violence and sexual offences,Awaiting court outcome,
,2025-02,South Yorkshire Police,South Yorkshire Police,-1.458046,53.579777,On or near Blakeley Close,E01007327,Barnsley 007E,Anti-social behaviour,,
,2025-02,South Yorkshire Police,South Yorkshire Police,-1.458046,53.579777,On or near Blakeley Close,E01007327,Barnsley 007E,Anti-social behaviour,,
,2025-02,South Yorkshire Police,South Yorkshire Police,-1.465727,53.579138,On or near Peveril Crescent,E01007327,Barnsley 007E,Anti-social behaviour,,
,2025-02,South Yorkshire Police,South Yorkshire Police,-1.460880,53.573103,On or near St Helen'S Boulevard,E01007327,Barnsley 007E,Anti-social behaviour,,
,2025-02,South Yorkshire Police,South Yorkshire Police,-1.458046,53.579777,On or near Blakeley Close,E01007327,Barnsley 007E,Anti-social behaviour,,
71717565feae65a368048feb729f9b1151897c2f2a56d270bab9977a7d649216,2025-02,South Yorkshire Police,South Yorkshire Police,-1.458046,53.579777,On or near Blakeley Close,E01007327,Barnsley 007E,Bicycle theft,Investigation complete; no suspect identified,
6e0a43cb1caf4a55e292ab8728d4af49ab0e3f2b30a1dd38d9aca970bfacc39e,2025-02,South Yorkshire Police,South Yorkshire Police,-1.458046,53.579777,On or near Blakeley Close,E01007327,Barnsley 007E,Bicycle theft,Awaiting court outcome,
582f7922cd1a3256994cc6e2ef591cb9cce8a8cf255f2a9e033ff95ad500a14f,2025-02,South Yorkshire Police,South Yorkshire Police,-1.466189,53.577225,On or near Peak Road,E01007327,Barnsley 007E,Burglary,Investigation complete; no suspect identified,
6de54a543c1a48913b97f312ab1d13c998920ed47eff1822c58908ba4cb1f167,2025-02,South Yorkshire Police,South Yorkshire Police,-1.453405,53.574309,On or near Construction Way,E01007327,Barnsley 007E,Burglary,Investigation complete; no suspect identified,
6499725b4da286c888b84ffbb538f245456e7d15664c172dd96a52fb80f64fe1,2025-02,South Yorkshire Police,South Yorkshire Police,-1.463657,53.578059,On or near Derwent Road,E01007327,Barnsley 007E,Criminal damage and arson,Unable to prosecute suspect,
9599556a410d15a54796144ef89140ad936eb1de5feb1b51a660eb0feb44f9a3,2025-02,South Yorkshire Police,South Yorkshire Police,-1.458046,53.579777,On or near Blakeley Close,E01007327,Barnsley 007E,Criminal damage and arson,Investigation complete; no suspect identified,
e1c41a3f4fba7d79694d50c8d127369a7f97da8b04c427b4f1785595f56d675d,2025-02,South Yorkshire Police,South Yorkshire Police,-1.458046,53.579777,On or near Blakeley Close,E01007327,Barnsley 007E,Criminal damage and arson,Investigation complete; no suspect identified,
7c77c865635961e0f8d84dc697940c41ff4687cd4c0ddf57636814fc7c9b7210,2025-02,South Yorkshire Police,South Yorkshire Police,-1.460341,53.575141,On or near Aldbury Close,E01007327,Barnsley 007E,Criminal damage and arson,Unable to prosecute suspect,
194719bc98863e210ca2bf495c701cfa9d5f2db4cd9532811b2f374612985efe,2025-02,South Yorkshire Police,South Yorkshire Police,-1.464628,53.578854,On or near Laithes Court,E01007327,Barnsley 007E,Criminal damage and arson,Unable to prosecute suspect,
fe2f5fad9277921033f469d7fed4b5256872f312d4722fb7585ab9e50ca2f778,2025-02,South Yorkshire Police,South Yorkshire Police,-1.464628,53.578854,On or near Laithes Court,E01007327,Barnsley 007E,Other theft,Unable to prosecute suspect,
53e73123245d16a7e3d1283edfdbf8ff823b5da1ea37083fed3ad5f75a9479e8,2025-02,South Yorkshire Police,South Yorkshire Police,-1.460341,53.575141,On or near Aldbury Close,E01007327,Barnsley 007E,Possession of weapons,Action to be taken by another organisation,
01024545f0f488e659285e320a3ebbd06a544bcd84a38763172b4e863279dfcc,2025-02,South Yorkshire Police,South Yorkshire Police,-1.463657,53.578059,On or near Derwent Road,E01007327,Barnsley 007E,Public order,Unable to prosecute suspect,
c6d8dc8911c9862dbfba5136bb92ff293858cd00f3b4b1ea391210d8d1797ffc,2025-02,South Yorkshire Police,South Yorkshire Police,-1.466189,53.577225,On or near Peak Road,E01007327,Barnsley 007E,Vehicle crime,Investigation complete; no suspect identified,
848426afa15b1822d16462fb4344b742442fafa22c8df6f8ba87210747439e24,2025-02,South Yorkshire Police,South Yorkshire Police,-1.458046,53.579777,On or near Blakeley Close,E01007327,Barnsley 007E,Violence and sexual offences,Further investigation is not in the public interest,
562847fcd371b2db85879f03fafda4cbb37121feff9f83348406ae05a0b4b935,2025-02,South Yorkshire Police,South Yorkshire Police,-1.461171,53.578767,On or near Baslow Road,E01007327,Barnsley 007E,Violence and sexual offences,Unable to prosecute suspect,
147b115dba48bf9e3d64d7462601fda3eee46fec84befc5c3892433ac0397513,2025-02,South Yorkshire Police,South Yorkshire Police,-1.460341,53.575141,On or near Aldbury Close,E01007327,Barnsley 007E,Violence and sexual offences,Unable to prosecute suspect,
169968188ba3affe62c169e9933e05b6f192f68d4dc896a4cdcd8fa16a80bd83,2025-02,South Yorkshire Police,South Yorkshire Police,-1.460341,53.575141,On or near Aldbury Close,E01007327,Barnsley 007E,Violence and sexual offences,Investigation complete; no suspect identified,
debd13a4f821b085c4f907781ffb5bc8e5e4487082edca9c360cd1ee7876df35,2025-02,South Yorkshire Police,South Yorkshire Police,-1.458046,53.579777,On or near Blakeley Close,E01007327,Barnsley 007E,Violence and sexual offences,Unable to prosecute suspect,
f0c8e23832b41901a186b54c33b5011ac30f7aa9ec255d6355c9ce3ab490b07f,2025-02,South Yorkshire Police,South Yorkshire Police,-1.460341,53.575141,On or near Aldbury Close,E01007327,Barnsley 007E,Violence and sexual offences,Unable to prosecute suspect,
1bf14a286bda1f59e05274cd37fbcfd5d350bd7941fe4f45c7da9d793befe966,2025-02,South Yorkshire Police,South Yorkshire Police,-1.464470,53.575806,On or near Matlock Road,E01007327,Barnsley 007E,Violence and sexual offences,Unable to prosecute suspect,
e2b00bcf0ffc346c36c5a20ed6dcc954bae0e9f59e427442bf46bb2ff9cda3b3,2025-02,South Yorkshire Police,South Yorkshire Police,-1.460880,53.573103,On or near St Helen'S Boulevard,E01007327,Barnsley 007E,Other crime,Investigation complete; no suspect identified,
,2025-02,South Yorkshire Police,South Yorkshire Police,-1.486684,53.582186,On or near B6131,E01007411,Barnsley 007F,Anti-social behaviour,,
,2025-02,South Yorkshire Police,South Yorkshire Police,-1.485685,53.578659,On or near Murdoch Place,E01007411,Barnsley 007F,Anti-social behaviour,,
f484e1190fbc30d6f29e299e242bbca19bf0758d71efef5343953f63b4bd0a4a,2025-02,South Yorkshire Police,South Yorkshire Police,-1.484198,53.580459,On or near Kirkstall Road,E01007411,Barnsley 007F,Criminal damage and arson,Unable to prosecute suspect,
f4d1ee420862bc6be91f75ba5313d7bca8b6b169d4897e020eca8bc879c1eccd,2025-02,South Yorkshire Police,South Yorkshire Police,-1.484807,53.577513,On or near Standhill Crescent,E01007411,Barnsley 007F,Criminal damage and arson,Unable to prosecute suspect,
e2ab8fb5ec911032dce5e537c88375db019cc86f8632f41aab79fc4235054264,2025-02,South Yorkshire Police,South Yorkshire Police,-1.486448,53.579237,On or near Cayton Close,E01007411,Barnsley 007F,Other theft,Unable to prosecute suspect,
d87f42e99b2abd8e29ce4608350e7bbc8c0875f1abb730a0b83b6092955e9ad2,2025-02,South Yorkshire Police,South Yorkshire Police,-1.484198,53.580459,On or near Kirkstall Road,E01007411,Barnsley 007F,Public order,Unable to prosecute suspect,
c0b7e9bb6ec02bd15a97cb54d2d8fd55791805a0ba10269ea8abb2bbf7221e5e,2025-02,South Yorkshire Police,South Yorkshire Police,-1.484198,53.580459,On or near Kirkstall Road,E01007411,Barnsley 007F,Public order,Unable to prosecute suspect,
710aae6704c01afffec0a447e58ce646bd670730546bc2916bcc901d4d5ecfc7,2025-02,South Yorkshire Police,South Yorkshire Police,-1.484198,53.580459,On or near Kirkstall Road,E01007411,Barnsley 007F,Public order,Unable to prosecute suspect,
3cf90facf5bfdff34986e15945ecd15c759b96815346df599465b14c946dca23,2025-02,South Yorkshire Police,South Yorkshire Police,-1.484807,53.577513,On or near Standhill Crescent,E01007411,Barnsley 007F,Violence and sexual offences,Unable to prosecute suspect,
b20ddd06667e8fc0b384353faeb4d1232c6525b751e86aae98a5f0c67d447ee8,2025-02,South Yorkshire Police,South Yorkshire Police,-1.480434,53.577009,On or near Sherburn Road,E01007411,Barnsley 007F,Violence and sexual offences,Local resolution,
8585a4dcb7ecce3509b639bfa77341ef66e04ca8b3f26981de58e97484f3dffe,2025-02,South Yorkshire Police,South Yorkshire Police,-1.484198,53.580459,On or near Kirkstall Road,E01007411,Barnsley 007F,Violence and sexual offences,Unable to prosecute suspect,
fa7c746ffe659c858e6e67de0f2aef5f67689e9fc9b3199c45c5b6a529a6fd31,2025-02,South Yorkshire Police,South Yorkshire Police,-1.482806,53.580642,On or near Wakefield Road,E01007411,Barnsley 007F,Violence and sexual offences,Unable to prosecute suspect,
,2025-02,South Yorkshire Police,South Yorkshire Police,-1.405344,53.568327,On or near Moorland Terrace,E01007341,Barnsley 008A,Anti-social behaviour,,
34a323d91648241badb8727efc9864a25afc210191fc7ca90e6826ba2cc6da7b,2025-02,South Yorkshire Police,South Yorkshire Police,-1.407068,53.565963,On or near Birkwood Avenue,E01007341,Barnsley 008A,Criminal damage and arson,Unable to prosecute suspect,
aafbff8124e536028d4082ced9ca61d03c7114ba8b5b487f964c05e5d55e2664,2025-02,South Yorkshire Police,South Yorkshire Police,-1.407823,53.563801,On or near Pleasant View,E01007341,Barnsley 008A,Criminal damage and arson,Unable to prosecute suspect,
0b6e0286532f047451e37018e8ece242aa77b28e3819f7eb079b3764e2ed94f7,2025-02,South Yorkshire Police,South Yorkshire Police,-1.405671,53.564428,On or near Acre Road,E01007341,Barnsley 008A,Other theft,Investigation complete; no suspect identified,
8a703a1cf22df2a9b05d75116650cbd3829b3e340924885dc8e392a3295d9768,2025-02,South Yorkshire Police,South Yorkshire Police,-1.405344,53.568327,On or near Moorland Terrace,E01007341,Barnsley 008A,Public order,Unable to prosecute suspect,
2780422857190855a76d5013f9c56151418c594375ae2aa09b5b9d107ad31ee2,2025-02,South Yorkshire Police,South Yorkshire Police,-1.405344,53.568327,On or near Moorland Terrace,E01007341,Barnsley 008A,Public order,Unable to prosecute suspect,
cf72f32faf0b87aa686ed7fb5d329c4238ef78b190010c6904cd937d257a0dee,2025-02,South Yorkshire Police,South Yorkshire Police,-1.405344,53.568327,On or near Moorland Terrace,E01007341,Barnsley 008A,Public order,Unable to prosecute suspect,
65baf9705e2195ea99c3149ba65d18e2dc1debbf5943b94c168cd1fc3a6887e7,2025-02,South Yorkshire Police,South Yorkshire Police,-1.407823,53.563801,On or near Pleasant View,E01007341,Barnsley 008A,Vehicle crime,Investigation complete; no suspect identified,
b5593a93758f9b08dec200103b8dda79ee94af2fbbdeb2e9142b6c8354b99c21,2025-02,South Yorkshire Police,South Yorkshire Police,-1.405544,53.566971,On or near Darfield Road,E01007341,Barnsley 008A,Vehicle crime,Investigation complete; no suspect identified,
c5845259aca03cdc7ff1f9207023e53cb888db659fe3d2ffd9ef8fdaa6eaced0,2025-02,South Yorkshire Police,South Yorkshire Police,-1.404537,53.564494,On or near Southfield Road,E01007341,Barnsley 008A,Violence and sexual offences,Investigation complete; no suspect identified,
bdff45ddcc7c1b350721f9e1eb6dd884bb856d151206f16322d2695c2aafea98,2025-02,South Yorkshire Police,South Yorkshire Police,-1.407823,53.563801,On or near Pleasant View,E01007341,Barnsley 008A,Violence and sexual offences,Unable to prosecute suspect,
ca20a9397d1ea7bc72a4bac664768eb7cb59cd5ee4d70529d07e2d0d9d9c4fc0,2025-02,South Yorkshire Police,South Yorkshire Police,-1.407068,53.565963,On or near Birkwood Avenue,E01007341,Barnsley 008A,Violence and sexual offences,Unable to prosecute suspect,
a27176adec0b1266c8ea5d97ab45f89853584e1437e0b8301aa72c6c5c8f8d9a,2025-02,South Yorkshire Police,South Yorkshire Police,-1.407823,53.563801,On or near Pleasant View,E01007341,Barnsley 008A,Violence and sexual offences,Offender given a caution,
3c07ef9173a7c1c4fd89a5aba656b2a83a8857e09533a6bca2bb25b30c8a7b94,2025-02,South Yorkshire Police,South Yorkshire Police,-1.407823,53.563801,On or near Pleasant View,E01007341,Barnsley 008A,Violence and sexual offences,Unable to prosecute suspect,
e5b355144bb25af151312d9eafcb34c8debc85cfc68e241b28a7c85be3281f51,2025-02,South Yorkshire Police,South Yorkshire Police,-1.407823,53.563801,On or near Pleasant View,E01007341,Barnsley 008A,Other crime,Unable to prosecute suspect,
,2025-02,South Yorkshire Police,South Yorkshire Police,-1.414359,53.580353,On or near Victoria Street,E01007345,Barnsley 008B,Anti-social behaviour,,
,2025-02,South Yorkshire Police,South Yorkshire Police,-1.412836,53.580148,On or near Manse Farm Mews,E01007345,Barnsley 008B,Anti-social behaviour,,
6d7a8beccd30fe76a8729478b5f14096421c80cff1535f571f42e6592c497c2a,2025-02,South Yorkshire Police,South Yorkshire Police,-1.417461,53.577744,On or near Carlton Street,E01007345,Barnsley 008B,Criminal damage and arson,Investigation complete; no suspect identified,
e493261da6f84652e8bdf867a0ead6cd6535342dee10cb32ecbfead0a7396e26,2025-02,South Yorkshire Police,South Yorkshire Police,-1.418315,53.574872,On or near St John'S Road,E01007345,Barnsley 008B,Criminal damage and arson,Unable to prosecute suspect,
84e67401d6d56973528cc634972892113dee272681fa617470d61157175da61a,2025-02,South Yorkshire Police,South Yorkshire Police,-1.418315,53.574872,On or near St John'S Road,E01007345,Barnsley 008B,Public order,Investigation complete; no suspect identified,
29be93bf5974d713075b519d8af602f877495488f65dae63f5e6a4cd2608a4a4,2025-02,South Yorkshire Police,South Yorkshire Police,-1.414359,53.580353,On or near Victoria Street,E01007345,Barnsley 008B,Public order,Unable to prosecute suspect,
392660f9dfab8af991affcbf5af56e3a8afbdc570ced3b596e3382f54319f280,2025-02,South Yorkshire Police,South Yorkshire Police,-1.414750,53.578243,On or near New Road Court,E01007345,Barnsley 008B,Shoplifting,Unable to prosecute suspect,
dfb8c2d9aa9e3a4bd8c4e768b5f214c8630e89ccada100eca280631142ad1ce9,2025-02,South Yorkshire Police,South Yorkshire Police,-1.418107,53.576866,On or near Barnsley Road,E01007345,Barnsley 008B,Shoplifting,Investigation complete; no suspect identified,
0cd0c9ce8294cf65e6551cf6d46e07a94a99858fb10feccfa1592d851b43221e,2025-02,South Yorkshire Police,South Yorkshire Police,-1.415059,53.575593,On or near Churchfield Terrace,E01007345,Barnsley 008B,Vehicle crime,Investigation complete; no suspect identified,
1914e87837e3b8ec5fd9320564269d739a71471e67ccc2da206b61157b8d430e,2025-02,South Yorkshire Police,South Yorkshire Police,-1.418315,53.574872,On or near St John'S Road,E01007345,Barnsley 008B,Violence and sexual offences,Unable to prosecute suspect,
7e36f20fed52386f0412e6dba32438cb46c3bcd4d84d4ecc92e8a6c70882d970,2025-02,South Yorkshire Police,South Yorkshire Police,-1.418315,53.574872,On or near St John'S Road,E01007345,Barnsley 008B,Violence and sexual offences,Unable to prosecute suspect,
9c9c4290af7035c1415c115b513b399db20eed8dd5c9a05b9525e9b95ef4984f,2025-02,South Yorkshire Police,South Yorkshire Police,-1.417461,53.577744,On or near Carlton Street,E01007345,Barnsley 008B,Violence and sexual offences,Unable to prosecute suspect,
,2025-02,South Yorkshire Police,South Yorkshire Police,-1.418886,53.576187,On or near Barnsley Road,E01007346,Barnsley 008C,Anti-social behaviour,,
37fe027efb99fa901e62ddab0a0cf9ccade5a1354b3ffdf80653b5b75f7092b0,2025-02,South Yorkshire Police,South Yorkshire Police,-1.414289,53.574475,On or near Churchfield Crescent,E01007346,Barnsley 008C,Burglary,Investigation complete; no suspect identified,
6dd011ce9b63cbb3c752f58b3e83d48c898f239ab43f81eba3c5d9acbc30dab2,2025-02,South Yorkshire Police,South Yorkshire Police,-1.420395,53.572967,On or near Thornwell Grove,E01007346,Barnsley 008C,Criminal damage and arson,Unable to prosecute suspect,
c6e1502524d9b19d294de28d3d3e18549dd5558c893c0129498a56aa811bc033,2025-02,South Yorkshire Police,South Yorkshire Police,-1.422076,53.570468,On or near Newdale Avenue,E01007346,Barnsley 008C,Drugs,Unable to prosecute suspect,
3ff63e41fc56292a498dd4b19c0e1ea5f24193e5e7d2057ffe8d87e2fd476115,2025-02,South Yorkshire Police,South Yorkshire Police,-1.421233,53.573565,On or near Manor Road,E01007346,Barnsley 008C,Other theft,Investigation complete; no suspect identified,
c9ef0eadfb4fab750a206f72888ceb59f1ffda13ee329da475901304adf1c0c1,2025-02,South Yorkshire Police,South Yorkshire Police,-1.418219,53.570880,On or near Newtown Avenue,E01007346,Barnsley 008C,Violence and sexual offences,Investigation complete; no suspect identified,
9e1365fd72307f5ca36aca123ceb52c7cf8c2e9c37e36f2c6450f6bb9e57dc4d,2025-02,South Yorkshire Police,South Yorkshire Police,-1.420901,53.575765,On or near Bloemfontein Street,E01007346,Barnsley 008C,Violence and sexual offences,Investigation complete; no suspect identified,
6af00838abccca2e5f1820b0c0d370b1882cee4b9c3657d5c195a3b59aa9f4c2,2025-02,South Yorkshire Police,South Yorkshire Police,-1.418886,53.576187,On or near Barnsley Road,E01007346,Barnsley 008C,Other crime,Unable to prosecute suspect,
38d4a219f983a92995d13fcbacb617525c0b3d5f6f2f84bba10772838ca6d30c,2025-02,South Yorkshire Police,South Yorkshire Police,-1.416397,53.571627,On or near Quarry Bank Close,E01007346,Barnsley 008C,Other crime,Unable to prosecute suspect,
,2025-02,South Yorkshire Police,South Yorkshire Police,-1.396445,53.560834,On or near Park/Open Space,E01007347,Barnsley 008D,Anti-social behaviour,,
41da6984d92af8113a839deaded5254280799fedf2036a86ba77b638f2e49ecf,2025-02,South Yorkshire Police,South Yorkshire Police,-1.403222,53.563508,On or near Storrs Wood View,E01007347,Barnsley 008D,Criminal damage and arson,Investigation complete; no suspect identified,
b4067efbd5d1210e80da07dc78801de4bb0eb23578ff8ac1656eca53a5d0dd8a,2025-02,South Yorkshire Police,South Yorkshire Police,-1.414786,53.570163,On or near Low Cudworth,E01007347,Barnsley 008D,Criminal damage and arson,Investigation complete; no suspect identified,
3cd96cc3f7fb528fffeb205c832d93d8f5b23238d8d45e087298fcd49c2ce210,2025-02,South Yorkshire Police,South Yorkshire Police,-1.414515,53.571240,On or near White Cross Road,E01007347,Barnsley 008D,Criminal damage and arson,Investigation complete; no suspect identified,
48cb149abc03c9983dfae90f80860512ac2c855b57bff42df26dc834e79d8dd5,2025-02,South Yorkshire Police,South Yorkshire Police,-1.407979,53.569940,On or near West View,E01007347,Barnsley 008D,Public order,Unable to prosecute suspect,
57051dcf6e0a05a5675e53b7c569881b22f89fc74b12431543f2f51e716edd7f,2025-02,South Yorkshire Police,South Yorkshire Police,-1.412688,53.573352,On or near Parking Area,E01007347,Barnsley 008D,Robbery,Unable to prosecute suspect,
b2696ef78076ce5fcae4dd7687c51b29ef3326de9505a5407b69390b12584f30,2025-02,South Yorkshire Police,South Yorkshire Police,-1.409241,53.569353,On or near Westhaven,E01007347,Barnsley 008D,Violence and sexual offences,Unable to prosecute suspect,
3e67f322212905e6d88ce61ef7b6fceb3c88170a224223fd477118e9d98ece4f,2025-02,South Yorkshire Police,South Yorkshire Police,-1.407979,53.569940,On or near West View,E01007347,Barnsley 008D,Violence and sexual offences,Unable to prosecute suspect,
dd8b3383dfa03aca9bc08d6eb4e1e413a68dbec15cae8e59bb66a632b01e2fd8,2025-02,South Yorkshire Police,South Yorkshire Police,-1.396445,53.560834,On or near Park/Open Space,E01007347,Barnsley 008D,Other crime,Action to be taken by another organisation,
,2025-02,South Yorkshire Police,South Yorkshire Police,-1.469932,53.558087,On or near Parking Area,E01007334,Barnsley 009A,Anti-social behaviour,,
,2025-02,South Yorkshire Police,South Yorkshire Police,-1.470871,53.559071,On or near Twibell Street,E01007334,Barnsley 009A,Anti-social behaviour,,
,2025-02,South Yorkshire Police,South Yorkshire Police,-1.470871,53.559071,On or near Twibell Street,E01007334,Barnsley 009A,Anti-social behaviour,,
,2025-02,South Yorkshire Police,South Yorkshire Police,-1.464124,53.561414,On or near Shelley Drive,E01007334,Barnsley 009A,Anti-social behaviour,,
ed7b1e30d8a1a3b016e182a8ab1bd707e304ac3dea2630f9ac02185b42c57b64,2025-02,South Yorkshire Police,South Yorkshire Police,-1.469296,53.560700,On or near Old Tannery Road,E01007334,Barnsley 009A,Burglary,Investigation complete; no suspect identified,
a5dee5772135da52ed5a0792d718754019c7be23a50e489b41f8e3b8f0462ba4,2025-02,South Yorkshire Police,South Yorkshire Police,-1.461205,53.565356,On or near Rotherham Road,E01007334,Barnsley 009A,Public order,Unable to prosecute suspect,
28589bdbaed8eb5cecb9a8b099779619d49d398ebdc1a3a033f89a66e63509c7,2025-02,South Yorkshire Police,South Yorkshire Police,-1.461205,53.565356,On or near Rotherham Road,E01007334,Barnsley 009A,Public order,Unable to prosecute suspect,
bef74d6ecf3862ef5d3111a6b9e99d26647df1bd713c9a5e814f392822ed00fe,2025-02,South Yorkshire Police,South Yorkshire Police,-1.469932,53.558087,On or near Parking Area,E01007334,Barnsley 009A,Robbery,Awaiting court outcome,
a09185c3718dc466fe3b6335e3da2a029fdb88049dad92f49fb4f35dcec4eafe,2025-02,South Yorkshire Police,South Yorkshire Police,-1.469932,53.558087,On or near Parking Area,E01007334,Barnsley 009A,Shoplifting,Awaiting court outcome,
75a7d1104cb0a2e6c2a0afc88ac25402296f3d4a1a64ebb5a6b299f8187a47e3,2025-02,South Yorkshire Police,South Yorkshire Police,-1.469932,53.558087,On or near Parking Area,E01007334,Barnsley 009A,Shoplifting,Unable to prosecute suspect,
5f99ffcb586981623f8f75ab9e82860a8af98bdf82ec64b54ccdfec078ad2eae,2025-02,South Yorkshire Police,South Yorkshire Police,-1.469932,53.558087,On or near Parking Area,E01007334,Barnsley 009A,Shoplifting,Awaiting court outcome,
fbafbd1d50607ec9d5420897966f7c73e841bdfaf6ba41ffdbb7b703247a2a20,2025-02,South Yorkshire Police,South Yorkshire Police,-1.469932,53.558087,On or near Parking Area,E01007334,Barnsley 009A,Shoplifting,Awaiting court outcome,
1a375ef323667175a4a79628dfdd0591922a7e83392e6aac2edd47ae680b466f,2025-02,South Yorkshire Police,South Yorkshire Police,-1.469932,53.558087,On or near Parking Area,E01007334,Barnsley 009A,Shoplifting,Awaiting court outcome,
14ecc830a47f691fb490f900b1572dbeaf505d2dd07b5ea7effc11eccc19f764,2025-02,South Yorkshire Police,South Yorkshire Police,-1.470871,53.559071,On or near Twibell Street,E01007334,Barnsley 009A,Shoplifting,Investigation complete; no suspect identified,
f4e5c4aeb4263d059b8fce7cc3d008ba7676eadc620d0c61e852a5a510510ac6,2025-02,South Yorkshire Police,South Yorkshire Police,-1.462298,53.564876,On or near Wellington Close,E01007334,Barnsley 009A,Vehicle crime,Investigation complete; no suspect identified,
1783d06f0819944e4f372405670cff2e3cf004de2e04b2acfb1dd3574cce1230,2025-02,South Yorkshire Police,South Yorkshire Police,-1.461931,53.564101,On or near Clarence Road,E01007334,Barnsley 009A,Vehicle crime,Investigation complete; no suspect identified,
ba5f6d88fe48a361f5865c9a9332a9f625c1acce567fc3cb0f9dd0403c02c4a1,2025-02,South Yorkshire Police,South Yorkshire Police,-1.470871,53.559071,On or near Twibell Street,E01007334,Barnsley 009A,Vehicle crime,Investigation complete; no suspect identified,
578846df673478336db3482d96d7cedf898f8943cdc17a767160c301b4c0edb6,2025-02,South Yorkshire Police,South Yorkshire Police,-1.462442,53.563052,On or near Cornwall Close,E01007334,Barnsley 009A,Violence and sexual offences,Status update unavailable,
db4aa7386bcb6094d936f444b621053259cf9d545beda71e7fc3e35fee33e1a1,2025-02,South Yorkshire Police,South Yorkshire Police,-1.462442,53.563052,On or near Cornwall Close,E01007334,Barnsley 009A,Violence and sexual offences,Action to be taken by another organisation,
bffa2431fa4f701e94f3b95740e78fc17c00b585ff7f556af8f7bb8603fbddd7,2025-02,South Yorkshire Police,South Yorkshire Police,-1.461205,53.565356,On or near Rotherham Road,E01007334,Barnsley 009A,Violence and sexual offences,Unable to prosecute suspect,
ba1a94cc1ce7c9a072beeb483751db4757f3526f1ca7ce70c254fbf98f0b5888,2025-02,South Yorkshire Police,South Yorkshire Police,-1.469932,53.558087,On or near Parking Area,E01007334,Barnsley 009A,Violence and sexual offences,Unable to prosecute suspect,
,2025-02,South Yorkshire Police,South Yorkshire Police,-1.456827,53.561822,On or near Thoresby Avenue,E01007335,Barnsley 009B,Anti-social behaviour,,
ba8ee46d5a4c6ca9687b0a0e883f65a46fc1c01124442d95f2ee1ada88a525a4,2025-02,South Yorkshire Police,South Yorkshire Police,-1.461929,53.561836,On or near Sheridan Court,E01007335,Barnsley 009B,Criminal damage and arson,Unable to prosecute suspect,
b9edd84d6aa3ed595bd033ddc6879100d2a158f14e1c1a0c19200b5a1c3c9f25,2025-02,South Yorkshire Police,South Yorkshire Police,-1.460836,53.562361,On or near Haworth Close,E01007335,Barnsley 009B,Other theft,Investigation complete; no suspect identified,
ae40c0bcc870f416e50479c04a13dfaa02714fed1f0392676df3ace3f5d947bd,2025-02,South Yorkshire Police,South Yorkshire Police,-1.460836,53.562361,On or near Haworth Close,E01007335,Barnsley 009B,Public order,Investigation complete; no suspect identified,
f9b5d43588085f8e177dbc6ddb9b0e788417a605b0470e10e93d0d8f756a661f,2025-02,South Yorkshire Police,South Yorkshire Police,-1.456827,53.561822,On or near Thoresby Avenue,E01007335,Barnsley 009B,Public order,Unable to prosecute suspect,
cc7f5a824e561a8db68f15577451d397b22b8adaffa7252daadc51d6cafa2fa4,2025-02,South Yorkshire Police,South Yorkshire Police,-1.459230,53.561554,On or near Castle Close,E01007335,Barnsley 009B,Shoplifting,Unable to prosecute suspect,
bb9399f38371a567c43b5cd1280bc001b219796ca8c9b8786355d8e6c161dce0,2025-02,South Yorkshire Police,South Yorkshire Police,-1.459230,53.561554,On or near Castle Close,E01007335,Barnsley 009B,Shoplifting,Awaiting court outcome,
4b866b2d94a0ecd6a218326177e649b2342f3665f52e2691740001bd30ce30b6,2025-02,South Yorkshire Police,South Yorkshire Police,-1.459230,53.561554,On or near Castle Close,E01007335,Barnsley 009B,Shoplifting,Awaiting court outcome,
86252ee59167bfaf8adb5698b34ed8eecc5b6295396fa72293b6bd8d28319867,2025-02,South Yorkshire Police,South Yorkshire Police,-1.459179,53.564376,On or near Wordsworth Road,E01007335,Barnsley 009B,Vehicle crime,Investigation complete; no suspect identified,
9fa88ecd9a737473965b4c2d293ad13323661e1b6edb4f6f060cf68c322d45a1,2025-02,South Yorkshire Police,South Yorkshire Police,-1.458554,53.558944,On or near Camborne Way,E01007335,Barnsley 009B,Vehicle crime,Investigation complete; no suspect identified,
92a2a55b9e037eb7dd18d186ddbe0bde3fce9601eb395d392b3e4c7aa45ae3d4,2025-02,South Yorkshire Police,South Yorkshire Police,-1.457484,53.558832,On or near Bude Court,E01007335,Barnsley 009B,Vehicle crime,Unable to prosecute suspect,
47180f8c224e4d9a5787ab819eb7f5be09827a0b6ad417aed15e6113d438c3ee,2025-02,South Yorkshire Police,South Yorkshire Police,-1.461929,53.561836,On or near Sheridan Court,E01007335,Barnsley 009B,Other crime,Unable to prosecute suspect,
,2025-02,South Yorkshire Police,South Yorkshire Police,-1.454942,53.568698,On or near Butter Cross Park,E01007400,Barnsley 009C,Anti-social behaviour,,
,2025-02,South Yorkshire Police,South Yorkshire Police,-1.456212,53.567374,On or near Orchard Close,E01007400,Barnsley 009C,Anti-social behaviour,,
1d6c98b13eb73efffbc2a2223ae2f78c6767be50c0ee91844511266d56fbd2a7,2025-02,South Yorkshire Police,South Yorkshire Police,-1.461294,53.566651,On or near Quaker Lane,E01007400,Barnsley 009C,Burglary,Unable to prosecute suspect,
032c601c13e5a1b8a00b2f7c3b66f8a98e9be7b917bb652c35b6e8189fbf8020,2025-02,South Yorkshire Police,South Yorkshire Police,-1.454339,53.563932,On or near Club Street,E01007400,Barnsley 009C,Criminal damage and arson,Investigation complete; no suspect identified,
5dd44ce6cecbb68f1b31a050d2fc5a64b5b010458429a7c086b1b358e55ed8ab,2025-02,South Yorkshire Police,South Yorkshire Police,-1.454320,53.565388,On or near Cross Street,E01007400,Barnsley 009C,Drugs,Status update unavailable,
34b2c4680894756a4d34a3005aa3d06d410933e75d31f019255fa374ec199c3e,2025-02,South Yorkshire Police,South Yorkshire Police,-1.465465,53.566391,On or near Lancar Court,E01007400,Barnsley 009C,Vehicle crime,Investigation complete; no suspect identified,
c9fdbab847d125e40f9c4fb09950c3ad95f9bc4ed08bcce2f72813ed56217b5d,2025-02,South Yorkshire Police,South Yorkshire Police,-1.454038,53.567337,On or near Back Lane,E01007400,Barnsley 009C,Violence and sexual offences,Unable to prosecute suspect,
5196b5cb9ebb93b59ba38f91f3c8dd12f0b3e9167efd6d44b8ee251ba709265c,2025-02,South Yorkshire Police,South Yorkshire Police,-1.454038,53.567337,On or near Back Lane,E01007400,Barnsley 009C,Violence and sexual offences,Unable to prosecute suspect,
51f403a72d324d21ce4ba03bb40f2d027a6f93bb9c2f3b89638448ce2fa116d3,2025-02,South Yorkshire Police,South Yorkshire Police,-1.454038,53.567337,On or near Back Lane,E01007400,Barnsley 009C,Violence and sexual offences,Unable to prosecute suspect,
348e45cb2d0e7faa9998539b7bfeb42b8d399fba1ee8e14b38ad029a0a522ea9,2025-02,South Yorkshire Police,South Yorkshire Police,-1.453278,53.566552,On or near Hunt Close,E01007400,Barnsley 009C,Violence and sexual offences,Awaiting court outcome,
6683d38b56b137a97ce970a1e913f6bcf23eda47af075ba81416b88169a4f2ea,2025-02,South Yorkshire Police,South Yorkshire Police,-1.454038,53.567337,On or near Back Lane,E01007400,Barnsley 009C,Violence and sexual offences,Unable to prosecute suspect,
a01b3caf666e685664bce5760da2032b34c66c1f147b0f500dd177deea50558d,2025-02,South Yorkshire Police,South Yorkshire Police,-1.454968,53.564312,On or near Folly Mews,E01007400,Barnsley 009C,Violence and sexual offences,Unable to prosecute suspect,
f50d50aa9eb1105d670bf2a4b8e5d5da937c1316d07ae1025a801c035234fd8c,2025-02,South Yorkshire Police,South Yorkshire Police,-1.454038,53.567337,On or near Back Lane,E01007400,Barnsley 009C,Violence and sexual offences,Unable to prosecute suspect,
,2025-02,South Yorkshire Police,South Yorkshire Police,-1.446503,53.566206,On or near Meadow Drive,E01007404,Barnsley 009D,Anti-social behaviour,,
1221aff623dbc7913875113f97146723dbe6125495e5363783e5052d97ce8715,2025-02,South Yorkshire Police,South Yorkshire Police,-1.447631,53.561924,On or near Rectory Way,E01007404,Barnsley 009D,Violence and sexual offences,Status update unavailable,
,2025-02,South Yorkshire Police,South Yorkshire Police,-1.450263,53.575544,On or near Humberside Way,E01007406,Barnsley 009E,Anti-social behaviour,,
,2025-02,South Yorkshire Police,South Yorkshire Police,-1.448279,53.571292,On or near Merchant Croft,E01007406,Barnsley 009E,Anti-social behaviour,,
,2025-02,South Yorkshire Police,South Yorkshire Police,-1.450176,53.568917,On or near Sports/Recreation Area,E01007406,Barnsley 009E,Anti-social behaviour,,
0a1207d2baffd9f324d635872759820c495da5c5f2353ddbd71df5cb5c21931c,2025-02,South Yorkshire Police,South Yorkshire Police,-1.450242,53.573624,On or near Bus/Coach Station,E01007406,Barnsley 009E,Burglary,Investigation complete; no suspect identified,
ed48c92d024981324178c393192e578a28892815f3f901f30bed1da0474a7a4c,2025-02,South Yorkshire Police,South Yorkshire Police,-1.449319,53.567972,On or near Elm Place,E01007406,Barnsley 009E,Criminal damage and arson,Unable to prosecute suspect,
a555b849b62623fef734ae699ef449c4e491e05472d500ba58213ab23e13df07,2025-02,South Yorkshire Police,South Yorkshire Police,-1.443952,53.574239,On or near Formby Court,E01007406,Barnsley 009E,Criminal damage and arson,Investigation complete; no suspect identified,
59ed1623e81227488705766135244bc9ceb957d82afa09f987bddc730971414d,2025-02,South Yorkshire Police,South Yorkshire Police,-1.445456,53.570075,On or near Carnforth Road,E01007406,Barnsley 009E,Other theft,Investigation complete; no suspect identified,
5794487a66abe22ecab6e75febea0d207bae227479bdfcbc1592e955dcbfd788,2025-02,South Yorkshire Police,South Yorkshire Police,-1.448279,53.571292,On or near Merchant Croft,E01007406,Barnsley 009E,Other theft,Investigation complete; no suspect identified,
fc98150e6c8a59045931ba734df1d099f039120d7da071b8a23952c24e7bbb38,2025-02,South Yorkshire Police,South Yorkshire Police,-1.450780,53.567061,On or near High Street,E01007406,Barnsley 009E,Robbery,Investigation complete; no suspect identified,
dce10ef66c09aee29820cfaeb33a7eabf43a487e63dd2f1f1f38e8fcb79b711d,2025-02,South Yorkshire Police,South Yorkshire Police,-1.445417,53.569571,On or near Crosby Court,E01007406,Barnsley 009E,Vehicle crime,Unable to prosecute suspect,
3bff13f8b2df4c025afe934c25359e5ea1e72a680899ebd518c074498dff8caf,2025-02,South Yorkshire Police,South Yorkshire Police,-1.444931,53.574423,On or near St Michaels Avenue,E01007406,Barnsley 009E,Vehicle crime,Investigation complete; no suspect identified,
de47f2f33a348110c8b4df14d3a2f94a6f568553033f27f3ffdc1211d2de0269,2025-02,South Yorkshire Police,South Yorkshire Police,-1.450263,53.575544,On or near Humberside Way,E01007406,Barnsley 009E,Violence and sexual offences,Unable to prosecute suspect,
0dc328e716d3dd0947a0e383b6c9c3613dd72dda1c86faa7deb66b5577a49c9a,2025-02,South Yorkshire Police,South Yorkshire Police,-1.447664,53.568674,On or near Silverdale Drive,E01007406,Barnsley 009E,Violence and sexual offences,Unable to prosecute suspect,
7df771763e6e01859b1c50ba9cbf7aae3e6f49ab17b075c7d20f2876489f4459,2025-02,South Yorkshire Police,South Yorkshire Police,-1.443952,53.574239,On or near Formby Court,E01007406,Barnsley 009E,Violence and sexual offences,Investigation complete; no suspect identified,
53af8304acc7b808253228748fcf769e5bd7ac7ce6a5f1307cc25bebdd46dd23,2025-02,South Yorkshire Police,South Yorkshire Police,-1.446070,53.576271,On or near St Annes Drive,E01007406,Barnsley 009E,Violence and sexual offences,Local resolution,
56b193eefa136c9540a89ea930e8c138ff2fd2ec22a2c6109e70c2d210ad7f58,2025-02,South Yorkshire Police,South Yorkshire Police,-1.446070,53.576271,On or near St Annes Drive,E01007406,Barnsley 009E,Violence and sexual offences,Local resolution,
e9a8194371e6d5ac90f3e9d884c957e25b5977f774c4f92ea0c592cdfda59b0e,2025-02,South Yorkshire Police,South Yorkshire Police,-1.443337,53.571620,On or near Heysham Court,E01007406,Barnsley 009E,Violence and sexual offences,Unable to prosecute suspect,
acdd641e340916776869e6333254f25103e433893c5b8a2df9c507922604ee2e,2025-02,South Yorkshire Police,South Yorkshire Police,-1.447664,53.568674,On or near Silverdale Drive,E01007406,Barnsley 009E,Violence and sexual offences,Status update unavailable,
da623aa0790d00cbd681a28c39ccb7ad61299e457a8d1dcc206e6709a86a987a,2025-02,South Yorkshire Police,South Yorkshire Police,-1.448279,53.571292,On or near Merchant Croft,E01007406,Barnsley 009E,Violence and sexual offences,Further action is not in the public interest,
032edb3f197c5b332ff57ba172e649c9fc1dd0de657feef3f171c97c3947838a,2025-02,South Yorkshire Police,South Yorkshire Police,-1.445494,53.571819,On or near Ainsdale Court,E01007406,Barnsley 009E,Violence and sexual offences,Awaiting court outcome,
509bb818c0099cf68a85d932018fdff6a7eedb6b77e53ffe6421b287ee748ea1,2025-02,South Yorkshire Police,South Yorkshire Police,-1.447664,53.568674,On or near Silverdale Drive,E01007406,Barnsley 009E,Other crime,Investigation complete; no suspect identified,
add2cfb0aeab05b63044a0400d8c2ab7ed4b6b8efff08923e44c4e106b82b021,2025-02,South Yorkshire Police,South Yorkshire Police,-1.442584,53.573738,On or near Fish Dam Lane,E01007406,Barnsley 009E,Other crime,Unable to prosecute suspect,
,2025-02,South Yorkshire Police,South Yorkshire Police,-1.502213,53.561435,On or near Samuel Road,E01007408,Barnsley 010C,Anti-social behaviour,,
180e0a91ded589fe1dbcb951e03e1ea8510769929d1b2a5c8faa30f154af0580,2025-02,South Yorkshire Police,South Yorkshire Police,-1.497772,53.560365,On or near Queens Gardens,E01007408,Barnsley 010C,Burglary,Investigation complete; no suspect identified,
ba04aa05e6ca7376505802b828d86419c1762ad23a91b1cc69f9506b5d470947,2025-02,South Yorkshire Police,South Yorkshire Police,-1.498802,53.560099,On or near Stanhope Gardens,E01007408,Barnsley 010C,Burglary,Unable to prosecute suspect,
24dcff2809075aa0ae7b4cd511cd14d42aae9479c503ab8fbd0d808c494b639a,2025-02,South Yorkshire Police,South Yorkshire Police,-1.492546,53.558069,On or near Wellfield Road,E01007408,Barnsley 010C,Other theft,Unable to prosecute suspect,
4da8d4e128b24eeb182f24fe1d6944a84accdcefa3827883cffe842328a599b2,2025-02,South Yorkshire Police,South Yorkshire Police,-1.493998,53.560394,On or near Cutty Lane,E01007408,Barnsley 010C,Violence and sexual offences,Unable to prosecute suspect,
3e24dcb751aa7507fc9e1d36dc3edb05fef1afef43d9e52d4785a94a09e2a31f,2025-02,South Yorkshire Police,South Yorkshire Police,-1.502071,53.560715,On or near Hollowdene,E01007408,Barnsley 010C,Violence and sexual offences,Unable to prosecute suspect,
2d46354d87412f3b809baf742c9e6a2f282eb7210d3d3b9ada4935189885e2a2,2025-02,South Yorkshire Police,South Yorkshire Police,-1.493761,53.558721,On or near Haverdale Rise,E01007408,Barnsley 010C,Other crime,Unable to prosecute suspect,
,2025-02,South Yorkshire Police,South Yorkshire Police,-1.479397,53.559333,On or near Bridge Gardens,E01007409,Barnsley 010D,Anti-social behaviour,,
239a262cbd2712842adf259b24d36b82d6efde5769779228c5fc3c757ee95309,2025-02,South Yorkshire Police,South Yorkshire Police,-1.487589,53.561032,On or near Lombard Close,E01007409,Barnsley 010D,Burglary,Investigation complete; no suspect identified,
517488e6eabaedefbe702e8388972b3428e14a7c370d1b7059bd376e43812fb7,2025-02,South Yorkshire Police,South Yorkshire Police,-1.491421,53.561228,On or near Salisbury Street,E01007409,Barnsley 010D,Burglary,Unable to prosecute suspect,
08fe1b569702bde802f34b6d5507336be2afc34900c3c800381d90162bff3b40,2025-02,South Yorkshire Police,South Yorkshire Police,-1.487114,53.561659,On or near Cavendish Road,E01007409,Barnsley 010D,Other theft,Unable to prosecute suspect,
4158c0f386877320df26c9fdda86467e1bbc214c97275d99553c3474d0a8e0a8,2025-02,South Yorkshire Police,South Yorkshire Police,-1.490062,53.557555,On or near Lingard Court,E01007409,Barnsley 010D,Public order,Investigation complete; no suspect identified,
048abebe1d539ceefbb1c22455b964ca478b3c184752bc482273bf79bb2c0a6f,2025-02,South Yorkshire Police,South Yorkshire Police,-1.490541,53.559130,On or near Carrington Street,E01007409,Barnsley 010D,Vehicle crime,Investigation complete; no suspect identified,
484d86c07298a5804145c7b959287bb059374ec379c73b7d737c33557d8556c5,2025-02,South Yorkshire Police,South Yorkshire Police,-1.482204,53.558168,On or near Caxton Street,E01007409,Barnsley 010D,Violence and sexual offences,Unable to prosecute suspect,
806999c1607031cb3cb501f5329671145f727ce6a937a56e0e0d0f280aa40d49,2025-02,South Yorkshire Police,South Yorkshire Police,-1.478313,53.561576,On or near Honeywell Place,E01007410,Barnsley 010E,Burglary,Unable to prosecute suspect,
e9a7ca255f491cef646e30e144a1c3f58ea10f3d2586a68105f575b75f5ecd21,2025-02,South Yorkshire Police,South Yorkshire Police,-1.473802,53.560145,On or near Petrol Station,E01007410,Barnsley 010E,Burglary,Status update unavailable,
c3ea3d02e648b53f8a482feaebcefc62974d1048f93601ed3034cf71e8f8b0a8,2025-02,South Yorkshire Police,South Yorkshire Police,-1.477586,53.562975,On or near Aqueduct Street,E01007410,Barnsley 010E,Burglary,Investigation complete; no suspect identified,
88173df265a2e230a0f5bb7a273e3d49dfb9031c5df8ad9f9c7b82925c7dc57d,2025-02,South Yorkshire Police,South Yorkshire Police,-1.475387,53.560722,On or near Supermarket,E01007410,Barnsley 010E,Criminal damage and arson,Investigation complete; no suspect identified,
1348e422831d0910195a9a960c35e6ecf7a1ff47881de1c7129b6563fb3cee97,2025-02,South Yorkshire Police,South Yorkshire Police,-1.473802,53.560145,On or near Petrol Station,E01007410,Barnsley 010E,Criminal damage and arson,Investigation complete; no suspect identified,
5c7daee562f06edc2e7b5ad65938b846fb09a2f41eb2c2c9b5677bd34d6629cc,2025-02,South Yorkshire Police,South Yorkshire Police,-1.475995,53.558582,On or near Old Mill Lane,E01007410,Barnsley 010E,Criminal damage and arson,Investigation complete; no suspect identified,
ce216ddb2db818f694c1dde8bac8d74952c0ef1fdb07b38fede937ab389cc46d,2025-02,South Yorkshire Police,South Yorkshire Police,-1.475387,53.560722,On or near Supermarket,E01007410,Barnsley 010E,Drugs,Local resolution,
d20c452d318dd5bebbaf06ff2aed6e42c970f833ca87b1aa3bd7604ca5c22ac1,2025-02,South Yorkshire Police,South Yorkshire Police,-1.480205,53.566123,On or near Smithies Lane,E01007410,Barnsley 010E,Drugs,Awaiting court outcome,
b10f3d7fb2c3adade1dbdab4490a64d484b787c54a78d027e97cdae0c4c4cab6,2025-02,South Yorkshire Police,South Yorkshire Police,-1.479359,53.563702,On or near Honeywell Grove,E01007410,Barnsley 010E,Drugs,Status update unavailable,
bbe53e33768ea253e7293c7ae0031ce5f6817431065e6e0fbe88b0d3069f6094,2025-02,South Yorkshire Police,South Yorkshire Police,-1.478773,53.562234,On or near Issott Street,E01007410,Barnsley 010E,Other theft,Unable to prosecute suspect,
e23825e0c9e636f6c820633dcf3c364ee4e9f060532a3fe64ec8032aa08d4415,2025-02,South Yorkshire Police,South Yorkshire Police,-1.481318,53.561490,On or near Burton Street,E01007410,Barnsley 010E,Public order,Unable to prosecute suspect,
82d7f64ea5409c4ca3cd73400b4ba7d5efdcf94acd34f77e1bd1299ce4cf0fca,2025-02,South Yorkshire Police,South Yorkshire Police,-1.475387,53.560722,On or near Supermarket,E01007410,Barnsley 010E,Public order,Unable to prosecute suspect,
5e10bdf26a0ae82ee365cb3610536e889f1f5bd7f08865feec5fcb81e7e3cfa2,2025-02,South Yorkshire Police,South Yorkshire Police,-1.473802,53.560145,On or near Petrol Station,E01007410,Barnsley 010E,Public order,Awaiting court outcome,
8eeefb97eca4abdef7a2f6e41277a452c67aaf9bb850514b14395b21e311a8b3,2025-02,South Yorkshire Police,South Yorkshire Police,-1.473802,53.560145,On or near Petrol Station,E01007410,Barnsley 010E,Public order,Unable to prosecute suspect,
59f517653d94c749c4f94f0fb926956d4721703870d487bfd72cbd7a1cc2a9d5,2025-02,South Yorkshire Police,South Yorkshire Police,-1.473802,53.560145,On or near Petrol Station,E01007410,Barnsley 010E,Public order,Investigation complete; no suspect identified,
0f438f13af911de28e4b75912c2dbab9bbb7ed427e073849427092d7079913c2,2025-02,South Yorkshire Police,South Yorkshire Police,-1.477656,53.559739,On or near Honeywell Close,E01007410,Barnsley 010E,Public order,Unable to prosecute suspect,
4e7c9041f476e973b2c961ae10e657561393c18e3cd5eaf84b372a0bfeb3f7c9,2025-02,South Yorkshire Police,South Yorkshire Police,-1.481318,53.561490,On or near Burton Street,E01007410,Barnsley 010E,Robbery,Investigation complete; no suspect identified,
f9918d53ef8f0bf351805aff31585837617e5b280525150460056e597ac9f1ea,2025-02,South Yorkshire Police,South Yorkshire Police,-1.475387,53.560722,On or near Supermarket,E01007410,Barnsley 010E,Shoplifting,Awaiting court outcome,
535077b31225dcbabb9d8e0c44430f4217d2da9e75c5f76c36c5f5f24080125c,2025-02,South Yorkshire Police,South Yorkshire Police,-1.473802,53.560145,On or near Petrol Station,E01007410,Barnsley 010E,Shoplifting,Awaiting court outcome,
e3a846c61bbd5e00e9685ad7b5027f3c3941342567d0b44cffe7c3f2e70e0164,2025-02,South Yorkshire Police,South Yorkshire Police,-1.475387,53.560722,On or near Supermarket,E01007410,Barnsley 010E,Shoplifting,Unable to prosecute suspect,
575b84659da682d2d8ee09240f80bdb156f57cbccbf0ffb4f8d9ae2e6109f89d,2025-02,South Yorkshire Police,South Yorkshire Police,-1.475387,53.560722,On or near Supermarket,E01007410,Barnsley 010E,Shoplifting,Awaiting court outcome,
e7ebfe59c4831bacd7839fe65c8eebc85799433112ef5e04788fae26bd34e08e,2025-02,South Yorkshire Police,South Yorkshire Police,-1.475463,53.560107,On or near Canal Way,E01007410,Barnsley 010E,Vehicle crime,Investigation complete; no suspect identified,
f8ed8ac670e379c78471cd2f935898ba7d0c77b10e016d00752491c98e48a1bf,2025-02,South Yorkshire Police,South Yorkshire Police,-1.483733,53.562840,On or near Raley Drive,E01007410,Barnsley 010E,Vehicle crime,Investigation complete; no suspect identified,
74b9523337b59f3f1e665dbe4197b8e1a2395dc245e8fadedeb038d237a97d9a,2025-02,South Yorkshire Police,South Yorkshire Police,-1.475387,53.560722,On or near Supermarket,E01007410,Barnsley 010E,Vehicle crime,Investigation complete; no suspect identified,
4b03cab672092cfef73484ba5f0a910f1a08a225629037aa4029a36f9bd760b7,2025-02,South Yorkshire Police,South Yorkshire Police,-1.482035,53.563345,On or near Rockingham Street,E01007410,Barnsley 010E,Vehicle crime,Unable to prosecute suspect,
69b73c9718def47e38197a4ec279ae0232c4e9a4c2d1b8660461230e0493f191,2025-02,South Yorkshire Police,South Yorkshire Police,-1.480592,53.564085,On or near Carlton Street,E01007410,Barnsley 010E,Violence and sexual offences,Unable to prosecute suspect,
f6e1d17d6603acafd4c1585bd0de031808d67a756d78d412608cd8c590fc6e4e,2025-02,South Yorkshire Police,South Yorkshire Police,-1.478610,53.559555,On or near Honeywell Street,E01007410,Barnsley 010E,Violence and sexual offences,Unable to prosecute suspect,
70bd8755015a914c7de3acedd58db47ad0fadbdfc015503277ce454567075fdb,2025-02,South Yorkshire Police,South Yorkshire Police,-1.480205,53.566123,On or near Smithies Lane,E01007410,Barnsley 010E,Violence and sexual offences,Unable to prosecute suspect,
3a6ef8b5a158fec1cc9713a131973fa365d4a127ca92467d6fda9d74a3d03930,2025-02,South Yorkshire Police,South Yorkshire Police,-1.478610,53.559555,On or near Honeywell Street,E01007410,Barnsley 010E,Violence and sexual offences,Unable to prosecute suspect,
2a270f3831e257cd73383f1c499f26e10c6e307cd9df46c8f73411e396f24264,2025-02,South Yorkshire Police,South Yorkshire Police,-1.475387,53.560722,On or near Supermarket,E01007410,Barnsley 010E,Violence and sexual offences,Unable to prosecute suspect,
ec3e7977e7bd3800dcb12b6488a4050a2590e8cfd11b64d4f7d39c66d04723a1,2025-02,South Yorkshire Police,South Yorkshire Police,-1.473802,53.560145,On or near Petrol Station,E01007410,Barnsley 010E,Violence and sexual offences,Investigation complete; no suspect identified,
a49b25ad3eb58e63c771ff4df2dc88bee96db26f85b1c66360016628c91b1fc3,2025-02,South Yorkshire Police,South Yorkshire Police,-1.480584,53.564750,On or near Halifax Street,E01007410,Barnsley 010E,Violence and sexual offences,Unable to prosecute suspect,
b00131f6a0dda62eb5daed4974d4e416dd4caf9278bb57551ec73e0fc636a901,2025-02,South Yorkshire Police,South Yorkshire Police,-1.479450,53.559945,On or near Windham Close,E01007410,Barnsley 010E,Violence and sexual offences,Unable to prosecute suspect,
3b85697e55955e96dadd0f2084b89bd5ff4329c6455e5088bd90d6f8d74be3b4,2025-02,South Yorkshire Police,South Yorkshire Police,-1.479450,53.559945,On or near Windham Close,E01007410,Barnsley 010E,Violence and sexual offences,Unable to prosecute suspect,
fc7ece687439d639192fbef07f423491f83ff8f2b3336b3574e85f8289867f70,2025-02,South Yorkshire Police,South Yorkshire Police,-1.480584,53.564750,On or near Halifax Street,E01007410,Barnsley 010E,Violence and sexual offences,Unable to prosecute suspect,
1473a70d404bca43d1b270b9817279d61d0ede604ad4d9664666bd0f0498372c,2025-02,South Yorkshire Police,South Yorkshire Police,-1.477656,53.559739,On or near Honeywell Close,E01007410,Barnsley 010E,Violence and sexual offences,Unable to prosecute suspect,
cfa119ceb5e9f5ff2cfddc095badcd6820e657a72783ecc9677d25119056e565,2025-02,South Yorkshire Police,South Yorkshire Police,-1.482035,53.563345,On or near Rockingham Street,E01007410,Barnsley 010E,Other crime,Further investigation is not in the public interest,
dab747e0a07f5ee9c9fb76432501f3a857469a0d3b1eb92bc73048e755835ebc,2025-02,South Yorkshire Police,South Yorkshire Police,-1.482035,53.563345,On or near Rockingham Street,E01007410,Barnsley 010E,Other crime,Unable to prosecute suspect,
dc3e1d43cc13c49f6053422cf17f2e307cb56d71c0274c660b0abea879b4269e,2025-02,South Yorkshire Police,South Yorkshire Police,-1.475995,53.558582,On or near Old Mill Lane,E01007410,Barnsley 010E,Other crime,Investigation complete; no suspect identified,
bca96aa4be9560998d594f94908872ab4960168d3127d20532dea1de822cbe2d,2025-02,South Yorkshire Police,South Yorkshire Police,-1.480592,53.564085,On or near Carlton Street,E01007410,Barnsley 010E,Other crime,Unable to prosecute suspect,
1fc876cc35c93534d7e759e65ab1ceb4c7f61c47d3007954d6b67915050dbf76,2025-02,South Yorkshire Police,South Yorkshire Police,-1.488734,53.566259,On or near Devonshire Drive,E01032551,Barnsley 010H,Burglary,Investigation complete; no suspect identified,
2c317baefd582b48dc418d27a4d7d82c374c039c495dc18e2b24287e46423385,2025-02,South Yorkshire Police,South Yorkshire Police,-1.489660,53.565804,On or near Dearnley View,E01032551,Barnsley 010H,Other theft,Investigation complete; no suspect identified,
d1d0264d1e5183d472e81db2034e081a753e93b3edd113fbe40c91a05b0c5d86,2025-02,South Yorkshire Police,South Yorkshire Police,-1.498074,53.565498,On or near Wilthorpe Green,E01032551,Barnsley 010H,Shoplifting,Awaiting court outcome,
e5beb8142986970a4877ec09e012dbc95ac746adfcc5f5031719c845d88a15e2,2025-02,South Yorkshire Police,South Yorkshire Police,-1.497427,53.561505,On or near Queens Drive,E01032551,Barnsley 010H,Violence and sexual offences,Investigation complete; no suspect identified,
6dbce4078bbfe5664275bb5d5775fba58c7b65e098b8db011a1c3b3e4592c80f,2025-02,South Yorkshire Police,South Yorkshire Police,-1.488731,53.562771,On or near Hall Balk Lane,E01032551,Barnsley 010H,Violence and sexual offences,Unable to prosecute suspect,
c47952ecd58de79f9857670f697a308624bb23ffe62329c605c4d17e9b94fb60,2025-02,South Yorkshire Police,South Yorkshire Police,-1.492353,53.565366,On or near Woodstock Road,E01032551,Barnsley 010H,Violence and sexual offences,Unable to prosecute suspect,
679143bb447a410d766334c902dc1ef6b8ff60f6045ab215e9ad94f869fc69fb,2025-02,South Yorkshire Police,South Yorkshire Police,-1.489660,53.565804,On or near Dearnley View,E01032551,Barnsley 010H,Violence and sexual offences,Unable to prosecute suspect,
abe989e3dc522709b4b081ac90ea60d06464b94de03467362d8bf562dab80da3,2025-02,South Yorkshire Police,South Yorkshire Police,-1.500980,53.562347,On or near Rowland Road,E01032551,Barnsley 010H,Violence and sexual offences,Status update unavailable,
cc02159cbba7ae26024c6a2ec373e0e650d815826644bafe77c919b56cbbc059,2025-02,South Yorkshire Police,South Yorkshire Police,-1.489644,53.564690,On or near Hall Bank,E01032551,Barnsley 010H,Violence and sexual offences,Unable to prosecute suspect,
1a87c600909ab6c57a2b4935eaa3644751fbd350a5077f0e70e798ad82063eb5,2025-02,South Yorkshire Police,South Yorkshire Police,-1.481956,53.564926,On or near Pleasant View Croft,E01032551,Barnsley 010H,Violence and sexual offences,Unable to prosecute suspect,
6ecf063ac74883c039fb244431ddf3fd3808e2bb62d160c10dfbd7f8451ed1f5,2025-02,South Yorkshire Police,South Yorkshire Police,-1.489660,53.565804,On or near Dearnley View,E01032551,Barnsley 010H,Violence and sexual offences,Unable to prosecute suspect,
,2025-02,South Yorkshire Police,South Yorkshire Police,-1.461231,53.570444,On or near Beaumond Close,E01034258,Barnsley 010I,Anti-social behaviour,,
,2025-02,South Yorkshire Police,South Yorkshire Police,-1.472926,53.573534,On or near Brunswick Close,E01034258,Barnsley 010I,Anti-social behaviour,,
,2025-02,South Yorkshire Police,South Yorkshire Police,-1.471840,53.570958,On or near High Greave,E01034258,Barnsley 010I,Anti-social behaviour,,
,2025-02,South Yorkshire Police,South Yorkshire Police,-1.472926,53.573534,On or near Brunswick Close,E01034258,Barnsley 010I,Anti-social behaviour,,
,2025-02,South Yorkshire Police,South Yorkshire Police,-1.462181,53.569242,On or near Sports/Recreation Area,E01034258,Barnsley 010I,Anti-social behaviour,,
,2025-02,South Yorkshire Police,South Yorkshire Police,-1.471840,53.570958,On or near High Greave,E01034258,Barnsley 010I,Anti-social behaviour,,
,2025-02,South Yorkshire Police,South Yorkshire Police,-1.465402,53.571406,On or near B6132,E01034258,Barnsley 010I,Anti-social behaviour,,
c685f50fd14b4a949347b7e1be3e127398f466108181b2f2bda1e7f80e2d718a,2025-02,South Yorkshire Police,South Yorkshire Police,-1.471840,53.570958,On or near High Greave,E01034258,Barnsley 010I,Criminal damage and arson,Unable to prosecute suspect,
dd938b0775d7a69d3bedafc6be5f94d7b4dd9771cb8365c3b1ef440764f4efb3,2025-02,South Yorkshire Police,South Yorkshire Police,-1.471657,53.573582,On or near Alderson Drive,E01034258,Barnsley 010I,Public order,Awaiting court outcome,
06794f021a625b92e0e42fe155f7bd49f81ba94a4cd76b53a0e18c40f6761acc,2025-02,South Yorkshire Police,South Yorkshire Police,-1.471840,53.570958,On or near High Greave,E01034258,Barnsley 010I,Public order,Unable to prosecute suspect,
,2025-02,South Yorkshire Police,South Yorkshire Police,-1.471454,53.564377,On or near Cawley Place,E01034259,Barnsley 010J,Anti-social behaviour,,
,2025-02,South Yorkshire Police,South Yorkshire Police,-1.466216,53.569100,On or near Stretton Road,E01034259,Barnsley 010J,Anti-social behaviour,,
,2025-02,South Yorkshire Police,South Yorkshire Police,-1.469061,53.568573,On or near Bedford Terrace,E01034259,Barnsley 010J,Anti-social behaviour,,
,2025-02,South Yorkshire Police,South Yorkshire Police,-1.481047,53.576302,On or near Stainton Close,E01034259,Barnsley 010J,Anti-social behaviour,,
,2025-02,South Yorkshire Police,South Yorkshire Police,-1.473638,53.569645,On or near Whitbourne Close,E01034259,Barnsley 010J,Anti-social behaviour,,
f818fa07bcbf4873b8982a9d0af4819acf1e89b1a75974f8d2253363fc6f215e,2025-02,South Yorkshire Police,South Yorkshire Police,-1.481047,53.576302,On or near Stainton Close,E01034259,Barnsley 010J,Criminal damage and arson,Investigation complete; no suspect identified,
1a8504e08ccc37246ec3cf90e3f75066c08080aa54651a05f201da590ba92d77,2025-02,South Yorkshire Police,South Yorkshire Police,-1.471348,53.563172,On or near Peel Place,E01034259,Barnsley 010J,Criminal damage and arson,Investigation complete; no suspect identified,
4e1cdc47fc059c7b8e516d7f745139f1a3bd3cf0db8bcda31279508e54e81aa3,2025-02,South Yorkshire Police,South Yorkshire Police,-1.477943,53.576953,On or near Selby Road,E01034259,Barnsley 010J,Criminal damage and arson,Unable to prosecute suspect,
ef7e960e74179cd8f00dc2b94b7159fbfc0e808f3d9bed5eadd547077dc41cc9,2025-02,South Yorkshire Police,South Yorkshire Police,-1.471900,53.568622,On or near Quarry Street,E01034259,Barnsley 010J,Other theft,Unable to prosecute suspect,
c73d3e5190233ca2c4daee78c4a539772fe877eb8d1030b73581c9d17529d2fc,2025-02,South Yorkshire Police,South Yorkshire Police,-1.471348,53.563172,On or near Peel Place,E01034259,Barnsley 010J,Public order,Investigation complete; no suspect identified,
165e95a8c9016834c9f8668934ed3a7d0dec116aa89ed545e4d3e1117a62a364,2025-02,South Yorkshire Police,South Yorkshire Police,-1.481047,53.576302,On or near Stainton Close,E01034259,Barnsley 010J,Public order,Unable to prosecute suspect,
b81fbc190374d5aab70bec86010f10a52103628dab971cfa758c9acbf40c7824,2025-02,South Yorkshire Police,South Yorkshire Police,-1.471900,53.568622,On or near Quarry Street,E01034259,Barnsley 010J,Shoplifting,Investigation complete; no suspect identified,
7d6340969b752357f075607a6dafa26c28f53475d8cbb518467b9953dcbb4a3d,2025-02,South Yorkshire Police,South Yorkshire Police,-1.471900,53.568622,On or near Quarry Street,E01034259,Barnsley 010J,Shoplifting,Investigation complete; no suspect identified,
1f754bd0b496c07bcbd5c30d7e197afab64e751995359b54f9f04352b8fa4532,2025-02,South Yorkshire Police,South Yorkshire Police,-1.471150,53.569373,On or near Old Road,E01034259,Barnsley 010J,Vehicle crime,Investigation complete; no suspect identified,
ec78572fa8a4f58cf9d8e8e065ce2e4d62ce92e6b777a9ee4990578681c48e89,2025-02,South Yorkshire Police,South Yorkshire Police,-1.481047,53.576302,On or near Stainton Close,E01034259,Barnsley 010J,Vehicle crime,Unable to prosecute suspect,
8b55e8f472c9189c215a525609b6da5f611ac4a3aa152563904f3c3d3da31fd3,2025-02,South Yorkshire Police,South Yorkshire Police,-1.477943,53.576953,On or near Selby Road,E01034259,Barnsley 010J,Violence and sexual offences,Unable to prosecute suspect,
420996ed5aa5795953fbaebd1599b74f7423036cd2c86d30008a92487ae441aa,2025-02,South Yorkshire Police,South Yorkshire Police,-1.471348,53.563172,On or near Peel Place,E01034259,Barnsley 010J,Other crime,Awaiting court outcome,
,2025-02,South Yorkshire Police,South Yorkshire Police,-1.430073,53.574236,On or near West Green Way,E01007344,Barnsley 011A,Anti-social behaviour,,
70638d398a98a2e9baef61a8bf1049b8649d81fd78e2f338d5ba848a759c87ff,2025-02,South Yorkshire Police,South Yorkshire Police,-1.430801,53.570635,On or near Valley Grove,E01007344,Barnsley 011A,Criminal damage and arson,Investigation complete; no suspect identified,
7da0cf4ab9bfeb2fff6b6a2dd30566113c37e4d59660478369d6f6b3f3298faa,2025-02,South Yorkshire Police,South Yorkshire Police,-1.433023,53.572758,On or near Hope Street,E01007344,Barnsley 011A,Robbery,Awaiting court outcome,
2c6442a31b4983768c2af4161e7ea2a8fd8991bc7e38a40a4740470187505060,2025-02,South Yorkshire Police,South Yorkshire Police,-1.442000,53.569906,On or near Burton Crescent,E01007344,Barnsley 011A,Violence and sexual offences,Awaiting court outcome,
7cee9ae44179884ca33be615cf5e059d6c126ef3b38b490c975a2ccb4012bd85,2025-02,South Yorkshire Police,South Yorkshire Police,-1.438607,53.569567,On or near Monk Terrace,E01007344,Barnsley 011A,Violence and sexual offences,Unable to prosecute suspect,
52a738fd23e2d3cfad03bf5f175954df4c69a11084496c08b87c0e5850b23518,2025-02,South Yorkshire Police,South Yorkshire Police,-1.423400,53.571930,On or near Firth Avenue,E01007344,Barnsley 011A,Violence and sexual offences,Investigation complete; no suspect identified,
920b1f396114437192c54f9cd30a40b7542b91c00ff94458c212917dec068c77,2025-02,South Yorkshire Police,South Yorkshire Police,-1.442000,53.569906,On or near Burton Crescent,E01007344,Barnsley 011A,Other crime,Unable to prosecute suspect,
7bcf806b49311299925a538e8cb4e26858b969c18a227c8d40139b256ec36670,2025-02,South Yorkshire Police,South Yorkshire Police,-1.442000,53.569906,On or near Burton Crescent,E01007344,Barnsley 011A,Other crime,Awaiting court outcome,
35f38c0a09f805d2aee6c98a44db16ac00fe92ed63666ba2b595553cdaa401df,2025-02,South Yorkshire Police,South Yorkshire Police,-1.423400,53.571930,On or near Firth Avenue,E01007344,Barnsley 011A,Other crime,Further investigation is not in the public interest,
61fb6e716ccb8768b7cb8dabb729d3e5049910774fdee844c2539fa62646e9d3,2025-02,South Yorkshire Police,South Yorkshire Police,-1.421724,53.575194,On or near Jackson Street,E01007344,Barnsley 011A,Other crime,Status update unavailable,
,2025-02,South Yorkshire Police,South Yorkshire Police,-1.436168,53.562230,On or near Darrington Place,E01007402,Barnsley 011B,Anti-social behaviour,,
971e256a74ac2f9eefefbba708330639bfe98435f68080d9c3047865fd479e9f,2025-02,South Yorkshire Police,South Yorkshire Police,-1.435349,53.560257,On or near Friars Road,E01007402,Barnsley 011B,Burglary,Investigation complete; no suspect identified,
486e10852f35ebd3ab2a89486ed93fb2df18ab8383d34cd6d3ce5e661593c829,2025-02,South Yorkshire Police,South Yorkshire Police,-1.436168,53.562230,On or near Darrington Place,E01007402,Barnsley 011B,Criminal damage and arson,Investigation complete; no suspect identified,
6947a5137ef1a06533a6ac2734670af987476751c394a77122f6308f3b077ac8,2025-02,South Yorkshire Police,South Yorkshire Police,-1.435349,53.560257,On or near Friars Road,E01007402,Barnsley 011B,Criminal damage and arson,Investigation complete; no suspect identified,
797fbc4ad2de3fd4202fbede67c4f7a4b2543818557304189625dd28ea855828,2025-02,South Yorkshire Police,South Yorkshire Police,-1.439718,53.563217,On or near Magdalene Gardens,E01007402,Barnsley 011B,Public order,Unable to prosecute suspect,
44751bbcf57afc35a4581a79c4deb8d9647870bb1ba0a79c59b254d859f925ac,2025-02,South Yorkshire Police,South Yorkshire Police,-1.436168,53.562230,On or near Darrington Place,E01007402,Barnsley 011B,Public order,Unable to prosecute suspect,
b175f2806b41bdb8a3bcdc60e021ea453e19fc9260d9f9730cf45a40f5157155,2025-02,South Yorkshire Police,South Yorkshire Police,-1.435349,53.560257,On or near Friars Road,E01007402,Barnsley 011B,Violence and sexual offences,Unable to prosecute suspect,
fed9a81ea567100fe9d8c7c473746b3d57a5ecec190f1f6f8649b7d3bbfcba79,2025-02,South Yorkshire Police,South Yorkshire Police,-1.436636,53.564497,On or near Foxencroft,E01007402,Barnsley 011B,Violence and sexual offences,Investigation complete; no suspect identified,
1e2a89094fe20694d3619960e92b6992668ecf5d9316dee92610e3552f068503,2025-02,South Yorkshire Police,South Yorkshire Police,-1.438009,53.565681,On or near Priory Place,E01007402,Barnsley 011B,Violence and sexual offences,Unable to prosecute suspect,
23d0b7a14a0cc9907aa8f82400c9cb3ea9e2c7165cccb1936e427eedd2c67221,2025-02,South Yorkshire Police,South Yorkshire Police,-1.436168,53.562230,On or near Darrington Place,E01007402,Barnsley 011B,Other crime,Unable to prosecute suspect,
,2025-02,South Yorkshire Police,South Yorkshire Police,-1.431698,53.561220,On or near Lund Avenue,E01007403,Barnsley 011C,Anti-social behaviour,,
,2025-02,South Yorkshire Police,South Yorkshire Police,-1.432169,53.559847,On or near Lund Lane,E01007403,Barnsley 011C,Anti-social behaviour,,
,2025-02,South Yorkshire Police,South Yorkshire Police,-1.437326,53.558002,On or near Wycombe Street,E01007403,Barnsley 011C,Anti-social behaviour,,
,2025-02,South Yorkshire Police,South Yorkshire Police,-1.435369,53.558756,On or near Martins Road,E01007403,Barnsley 011C,Anti-social behaviour,,
d4bc3988166c4cc7bb76145cd57043470bef11eb0c217fb0066416f08666bc41,2025-02,South Yorkshire Police,South Yorkshire Police,-1.438314,53.556379,On or near Roger Road,E01007403,Barnsley 011C,Burglary,Unable to prosecute suspect,
77ed17769359c2299883de7acdb906199a9d0940674253b1d09f66868e30f7cd,2025-02,South Yorkshire Police,South Yorkshire Police,-1.438314,53.556379,On or near Roger Road,E01007403,Barnsley 011C,Burglary,Investigation complete; no suspect identified,
aa8f80281e27a0f514fc25b000ee60c7d17d93c849a1b0461ab681e8102573b9,2025-02,South Yorkshire Police,South Yorkshire Police,-1.434074,53.561869,On or near Abbots Road,E01007403,Barnsley 011C,Criminal damage and arson,Awaiting court outcome,
9f1503f5730fcdb4c62d2d57ea62c55e23c22b8719eef85ee1cecc7989ea7c58,2025-02,South Yorkshire Police,South Yorkshire Police,-1.438935,53.556184,On or near Trueman Terrace,E01007403,Barnsley 011C,Criminal damage and arson,Unable to prosecute suspect,
fb755754e5383d9ffd72f5c36d73c7e5ffeb3e1a5640018221cafd4b6e368e6a,2025-02,South Yorkshire Police,South Yorkshire Police,-1.438566,53.555536,On or near Lang Crescent,E01007403,Barnsley 011C,Criminal damage and arson,Investigation complete; no suspect identified,
9a83df809b6b0d06eaccb7d60a0898c75d5ad592f785f3fb965d5436ef0c9cd1,2025-02,South Yorkshire Police,South Yorkshire Police,-1.438314,53.556379,On or near Roger Road,E01007403,Barnsley 011C,Drugs,Status update unavailable,
94eb5be214e8938577953b8c9292863834c566703e78ad0cd11d49c6baf6c742,2025-02,South Yorkshire Police,South Yorkshire Police,-1.435377,53.558172,On or near Michael Road,E01007403,Barnsley 011C,Other theft,Unable to prosecute suspect,
135dbe8a56738e3380145a7e83e4cd2f69c6063cc81ca943c558125535afc107,2025-02,South Yorkshire Police,South Yorkshire Police,-1.439392,53.555926,On or near Harwood Terrace,E01007403,Barnsley 011C,Other theft,Investigation complete; no suspect identified,
e7333030088b5c226fd55e91832aec9dad3db89efd7f7d756c9e9c4d04865352,2025-02,South Yorkshire Police,South Yorkshire Police,-1.441434,53.553284,On or near Armyne Grove,E01007403,Barnsley 011C,Other theft,Unable to prosecute suspect,
b40599bc6e00c902ee628e890482c73aac9b7927ee20259ccb0572749e9cbb2c,2025-02,South Yorkshire Police,South Yorkshire Police,-1.438935,53.556184,On or near Trueman Terrace,E01007403,Barnsley 011C,Public order,Unable to prosecute suspect,
f41af562ce6c7c2fa976f27b7273b5f8643449f66a3a57ccd9447be566e6ec82,2025-02,South Yorkshire Police,South Yorkshire Police,-1.435377,53.558172,On or near Michael Road,E01007403,Barnsley 011C,Public order,Awaiting court outcome,
00ff3d5a4ed38cf705abcbda45b99831ed8a749a3357965232f7d57b7275c6d5,2025-02,South Yorkshire Police,South Yorkshire Police,-1.435377,53.558172,On or near Michael Road,E01007403,Barnsley 011C,Public order,Awaiting court outcome,
a155a0ea30244fc6a57afb8d2b8322be2b0497ae964041624fc277f0c2bfb322,2025-02,South Yorkshire Police,South Yorkshire Police,-1.437326,53.558002,On or near Wycombe Street,E01007403,Barnsley 011C,Robbery,Awaiting court outcome,
9ea9a9db3259a43bc289534ccb66d709bc267718b596a653bfed6627e4285578,2025-02,South Yorkshire Police,South Yorkshire Police,-1.435377,53.558172,On or near Michael Road,E01007403,Barnsley 011C,Vehicle crime,Awaiting court outcome,
142916bbe5fe7962975da14436fb3876a6202745a817af42eace8f85582edeb2,2025-02,South Yorkshire Police,South Yorkshire Police,-1.435369,53.558756,On or near Martins Road,E01007403,Barnsley 011C,Vehicle crime,Investigation complete; no suspect identified,
f51cbffac2bc784b2c2dfb0dcdcb56eb69454b8cc58b32b2869d5dd626a08082,2025-02,South Yorkshire Police,South Yorkshire Police,-1.432682,53.561009,On or near Lund Crescent,E01007403,Barnsley 011C,Violence and sexual offences,Unable to prosecute suspect,
10f3972edcc86119dac0509e009a93aff1c7f03360af3d4b1eec6c62e9a47574,2025-02,South Yorkshire Police,South Yorkshire Police,-1.429878,53.560699,On or near Loxley Road,E01007403,Barnsley 011C,Violence and sexual offences,Status update unavailable,
0981540c74627c39830738d887a4fe3f82f3bac3f3b03b46501c343df992ce70,2025-02,South Yorkshire Police,South Yorkshire Police,-1.435377,53.558172,On or near Michael Road,E01007403,Barnsley 011C,Violence and sexual offences,Unable to prosecute suspect,
128165f74f2d362bb8d06974d104a8a425a32fac27d2e831776af68a0b1350c4,2025-02,South Yorkshire Police,South Yorkshire Police,-1.439037,53.554162,On or near Abbey Lane,E01007403,Barnsley 011C,Violence and sexual offences,Unable to prosecute suspect,
f5b596b4863410ffae239af81d7089584189b851a9d5ec5164f9e363ad1c814a,2025-02,South Yorkshire Police,South Yorkshire Police,-1.439392,53.555926,On or near Harwood Terrace,E01007403,Barnsley 011C,Other crime,Further investigation is not in the public interest,
9c46636f26950098a860453e5aa2bf0e271aec2694b3edcec3d90556fa08deb5,2025-02,South Yorkshire Police,South Yorkshire Police,-1.439392,53.555926,On or near Harwood Terrace,E01007403,Barnsley 011C,Other crime,Further investigation is not in the public interest,
9a880be23d24eed7856fe303b41a7f5227e152416b3daf7a1740ce614c6170a7,2025-02,South Yorkshire Police,South Yorkshire Police,-1.444477,53.554880,On or near Cherrys Road,E01007405,Barnsley 011D,Burglary,Investigation complete; no suspect identified,
8f275361123732430fb1cce47a4727e978a0a5127b3c698c4f81ac36d86c3b2e,2025-02,South Yorkshire Police,South Yorkshire Police,-1.441846,53.554077,On or near Grange Crescent,E01007405,Barnsley 011D,Drugs,Awaiting court outcome,
38ed63d08547eb99b4ea04e61df433de232daf237578f012941525c8d457f203,2025-02,South Yorkshire Police,South Yorkshire Police,-1.441846,53.554077,On or near Grange Crescent,E01007405,Barnsley 011D,Public order,Unable to prosecute suspect,
62dec26db70440997fd791e7a0e1f8bf3a54b8781377d9e909a6c35554521ae8,2025-02,South Yorkshire Police,South Yorkshire Police,-1.446745,53.556940,On or near Robert Avenue,E01007405,Barnsley 011D,Violence and sexual offences,Unable to prosecute suspect,
791d6842f2b22bebd1a09eb55b170d7a0cc1b02fc09cc73458970ac56ae55f3c,2025-02,South Yorkshire Police,South Yorkshire Police,-1.447668,53.556719,On or near Mary Ann Close,E01007405,Barnsley 011D,Violence and sexual offences,Awaiting court outcome,
f1fd863e427c19e411b046b494c1acacfc766ce96bce86f84327977e1b9ed910,2025-02,South Yorkshire Police,South Yorkshire Police,-1.443628,53.555182,On or near Tuxford Crescent,E01007405,Barnsley 011D,Violence and sexual offences,Unable to prosecute suspect,
bf3ec0bd0c9e4a9f23f3e9b9ea0b8208f8601674abffad940785ff01d7864917,2025-02,South Yorkshire Police,South Yorkshire Police,-1.442543,53.558457,On or near Hazelwood Drive,E01007405,Barnsley 011D,Other crime,Unable to prosecute suspect,
6b87a126605d98c2d01163ad7019a98dc988d5a152d0e42106683588ba6398b7,2025-02,South Yorkshire Police,South Yorkshire Police,-1.532226,53.565628,On or near Nicholson Avenue,E01007379,Barnsley 012A,Criminal damage and arson,Awaiting court outcome,
b8a5f6c0d6235035c39ac9e3ac82fe75f1d94c252f7c9b2d9b9e12d7276b0fcf,2025-02,South Yorkshire Police,South Yorkshire Police,-1.537836,53.546810,On or near Middle Field Road,E01007379,Barnsley 012A,Vehicle crime,Investigation complete; no suspect identified,
6b5d514bdba54454cb6b658886a6a1947be21050e7f914a2c977f64f450f8745,2025-02,South Yorkshire Police,South Yorkshire Police,-1.533994,53.565419,On or near Mary Street,E01007379,Barnsley 012A,Vehicle crime,Investigation complete; no suspect identified,
e6b482f7967e66de65f87d23949eae31f9f0ff4dd894195a8f20c817776aaae0,2025-02,South Yorkshire Police,South Yorkshire Police,-1.532226,53.565628,On or near Nicholson Avenue,E01007379,Barnsley 012A,Violence and sexual offences,Awaiting court outcome,
79b233d0a37d96f68580fbb07ab27c54585b8cd6fbe79ef15039e8755287eccd,2025-02,South Yorkshire Police,South Yorkshire Police,-1.531328,53.564887,On or near Byrne Close,E01007379,Barnsley 012A,Violence and sexual offences,Unable to prosecute suspect,
195684868b86ce3ee612b78f540880828eea65f6535bc4a4d11f7737cf54c333,2025-02,South Yorkshire Police,South Yorkshire Police,-1.529377,53.566524,On or near Milne Street,E01007379,Barnsley 012A,Violence and sexual offences,Unable to prosecute suspect,
f0b51534edc2e77efb6a50d21a2a9ec6d2e0d10609129c54b0fd694c981a61ca,2025-02,South Yorkshire Police,South Yorkshire Police,-1.508837,53.557858,On or near Intake Lane,E01007380,Barnsley 012B,Criminal damage and arson,Investigation complete; no suspect identified,
58913218a6eee3e1fd717817d2dc357034a8a69d9fa73aad70995f942e58f606,2025-02,South Yorkshire Police,South Yorkshire Police,-1.512130,53.559040,On or near Velvet Wood Close,E01007380,Barnsley 012B,Other theft,Status update unavailable,
95ccbaa0d5bff21005f9f7de35675b6c664f9a78c590f49a520456b6ec816fb2,2025-02,South Yorkshire Police,South Yorkshire Police,-1.506839,53.563566,On or near Stainley Close,E01007380,Barnsley 012B,Violence and sexual offences,Unable to prosecute suspect,
b8048775083a50486a27858edc59b93c8b3205e1741747663305a96bb9067a85,2025-02,South Yorkshire Police,South Yorkshire Police,-1.515736,53.564511,On or near Redbrook Road,E01007380,Barnsley 012B,Violence and sexual offences,Status update unavailable,
,2025-02,South Yorkshire Police,South Yorkshire Police,-1.501173,53.565170,On or near Kestrel Road,E01007381,Barnsley 012C,Anti-social behaviour,,
0188024ca5bdb68c22edd9bdea1cce9573e8dd8d195c75fbbf0e68e9aecc0fcb,2025-02,South Yorkshire Police,South Yorkshire Police,-1.502183,53.564023,On or near Redbrook Walk,E01007381,Barnsley 012C,Drugs,Local resolution,
f27e555f48b92f7ff6f26431a7b52a1cff9e7ec3b3419a414d9c8f025431cd29,2025-02,South Yorkshire Police,South Yorkshire Police,-1.508953,53.562218,On or near Oakworth Close,E01007381,Barnsley 012C,Vehicle crime,Investigation complete; no suspect identified,
ef28734b5431ea3503504afebe97d946c24cca8e0c05c22472999510d39bc7a1,2025-02,South Yorkshire Police,South Yorkshire Police,-1.507487,53.566221,On or near Dayhouse Court,E01007381,Barnsley 012C,Violence and sexual offences,Status update unavailable,
02a49e357c99d5733e089a02526dbe17f4d06fd9dfad8a0bf14785b25f9241b1,2025-02,South Yorkshire Police,South Yorkshire Police,-1.517646,53.566451,On or near Barugh Green Road,E01007387,Barnsley 012D,Drugs,Awaiting court outcome,
fdc3ec192087b9ec2d75fe01adb666b3f73e474c9b7bfa3989592b02e4611838,2025-02,South Yorkshire Police,South Yorkshire Police,-1.525030,53.571747,On or near Deepdale Croft,E01007387,Barnsley 012D,Other theft,Unable to prosecute suspect,
1a464616f02edd63be61faec3eacd226faf4e71ed12090ffcfe917d506f76da1,2025-02,South Yorkshire Police,South Yorkshire Police,-1.519879,53.567907,On or near Supermarket,E01007387,Barnsley 012D,Public order,Investigation complete; no suspect identified,
8e3a27fbc055810d28b0b2aa0a49ed4d826e071efdba56b3a649aedf8993bc1b,2025-02,South Yorkshire Police,South Yorkshire Police,-1.519879,53.567907,On or near Supermarket,E01007387,Barnsley 012D,Public order,Investigation complete; no suspect identified,
46b58d9f2e069581827008c034e4cdeba8a17002555bafa53abd0c0f15fb300f,2025-02,South Yorkshire Police,South Yorkshire Police,-1.519879,53.567907,On or near Supermarket,E01007387,Barnsley 012D,Shoplifting,Investigation complete; no suspect identified,
884c173c84bc85b99efd08ea4d6508d8fce10c338fa7cd8045f100a29d0e0acf,2025-02,South Yorkshire Police,South Yorkshire Police,-1.517646,53.566451,On or near Barugh Green Road,E01007387,Barnsley 012D,Vehicle crime,Awaiting court outcome,
403934a79489bfa5b84070b2fd1416cc4716bc82beceb23e131f6480960df398,2025-02,South Yorkshire Police,South Yorkshire Police,-1.534614,53.568118,On or near Cawthorne Road,E01007387,Barnsley 012D,Violence and sexual offences,Unable to prosecute suspect,
70aa4f7a6f7af23600cde6a726a7ea45c7b19e3cee30edfa3c70e2e3da00b800,2025-02,South Yorkshire Police,South Yorkshire Police,-1.527780,53.567588,On or near The Meadows,E01007387,Barnsley 012D,Violence and sexual offences,Unable to prosecute suspect,
ee5cdef64544b863f5875c89bcba9487985e14ad01bcdc53d3d0cf561acda4dc,2025-02,South Yorkshire Police,South Yorkshire Police,-1.530794,53.569433,On or near Elstead Close,E01007387,Barnsley 012D,Violence and sexual offences,Unable to prosecute suspect,
1d46d0ebde4b58c38840b65028a6eab52220015d38f18ba3313594b404fce993,2025-02,South Yorkshire Police,South Yorkshire Police,-1.525030,53.571747,On or near Deepdale Croft,E01007387,Barnsley 012D,Violence and sexual offences,Unable to prosecute suspect,
19130a486b9411f280aeaa36b29c022f4ee9f91fe1e82341365c05ec5c422b27,2025-02,South Yorkshire Police,South Yorkshire Police,-1.527534,53.572072,On or near Langdale Road,E01007387,Barnsley 012D,Other crime,Further investigation is not in the public interest,
99f8e1eff82cd7f6ee2539f2def895fe1053d1626c64a793667c121ee67c6fcc,2025-02,South Yorkshire Police,South Yorkshire Police,-1.527534,53.572072,On or near Langdale Road,E01007387,Barnsley 012D,Other crime,Further investigation is not in the public interest,
,2025-02,South Yorkshire Police,South Yorkshire Police,-1.509546,53.553960,On or near St Martins Close,E01007442,Barnsley 012E,Anti-social behaviour,,
7fd84e950ae917094940a5ce8e274d1e21d6911637508096e945d1d5a87c83bf,2025-02,South Yorkshire Police,South Yorkshire Police,-1.510670,53.554702,On or near Edmonton Close,E01007442,Barnsley 012E,Burglary,Investigation complete; no suspect identified,
7650fe3272add78b722bb3576bd0b770311ae08ff9fe78ef01b4f8d3c18e2ec7,2025-02,South Yorkshire Police,South Yorkshire Police,-1.508554,53.549731,On or near Daleswood Avenue,E01007442,Barnsley 012E,Other theft,Unable to prosecute suspect,
82e83f65e8ac09fea0e8b5298f0836742ff57b9981a28ca2f40ed3cc2ac28025,2025-02,South Yorkshire Police,South Yorkshire Police,-1.513794,53.552090,On or near Crowden Walk,E01007442,Barnsley 012E,Violence and sexual offences,Status update unavailable,
,2025-02,South Yorkshire Police,South Yorkshire Police,-1.506934,53.550183,On or near Beaumont Avenue,E01007444,Barnsley 012F,Anti-social behaviour,,
,2025-02,South Yorkshire Police,South Yorkshire Police,-1.503352,53.546726,On or near School Gardens,E01007444,Barnsley 012F,Anti-social behaviour,,
fe1dc2cfb0dfed185b7864e113b626937101d220fbb529591f1e316b83f9675a,2025-02,South Yorkshire Police,South Yorkshire Police,-1.505351,53.555156,On or near Glendale Close,E01007444,Barnsley 012F,Burglary,Investigation complete; no suspect identified,
cf33895aa5a4b590703c9bd1e53896f4f3100456360fe69a6a0ecad9ab603b45,2025-02,South Yorkshire Police,South Yorkshire Police,-1.505866,53.551113,On or near Harewood Avenue,E01007444,Barnsley 012F,Criminal damage and arson,Investigation complete; no suspect identified,
882a62bc0a19bc5dfb7fca28c6390c8fb50a66264ad020aae51a1d43429bf76c,2025-02,South Yorkshire Police,South Yorkshire Police,-1.504113,53.548769,On or near Linton Close,E01007444,Barnsley 012F,Other theft,Awaiting court outcome,
617dae0b3cb0499f84df03c4a1ca3825d9a607ab529a8b1ee9c57a690235264c,2025-02,South Yorkshire Police,South Yorkshire Police,-1.505866,53.551113,On or near Harewood Avenue,E01007444,Barnsley 012F,Public order,Investigation complete; no suspect identified,
f58adefbf0dbcf40d36d9aeb1c4d4295d6eba322eb4f78df4730b27ec62bcfdc,2025-02,South Yorkshire Police,South Yorkshire Police,-1.498122,53.552510,On or near Rosedale Gardens,E01007444,Barnsley 012F,Vehicle crime,Investigation complete; no suspect identified,
23308d142ef2300ec91e950c8f5b9bef7ca5b4f0da1fea46e442abaffee70add,2025-02,South Yorkshire Police,South Yorkshire Police,-1.505866,53.551113,On or near Harewood Avenue,E01007444,Barnsley 012F,Violence and sexual offences,Local resolution,
91214fe157e5ca30a61e99497d2dc3512bc8ad2c1db71f5084f98ef7adaebdd8,2025-02,South Yorkshire Police,South Yorkshire Police,-1.498122,53.552510,On or near Rosedale Gardens,E01007444,Barnsley 012F,Violence and sexual offences,Unable to prosecute suspect,
f47b20bf8b1ff582f89376757539b8907672942c0bbf397f53fd93ce316fedcb,2025-02,South Yorkshire Police,South Yorkshire Police,-1.505866,53.551113,On or near Harewood Avenue,E01007444,Barnsley 012F,Violence and sexual offences,Action to be taken by another organisation,
44dac2f4ae64a3f1b29597cd315e3021a46d66434dad46fe88b1e885bfca0d39,2025-02,South Yorkshire Police,South Yorkshire Police,-1.505866,53.551113,On or near Harewood Avenue,E01007444,Barnsley 012F,Violence and sexual offences,Unable to prosecute suspect,
fb6a5a4bf9d6df1c071b8fc91e22263517ef05e9fef6fa2933ab550515252038,2025-02,South Yorkshire Police,South Yorkshire Police,-1.505866,53.551113,On or near Harewood Avenue,E01007444,Barnsley 012F,Violence and sexual offences,Unable to prosecute suspect,
ac5967f8ad6cb2f3c98240ededace67bb86f5a63186cf4f60182900717bdf1e4,2025-02,South Yorkshire Police,South Yorkshire Police,-1.503352,53.546726,On or near School Gardens,E01007444,Barnsley 012F,Violence and sexual offences,Investigation complete; no suspect identified,
25e7493b97cbc1cb111dade9e5632b2e0f5805f469d902f2070387385bbcc1f9,2025-02,South Yorkshire Police,South Yorkshire Police,-1.506934,53.550183,On or near Beaumont Avenue,E01007444,Barnsley 012F,Other crime,Further investigation is not in the public interest,
2601fd2de3a9588a8f2f410c2c3bb487ff4d7d1c3d662e548e02516373233e9e,2025-02,South Yorkshire Police,South Yorkshire Police,-1.505945,53.556012,On or near Intake Gardens,E01007446,Barnsley 012G,Criminal damage and arson,Investigation complete; no suspect identified,
c8f2163360001319346c178626b79fc028fc5ea0f97d3d26f1bed34b187282d3,2025-02,South Yorkshire Police,South Yorkshire Police,-1.499370,53.559293,On or near Hospital,E01007446,Barnsley 012G,Other theft,Awaiting court outcome,
a6a66fddd95d971932362429aa520d4744aa9b0c8874c7fca4a0585ea94664a0,2025-02,South Yorkshire Police,South Yorkshire Police,-1.499370,53.559293,On or near Hospital,E01007446,Barnsley 012G,Other theft,Investigation complete; no suspect identified,
832fe8c2dba1cad2ad8359551d8edaa55df4cf27424c3397305a2056ccfbb4f7,2025-02,South Yorkshire Police,South Yorkshire Police,-1.499370,53.559293,On or near Hospital,E01007446,Barnsley 012G,Public order,Unable to prosecute suspect,
6310199a1d9a642ed7daf11f9e51017d7d1a5dd9c4d703dead1937d55697e20d,2025-02,South Yorkshire Police,South Yorkshire Police,-1.499370,53.559293,On or near Hospital,E01007446,Barnsley 012G,Public order,Unable to prosecute suspect,
1c3ecdd3f1eb3995eeb1f65019f99887e41c8ca9712b733c98304456940b8a67,2025-02,South Yorkshire Police,South Yorkshire Police,-1.499370,53.559293,On or near Hospital,E01007446,Barnsley 012G,Public order,Awaiting court outcome,
4d8a6efa8a482388aedf1288250c4e82249338a560570c523dee9a194c219a52,2025-02,South Yorkshire Police,South Yorkshire Police,-1.499370,53.559293,On or near Hospital,E01007446,Barnsley 012G,Public order,Unable to prosecute suspect,
14e148668e812dcd0a6ef3fcbbd7a6069dbc5dc87444b8be82a709fb24350646,2025-02,South Yorkshire Police,South Yorkshire Police,-1.501968,53.560481,On or near Redbrook Road,E01007446,Barnsley 012G,Violence and sexual offences,Unable to prosecute suspect,
846b1f8cd32e72c9b7c5c493f8d4460ff36adfa91f0e46519660b2642c2c4d5e,2025-02,South Yorkshire Police,South Yorkshire Police,-1.501968,53.560481,On or near Redbrook Road,E01007446,Barnsley 012G,Violence and sexual offences,Unable to prosecute suspect,
da98aef5cae46c71620d1ef4ce6608bc7bc8e71be928cc06cb25841e6116b62c,2025-02,South Yorkshire Police,South Yorkshire Police,-1.499370,53.559293,On or near Hospital,E01007446,Barnsley 012G,Violence and sexual offences,Unable to prosecute suspect,
b30e11487fd8ad8d5337844a65a52ad5367c62a1ee7220aff1e44c47c33599aa,2025-02,South Yorkshire Police,South Yorkshire Police,-1.499584,53.558310,On or near Hospital,E01007446,Barnsley 012G,Violence and sexual offences,Unable to prosecute suspect,
b7dfc155f1cbaee821bce380202f8f7f4c6b8c7ef34847703bcfdc4bdc2a3a92,2025-02,South Yorkshire Police,South Yorkshire Police,-1.499370,53.559293,On or near Hospital,E01007446,Barnsley 012G,Violence and sexual offences,Awaiting court outcome,
196dac2c1e6ca2221eeb5d86bcc20c147bc662b50b4fb9b35beede41f3f8ecd4,2025-02,South Yorkshire Police,South Yorkshire Police,-1.499370,53.559293,On or near Hospital,E01007446,Barnsley 012G,Violence and sexual offences,Awaiting court outcome,
577331c0bac490ec465bf40c9d208681d4e189e2a33578be8c5bcfb13297272c,2025-02,South Yorkshire Police,South Yorkshire Police,-1.499370,53.559293,On or near Hospital,E01007446,Barnsley 012G,Violence and sexual offences,Unable to prosecute suspect,
c428b8865ad4c85ec2dfeee88aef26165793866addc2dbcc80efcb64cc1a4cce,2025-02,South Yorkshire Police,South Yorkshire Police,-1.499370,53.559293,On or near Hospital,E01007446,Barnsley 012G,Violence and sexual offences,Unable to prosecute suspect,
6b1ce1233cd8ce433f60aa9fa9554a2b45759644f1dbea90ceb7a4121657bbc1,2025-02,South Yorkshire Police,South Yorkshire Police,-1.503328,53.556505,On or near Porter Avenue,E01007446,Barnsley 012G,Violence and sexual offences,Unable to prosecute suspect,
a7a62d8a07f73af19b1f7f39ea2b5a6b849a82fc0c3c84c3a181cd2b980f020a,2025-02,South Yorkshire Police,South Yorkshire Police,-1.501968,53.560481,On or near Redbrook Road,E01007446,Barnsley 012G,Violence and sexual offences,Unable to prosecute suspect,
,2025-02,South Yorkshire Police,South Yorkshire Police,-1.476771,53.558055,On or near Kaye Street,E01007336,Barnsley 013A,Anti-social behaviour,,
,2025-02,South Yorkshire Police,South Yorkshire Police,-1.486196,53.553898,On or near High Street,E01007336,Barnsley 013A,Anti-social behaviour,,
,2025-02,South Yorkshire Police,South Yorkshire Police,-1.477079,53.555162,On or near Parking Area,E01007336,Barnsley 013A,Anti-social behaviour,,
,2025-02,South Yorkshire Police,South Yorkshire Police,-1.477079,53.555162,On or near Parking Area,E01007336,Barnsley 013A,Anti-social behaviour,,
,2025-02,South Yorkshire Police,South Yorkshire Police,-1.486047,53.553753,On or near Parking Area,E01007336,Barnsley 013A,Anti-social behaviour,,
,2025-02,South Yorkshire Police,South Yorkshire Police,-1.477079,53.555162,On or near Parking Area,E01007336,Barnsley 013A,Anti-social behaviour,,
,2025-02,South Yorkshire Police,South Yorkshire Police,-1.477079,53.555162,On or near Parking Area,E01007336,Barnsley 013A,Anti-social behaviour,,
,2025-02,South Yorkshire Police,South Yorkshire Police,-1.477079,53.555162,On or near Parking Area,E01007336,Barnsley 013A,Anti-social behaviour,,
,2025-02,South Yorkshire Police,South Yorkshire Police,-1.486047,53.553753,On or near Parking Area,E01007336,Barnsley 013A,Anti-social behaviour,,
,2025-02,South Yorkshire Police,South Yorkshire Police,-1.474072,53.557818,On or near Meadow Street,E01007336,Barnsley 013A,Anti-social behaviour,,
,2025-02,South Yorkshire Police,South Yorkshire Police,-1.477079,53.555162,On or near Parking Area,E01007336,Barnsley 013A,Anti-social behaviour,,
848eb92fca09218b9249ce70a06fe7cd0e04e9afab98ff8357af585400f99ad3,2025-02,South Yorkshire Police,South Yorkshire Police,-1.481462,53.554936,On or near Sports/Recreation Area,E01007336,Barnsley 013A,Burglary,Investigation complete; no suspect identified,
fa7743c5c7391acc365638c142e6e20731d940efc040fbc12301f91fbbc6622d,2025-02,South Yorkshire Police,South Yorkshire Police,-1.484330,53.555894,On or near Berneslai Close,E01007336,Barnsley 013A,Burglary,Investigation complete; no suspect identified,
f99238a783044254015e8582ef9610e448541a4c9d687168493202914496f6cf,2025-02,South Yorkshire Police,South Yorkshire Police,-1.477212,53.556555,On or near Eldon Street North,E01007336,Barnsley 013A,Criminal damage and arson,Awaiting court outcome,
930f49f456f38ae0502c7f33a75a9e4ce901f19e76590cd357530996c5714955,2025-02,South Yorkshire Police,South Yorkshire Police,-1.479170,53.555674,On or near Parking Area,E01007336,Barnsley 013A,Criminal damage and arson,Investigation complete; no suspect identified,
2f054d48243da1d57b632489fc408888ed469b176f6cc9bc0a866c7c6abdc17f,2025-02,South Yorkshire Police,South Yorkshire Police,-1.477212,53.556555,On or near Eldon Street North,E01007336,Barnsley 013A,Criminal damage and arson,Unable to prosecute suspect,
e4de20e6748330a5e734bf569bc1ee3d5bd5819f99d0d1c162520c9215fb2052,2025-02,South Yorkshire Police,South Yorkshire Police,-1.485053,53.554819,On or near Churchfield,E01007336,Barnsley 013A,Criminal damage and arson,Awaiting court outcome,
95be86ed36c9478cd3b36f45a49eaf52b28f57a62bf843215480a786908dd7f6,2025-02,South Yorkshire Police,South Yorkshire Police,-1.485053,53.554819,On or near Churchfield,E01007336,Barnsley 013A,Drugs,Offender given a caution,
a62e80c6b6db77c3e0f1edab9541a3cbce418b424b8314884bbbbd133adef087,2025-02,South Yorkshire Police,South Yorkshire Police,-1.478419,53.557855,On or near Bridge Street,E01007336,Barnsley 013A,Drugs,Unable to prosecute suspect,
7db4ca5a173fffb1d5ef7dfbff430edbf32230aa60e63d96b02f63e4c17dda5a,2025-02,South Yorkshire Police,South Yorkshire Police,-1.485053,53.554819,On or near Churchfield,E01007336,Barnsley 013A,Drugs,Status update unavailable,
d77ebdaa5720bf46c57d6b7ccbdf9f8099fc6c3d237b69c292fda8ab40d8c73e,2025-02,South Yorkshire Police,South Yorkshire Police,-1.485053,53.554819,On or near Churchfield,E01007336,Barnsley 013A,Drugs,Awaiting court outcome,
cbd828d499cc592f85409e346cd293548dd83fc93a4c833d0255f1746d4ae6c9,2025-02,South Yorkshire Police,South Yorkshire Police,-1.485053,53.554819,On or near Churchfield,E01007336,Barnsley 013A,Drugs,Awaiting court outcome,
3850bd8adcc84fa4a07882a395a4a68eeeaa719cf3c2f18a32959db4e94f908d,2025-02,South Yorkshire Police,South Yorkshire Police,-1.485053,53.554819,On or near Churchfield,E01007336,Barnsley 013A,Drugs,Further investigation is not in the public interest,
79e96c57a90df5e71186f074ff5e908d6f541ed34530c94683c9421ca3771ee9,2025-02,South Yorkshire Police,South Yorkshire Police,-1.485053,53.554819,On or near Churchfield,E01007336,Barnsley 013A,Drugs,Awaiting court outcome,
c40cfaed3944b23412c7cceda9d836eea8c1c9e1f6b517ceedebe025d9e60615,2025-02,South Yorkshire Police,South Yorkshire Police,-1.485053,53.554819,On or near Churchfield,E01007336,Barnsley 013A,Drugs,Unable to prosecute suspect,
8e83b633c5de71ff7c1398a6d74ac7b79f4322722cdde2383996b2ee54cb7795,2025-02,South Yorkshire Police,South Yorkshire Police,-1.485053,53.554819,On or near Churchfield,E01007336,Barnsley 013A,Drugs,Awaiting court outcome,
f473dd171fc6cdeec1ab8d8287e1a9ee7d0e1c25e6f3e7aba653d0a1589d4499,2025-02,South Yorkshire Police,South Yorkshire Police,-1.485053,53.554819,On or near Churchfield,E01007336,Barnsley 013A,Other theft,Status update unavailable,
cc6fca0ee2bb4511d8337e8f3daeab7083e8131e7adf21b37a5164526fd049ac,2025-02,South Yorkshire Police,South Yorkshire Police,-1.477212,53.556555,On or near Eldon Street North,E01007336,Barnsley 013A,Other theft,Unable to prosecute suspect,
93a82240bd62805c2ca1e070e54ac26435db88bc6d8201cd59148bb7b1cde014,2025-02,South Yorkshire Police,South Yorkshire Police,-1.476771,53.558055,On or near Kaye Street,E01007336,Barnsley 013A,Public order,Unable to prosecute suspect,
19c8a48dc189a287cf088eae136228f8cd6080e6cdb752ec4ffb346795b5f421,2025-02,South Yorkshire Police,South Yorkshire Police,-1.485053,53.554819,On or near Churchfield,E01007336,Barnsley 013A,Public order,Awaiting court outcome,
c8c609195535b68c1dd3dc7d8f8f48870c5e0d5bb7419ee30c3cb8c5ed41646a,2025-02,South Yorkshire Police,South Yorkshire Police,-1.485053,53.554819,On or near Churchfield,E01007336,Barnsley 013A,Public order,Awaiting court outcome,
c8c776889527a6dc84e4717fc9cd8a6c317d1140fdabc2dd154c645db093aed0,2025-02,South Yorkshire Police,South Yorkshire Police,-1.485053,53.554819,On or near Churchfield,E01007336,Barnsley 013A,Public order,Unable to prosecute suspect,
fcde988b7b01d207194677dce2c2558e2313e2a3744fcca26a5987821cf7dda3,2025-02,South Yorkshire Police,South Yorkshire Police,-1.485053,53.554819,On or near Churchfield,E01007336,Barnsley 013A,Public order,Unable to prosecute suspect,
691e0ad13baa9f358580ffbbed3f74ac20d03078c99c1dcfef3aac532adc24d1,2025-02,South Yorkshire Police,South Yorkshire Police,-1.479170,53.555674,On or near Parking Area,E01007336,Barnsley 013A,Public order,Investigation complete; no suspect identified,
80fca87e07763b896ad2181aeccd5356104561db1796241fbfbc96e5cb539483,2025-02,South Yorkshire Police,South Yorkshire Police,-1.479170,53.555674,On or near Parking Area,E01007336,Barnsley 013A,Public order,Investigation complete; no suspect identified,
110039ab940d81f28f2bedae42a949e4741fba6ddf164ee8a069466283d83876,2025-02,South Yorkshire Police,South Yorkshire Police,-1.477079,53.555162,On or near Parking Area,E01007336,Barnsley 013A,Public order,Awaiting court outcome,
96ef831b1ae522eaef202dea801e15eabde10ba0ec845d36a785063e7e200da6,2025-02,South Yorkshire Police,South Yorkshire Police,-1.485053,53.554819,On or near Churchfield,E01007336,Barnsley 013A,Public order,Further investigation is not in the public interest,
448e55b1f81418d84bb1df354749be5148989308938752bfcc70c2a177e69a7c,2025-02,South Yorkshire Police,South Yorkshire Police,-1.477079,53.555162,On or near Parking Area,E01007336,Barnsley 013A,Public order,Investigation complete; no suspect identified,
879bc22f2e7593b55b45afec279928cfa5d8341f93b57da421b374e7e902b52c,2025-02,South Yorkshire Police,South Yorkshire Police,-1.486196,53.553898,On or near High Street,E01007336,Barnsley 013A,Public order,Unable to prosecute suspect,
b32e01fe1278a0cecbe8131c9dafeda76c6be4d39e863e5385ad9ad7b4fc0aca,2025-02,South Yorkshire Police,South Yorkshire Police,-1.485053,53.554819,On or near Churchfield,E01007336,Barnsley 013A,Public order,Further investigation is not in the public interest,
7fff6d827e8a23bc300c95df6fe54e7aee47e926da151a839ed323c2ed56691f,2025-02,South Yorkshire Police,South Yorkshire Police,-1.485053,53.554819,On or near Churchfield,E01007336,Barnsley 013A,Public order,Further investigation is not in the public interest,
f6526ff6a2fdbdcd8b730a2bdf8bec13334d084d21a59262e06c454afae165ad,2025-02,South Yorkshire Police,South Yorkshire Police,-1.485053,53.554819,On or near Churchfield,E01007336,Barnsley 013A,Public order,Offender given a caution,
3ae8a9901b28364ad92d10f292548780816982db803af835ead7b863804b346b,2025-02,South Yorkshire Police,South Yorkshire Police,-1.476028,53.557117,On or near Beckett Street,E01007336,Barnsley 013A,Public order,Awaiting court outcome,
7185a0b617babc050d86ea294c93640d2166b4428b9a5a49101f9b3752fb4369,2025-02,South Yorkshire Police,South Yorkshire Police,-1.486196,53.553898,On or near High Street,E01007336,Barnsley 013A,Shoplifting,Investigation complete; no suspect identified,
22e6cdef593d8458bb2d33ee42a4619895c520b3375e2fbb7d0b08a9b34a8834,2025-02,South Yorkshire Police,South Yorkshire Police,-1.474072,53.557818,On or near Meadow Street,E01007336,Barnsley 013A,Shoplifting,Awaiting court outcome,
ed3e5a07d63590d6ad34aca3caffcad35ed1cdc09a20c1232226ba99105e5ded,2025-02,South Yorkshire Police,South Yorkshire Police,-1.486196,53.553898,On or near High Street,E01007336,Barnsley 013A,Shoplifting,Investigation complete; no suspect identified,
1a3220979666d2cf7ac191ddda28f0cb3002383331f8a89075e3584888d86879,2025-02,South Yorkshire Police,South Yorkshire Police,-1.486196,53.553898,On or near High Street,E01007336,Barnsley 013A,Shoplifting,Awaiting court outcome,
5e1a39991e1414b1cd7c49fdbb9198d58f4634515d3bb059107529b46374d18d,2025-02,South Yorkshire Police,South Yorkshire Police,-1.486196,53.553898,On or near High Street,E01007336,Barnsley 013A,Shoplifting,Investigation complete; no suspect identified,
ddc7102c586c6a1424eb28a2c5463f51e726e05e158ba85ef0ac924d37f4642b,2025-02,South Yorkshire Police,South Yorkshire Police,-1.486196,53.553898,On or near High Street,E01007336,Barnsley 013A,Shoplifting,Investigation complete; no suspect identified,
b4af30a21211410716027611ba5d48d2fe639b16f996ff3c781db66a4395f8ec,2025-02,South Yorkshire Police,South Yorkshire Police,-1.486196,53.553898,On or near High Street,E01007336,Barnsley 013A,Shoplifting,Investigation complete; no suspect identified,
b837f036935ec69588b359cf9d5a32724bca5695074313a53dbc631fdd62dc33,2025-02,South Yorkshire Police,South Yorkshire Police,-1.486196,53.553898,On or near High Street,E01007336,Barnsley 013A,Shoplifting,Investigation complete; no suspect identified,
3ed8e58397c227266fa317fbb768ced9a20256e03a1a9e3d4f08e80228e944eb,2025-02,South Yorkshire Police,South Yorkshire Police,-1.486196,53.553898,On or near High Street,E01007336,Barnsley 013A,Shoplifting,Investigation complete; no suspect identified,
25a737ea2cf40b979a9934c5eb9391c91aaf88bef22e6388b745370c75964f4f,2025-02,South Yorkshire Police,South Yorkshire Police,-1.486196,53.553898,On or near High Street,E01007336,Barnsley 013A,Shoplifting,Investigation complete; no suspect identified,
f74381f98f73e4109e9cddedee34d316d3bc857e6da6daff364d18c4e578a6db,2025-02,South Yorkshire Police,South Yorkshire Police,-1.486196,53.553898,On or near High Street,E01007336,Barnsley 013A,Shoplifting,Investigation complete; no suspect identified,
89c7af808fb1ad9b47484f9987f290ed383ab767bb0b79cdd8cdaad91a5ca5b6,2025-02,South Yorkshire Police,South Yorkshire Police,-1.486196,53.553898,On or near High Street,E01007336,Barnsley 013A,Shoplifting,Investigation complete; no suspect identified,
3a41cffe93716b3a3dcc6449acf6ec28a5478cbbcec4004338793e314b3e7903,2025-02,South Yorkshire Police,South Yorkshire Police,-1.486196,53.553898,On or near High Street,E01007336,Barnsley 013A,Shoplifting,Further investigation is not in the public interest,
98038d3f4a057ebd5e1bb1310d185d99162b7438a35c78a0c187622e926d926e,2025-02,South Yorkshire Police,South Yorkshire Police,-1.486196,53.553898,On or near High Street,E01007336,Barnsley 013A,Shoplifting,Investigation complete; no suspect identified,
3972a99d01a34654857d87ff3c5ca6e19226d23bece465937e9d1fe7ee424f8d,2025-02,South Yorkshire Police,South Yorkshire Police,-1.474072,53.557818,On or near Meadow Street,E01007336,Barnsley 013A,Vehicle crime,Investigation complete; no suspect identified,
fc5357e4f30dfc7c41d88bc75c6ef9005a925690fc33d9f75cccd1e5781954a9,2025-02,South Yorkshire Police,South Yorkshire Police,-1.485891,53.557887,On or near Westwood Court,E01007336,Barnsley 013A,Vehicle crime,Awaiting court outcome,
45d252992a69beed69723cc9e7d5855c34af87ebe29ec4f7933ad611a2cf05f6,2025-02,South Yorkshire Police,South Yorkshire Police,-1.480914,53.556248,On or near Falcon Street,E01007336,Barnsley 013A,Vehicle crime,Investigation complete; no suspect identified,
7dd0bcb1f892db5bad17788abae5e184644ad2d2fc9788a1a4084fd42b38e2f6,2025-02,South Yorkshire Police,South Yorkshire Police,-1.477212,53.556555,On or near Eldon Street North,E01007336,Barnsley 013A,Vehicle crime,Investigation complete; no suspect identified,
c764fb7ce82df0ab97cce92e0afef99a4a15d48099c7a67f3b6f974bb66ef6ce,2025-02,South Yorkshire Police,South Yorkshire Police,-1.477079,53.555162,On or near Parking Area,E01007336,Barnsley 013A,Violence and sexual offences,Offender given a caution,
1b6be1d68c25af4cc13a705e9dfd7eb8f6a8b74bb3ec8e135cda1bbc0142329c,2025-02,South Yorkshire Police,South Yorkshire Police,-1.485053,53.554819,On or near Churchfield,E01007336,Barnsley 013A,Violence and sexual offences,Awaiting court outcome,
6c81671aa17a01e9d600fb965e0b382955e61f0474f228d4f3193598df2bbe64,2025-02,South Yorkshire Police,South Yorkshire Police,-1.479170,53.555674,On or near Parking Area,E01007336,Barnsley 013A,Violence and sexual offences,Unable to prosecute suspect,
d1af11781aadd096a599c2425dd7d55fa8bedd49a48ec8823e9fb30d9e0bc5a2,2025-02,South Yorkshire Police,South Yorkshire Police,-1.485053,53.554819,On or near Churchfield,E01007336,Barnsley 013A,Violence and sexual offences,Unable to prosecute suspect,
4a2ed81e06c45f1123bbc4b3ac18cbe9520326febea9c02e2db28d6245afc396,2025-02,South Yorkshire Police,South Yorkshire Police,-1.477079,53.555162,On or near Parking Area,E01007336,Barnsley 013A,Violence and sexual offences,Awaiting court outcome,
1880d81a24d0aaa813c179fe3acdbfe5e1cd266c6a15aa054c6c26cc57d434f2,2025-02,South Yorkshire Police,South Yorkshire Police,-1.486047,53.553753,On or near Parking Area,E01007336,Barnsley 013A,Violence and sexual offences,Unable to prosecute suspect,
cc0c12886e90640c959b84993b73b7d4540e0c339238690403dcc8a8861ea758,2025-02,South Yorkshire Police,South Yorkshire Police,-1.477212,53.556555,On or near Eldon Street North,E01007336,Barnsley 013A,Violence and sexual offences,Unable to prosecute suspect,
83d071f0486e9d159865307e215554e047caff822c704edf6e3643c646e57219,2025-02,South Yorkshire Police,South Yorkshire Police,-1.477079,53.555162,On or near Parking Area,E01007336,Barnsley 013A,Violence and sexual offences,Unable to prosecute suspect,
822fd7126a524316889b8cd619a700b28a8317e8a94b47b8c3cfee1425667523,2025-02,South Yorkshire Police,South Yorkshire Police,-1.476028,53.557117,On or near Beckett Street,E01007336,Barnsley 013A,Violence and sexual offences,Unable to prosecute suspect,
ad88b51721315362c17deae307d9c1d5277ac3977e16c5ef45cc676f5f94a398,2025-02,South Yorkshire Police,South Yorkshire Police,-1.479170,53.555674,On or near Parking Area,E01007336,Barnsley 013A,Violence and sexual offences,Unable to prosecute suspect,
aabaed9367c700a231b272890fceed7201b0793d54e226968ca94e8241acaf8a,2025-02,South Yorkshire Police,South Yorkshire Police,-1.485053,53.554819,On or near Churchfield,E01007336,Barnsley 013A,Violence and sexual offences,Awaiting court outcome,
2a4785172345c3e587a5dfce7c307a46e9f99cee674cf31f47f776997e6a563b,2025-02,South Yorkshire Police,South Yorkshire Police,-1.479170,53.555674,On or near Parking Area,E01007336,Barnsley 013A,Violence and sexual offences,Unable to prosecute suspect,
11b2015e05ba8c11a8ee26bf03ae60dccdefae7a99864267bedf196106c9dcef,2025-02,South Yorkshire Police,South Yorkshire Police,-1.477079,53.555162,On or near Parking Area,E01007336,Barnsley 013A,Violence and sexual offences,Investigation complete; no suspect identified,
79c1714d88cb2ea176c4a32930244edd140462b0878346a4b9c88312de9d1da5,2025-02,South Yorkshire Police,South Yorkshire Police,-1.477079,53.555162,On or near Parking Area,E01007336,Barnsley 013A,Violence and sexual offences,Unable to prosecute suspect,
705f6234098126db954bdba86bc3cbf1c3fc6eb5ecc0f1002e69a76305669cc1,2025-02,South Yorkshire Police,South Yorkshire Police,-1.485053,53.554819,On or near Churchfield,E01007336,Barnsley 013A,Other crime,Status update unavailable,
80cb6b5745197ce87b76c409cfc63d7e76a84c814caa00a2a20080cd49638b76,2025-02,South Yorkshire Police,South Yorkshire Police,-1.485053,53.554819,On or near Churchfield,E01007336,Barnsley 013A,Other crime,Status update unavailable,
b17c3eb294781d8755c7f8a67e8b70966f5188da58e929713ea3341f2cc4765d,2025-02,South Yorkshire Police,South Yorkshire Police,-1.475831,53.555920,On or near Mottram Street,E01007336,Barnsley 013A,Other crime,Local resolution,
6d6f7b5b67b2642f5ed9d4e4b1131471b349c2e78d3fb18730ddaf531fe6d104,2025-02,South Yorkshire Police,South Yorkshire Police,-1.485053,53.554819,On or near Churchfield,E01007336,Barnsley 013A,Other crime,Awaiting court outcome,
5d765855bc687abab62297aae00c638a65e8136abb336d57e111ed3fc62e4240,2025-02,South Yorkshire Police,South Yorkshire Police,-1.476771,53.558055,On or near Kaye Street,E01007336,Barnsley 013A,Other crime,Unable to prosecute suspect,
022e32e8c70dd58e1829c3793330caa464cff87be1bb60dd89e2bbfee6bcaa35,2025-02,South Yorkshire Police,South Yorkshire Police,-1.485053,53.554819,On or near Churchfield,E01007336,Barnsley 013A,Other crime,Status update unavailable,
,2025-02,South Yorkshire Police,South Yorkshire Police,-1.482041,53.551723,On or near Nightclub,E01007340,Barnsley 013B,Anti-social behaviour,,
,2025-02,South Yorkshire Police,South Yorkshire Police,-1.482867,53.553338,On or near Nightclub,E01007340,Barnsley 013B,Anti-social behaviour,,
,2025-02,South Yorkshire Police,South Yorkshire Police,-1.482867,53.553338,On or near Nightclub,E01007340,Barnsley 013B,Anti-social behaviour,,
,2025-02,South Yorkshire Police,South Yorkshire Police,-1.478992,53.549301,On or near John Street,E01007340,Barnsley 013B,Anti-social behaviour,,
,2025-02,South Yorkshire Police,South Yorkshire Police,-1.483026,53.548932,On or near Foundry Street,E01007340,Barnsley 013B,Anti-social behaviour,,
,2025-02,South Yorkshire Police,South Yorkshire Police,-1.483196,53.549858,On or near Supermarket,E01007340,Barnsley 013B,Anti-social behaviour,,
,2025-02,South Yorkshire Police,South Yorkshire Police,-1.477958,53.551130,On or near Parking Area,E01007340,Barnsley 013B,Anti-social behaviour,,
,2025-02,South Yorkshire Police,South Yorkshire Police,-1.483026,53.548932,On or near Foundry Street,E01007340,Barnsley 013B,Anti-social behaviour,,
,2025-02,South Yorkshire Police,South Yorkshire Police,-1.483196,53.549858,On or near Supermarket,E01007340,Barnsley 013B,Anti-social behaviour,,
,2025-02,South Yorkshire Police,South Yorkshire Police,-1.477824,53.549799,On or near Burleigh Court,E01007340,Barnsley 013B,Anti-social behaviour,,
,2025-02,South Yorkshire Police,South Yorkshire Police,-1.482867,53.553338,On or near Nightclub,E01007340,Barnsley 013B,Anti-social behaviour,,
,2025-02,South Yorkshire Police,South Yorkshire Police,-1.480369,53.553918,On or near Hanson Street,E01007340,Barnsley 013B,Anti-social behaviour,,
,2025-02,South Yorkshire Police,South Yorkshire Police,-1.484388,53.549872,On or near George Square,E01007340,Barnsley 013B,Anti-social behaviour,,
,2025-02,South Yorkshire Police,South Yorkshire Police,-1.482041,53.551723,On or near Nightclub,E01007340,Barnsley 013B,Anti-social behaviour,,
,2025-02,South Yorkshire Police,South Yorkshire Police,-1.483196,53.549858,On or near Supermarket,E01007340,Barnsley 013B,Anti-social behaviour,,
,2025-02,South Yorkshire Police,South Yorkshire Police,-1.483026,53.548932,On or near Foundry Street,E01007340,Barnsley 013B,Anti-social behaviour,,
,2025-02,South Yorkshire Police,South Yorkshire Police,-1.483196,53.549858,On or near Supermarket,E01007340,Barnsley 013B,Anti-social behaviour,,
,2025-02,South Yorkshire Police,South Yorkshire Police,-1.480369,53.553918,On or near Hanson Street,E01007340,Barnsley 013B,Anti-social behaviour,,
,2025-02,South Yorkshire Police,South Yorkshire Police,-1.482041,53.551723,On or near Nightclub,E01007340,Barnsley 013B,Anti-social behaviour,,
,2025-02,South Yorkshire Police,South Yorkshire Police,-1.483196,53.549858,On or near Supermarket,E01007340,Barnsley 013B,Anti-social behaviour,,
,2025-02,South Yorkshire Police,South Yorkshire Police,-1.480369,53.553918,On or near Hanson Street,E01007340,Barnsley 013B,Anti-social behaviour,,
,2025-02,South Yorkshire Police,South Yorkshire Police,-1.483875,53.551164,On or near Nelson Street,E01007340,Barnsley 013B,Anti-social behaviour,,
,2025-02,South Yorkshire Police,South Yorkshire Police,-1.480369,53.553918,On or near Hanson Street,E01007340,Barnsley 013B,Anti-social behaviour,,
,2025-02,South Yorkshire Police,South Yorkshire Police,-1.481033,53.554001,On or near Royal Street,E01007340,Barnsley 013B,Anti-social behaviour,,
,2025-02,South Yorkshire Police,South Yorkshire Police,-1.483196,53.549858,On or near Supermarket,E01007340,Barnsley 013B,Anti-social behaviour,,
,2025-02,South Yorkshire Police,South Yorkshire Police,-1.484412,53.550376,On or near George Street,E01007340,Barnsley 013B,Anti-social behaviour,,
,2025-02,South Yorkshire Police,South Yorkshire Police,-1.483428,53.555639,On or near Church Lane,E01007340,Barnsley 013B,Anti-social behaviour,,
,2025-02,South Yorkshire Police,South Yorkshire Police,-1.483196,53.549858,On or near Supermarket,E01007340,Barnsley 013B,Anti-social behaviour,,
,2025-02,South Yorkshire Police,South Yorkshire Police,-1.483026,53.548932,On or near Foundry Street,E01007340,Barnsley 013B,Anti-social behaviour,,
,2025-02,South Yorkshire Police,South Yorkshire Police,-1.478992,53.549301,On or near John Street,E01007340,Barnsley 013B,Anti-social behaviour,,
,2025-02,South Yorkshire Police,South Yorkshire Police,-1.483058,53.547601,On or near Agnes Road,E01007340,Barnsley 013B,Anti-social behaviour,,
,2025-02,South Yorkshire Police,South Yorkshire Police,-1.480369,53.553918,On or near Hanson Street,E01007340,Barnsley 013B,Anti-social behaviour,,
f13a7a5ab32b0a6708e596028285ee71a52494ce7fee4c2ccf8b1b52eda3732e,2025-02,South Yorkshire Police,South Yorkshire Police,-1.478309,53.550880,On or near Shopping Area,E01007340,Barnsley 013B,Burglary,Awaiting court outcome,
f0edf6a59c3e145c4c8f4a48ebb3d508e6d28be3721939cca07f1d3e0d560517,2025-02,South Yorkshire Police,South Yorkshire Police,-1.477958,53.551130,On or near Parking Area,E01007340,Barnsley 013B,Burglary,Awaiting court outcome,
13acfd8d8aff13b9c17f80d4046fc9a6b9389c4c23f294934175460f9a834965,2025-02,South Yorkshire Police,South Yorkshire Police,-1.482041,53.551723,On or near Nightclub,E01007340,Barnsley 013B,Burglary,Unable to prosecute suspect,
67e421ad22e0a73f80a48746f96a611c0c134cc5823b68830f0c8ea0ffccf9b0,2025-02,South Yorkshire Police,South Yorkshire Police,-1.484388,53.549872,On or near George Square,E01007340,Barnsley 013B,Burglary,Investigation complete; no suspect identified,
b8a0704be325a0e24419c2a18cefe7a60befad2e1c8b54821c0b0bbf007b331b,2025-02,South Yorkshire Police,South Yorkshire Police,-1.482041,53.551723,On or near Nightclub,E01007340,Barnsley 013B,Burglary,Unable to prosecute suspect,
d55b0d1fa1fbf296f665f286374c8eccd176d719754bc9ff825a44f01f64e92a,2025-02,South Yorkshire Police,South Yorkshire Police,-1.482041,53.551723,On or near Nightclub,E01007340,Barnsley 013B,Criminal damage and arson,Investigation complete; no suspect identified,
bbecbed7954d899376a2f344dbedbbf5490895590d6f89000301f198c4c9a90d,2025-02,South Yorkshire Police,South Yorkshire Police,-1.483428,53.555639,On or near Church Lane,E01007340,Barnsley 013B,Criminal damage and arson,Investigation complete; no suspect identified,
460aff42ce2c1390164c7774d30204001216c4fc0fc50a3f27d54a2a87bd71a5,2025-02,South Yorkshire Police,South Yorkshire Police,-1.482621,53.548723,On or near Silver Street,E01007340,Barnsley 013B,Criminal damage and arson,Investigation complete; no suspect identified,
78478589de95afa946766dd19afe1ab348c8be4f9496d0a0bcf611d747afdb61,2025-02,South Yorkshire Police,South Yorkshire Police,-1.482403,53.550529,On or near West Way,E01007340,Barnsley 013B,Criminal damage and arson,Unable to prosecute suspect,
f3415a807fe6907056f5fb18b46cda7acf17b7b62f2cb5796af3e8afc01ad000,2025-02,South Yorkshire Police,South Yorkshire Police,-1.483026,53.548932,On or near Foundry Street,E01007340,Barnsley 013B,Criminal damage and arson,Investigation complete; no suspect identified,
86e7cbdb6230acd181a9a4c9a0f68f3945b5f5eb31dc49e05a17d9f0373e6e9d,2025-02,South Yorkshire Police,South Yorkshire Police,-1.480369,53.553918,On or near Hanson Street,E01007340,Barnsley 013B,Criminal damage and arson,Investigation complete; no suspect identified,
00f578fbee288d74eb5650e2c331ace1dfa1bdfecc146f0fbe346d55f050a847,2025-02,South Yorkshire Police,South Yorkshire Police,-1.483157,53.546856,On or near Nursery Street,E01007340,Barnsley 013B,Criminal damage and arson,Investigation complete; no suspect identified,
9249e7d4db7fdb56001ad9f54077c7bf655013e32c9b74aa53fe309dc42daa83,2025-02,South Yorkshire Police,South Yorkshire Police,-1.482041,53.551723,On or near Nightclub,E01007340,Barnsley 013B,Criminal damage and arson,Investigation complete; no suspect identified,
33f168d65b7bde4686aeb9675821b6a15701b53faaf1e39796b8945c3186e850,2025-02,South Yorkshire Police,South Yorkshire Police,-1.480369,53.553918,On or near Hanson Street,E01007340,Barnsley 013B,Criminal damage and arson,Investigation complete; no suspect identified,
2e87c36e682a0f37fbc58c809aaf7c66b18410b57ddcea0eea0c160e7cce00cf,2025-02,South Yorkshire Police,South Yorkshire Police,-1.482041,53.551723,On or near Nightclub,E01007340,Barnsley 013B,Criminal damage and arson,Local resolution,
1c480373db8a9bf4370dfc7b508732f56c23c18e8c893a3d34a7f7c5c4e49814,2025-02,South Yorkshire Police,South Yorkshire Police,-1.480369,53.553918,On or near Hanson Street,E01007340,Barnsley 013B,Criminal damage and arson,Offender given a caution,
aa7f1d21650e5f7168cfadaedb810b6ae147fc5abdec52d838139ea847507fad,2025-02,South Yorkshire Police,South Yorkshire Police,-1.482041,53.551723,On or near Nightclub,E01007340,Barnsley 013B,Drugs,Awaiting court outcome,
8bb48fb7eca5e0b3c1755a99adfac33060f27c672e608b0de9b480793263ddde,2025-02,South Yorkshire Police,South Yorkshire Police,-1.482041,53.551723,On or near Nightclub,E01007340,Barnsley 013B,Drugs,Local resolution,
905f820de572c232e30bac6d9207a93288c9bf9f51fdc7604c04662c26eae658,2025-02,South Yorkshire Police,South Yorkshire Police,-1.482867,53.553338,On or near Nightclub,E01007340,Barnsley 013B,Drugs,Local resolution,
596953e02e47049ad59d23ad7dcf5b300141d04e3d86f9cffc2358f30bdf9668,2025-02,South Yorkshire Police,South Yorkshire Police,-1.481033,53.554001,On or near Royal Street,E01007340,Barnsley 013B,Drugs,Local resolution,
a193b98ee01c82e6c02a8c41ed87064ac5c34c59f3c9ae0dbb787a9bd5e5dc73,2025-02,South Yorkshire Police,South Yorkshire Police,-1.479814,53.548774,On or near Thomas Street,E01007340,Barnsley 013B,Other theft,Awaiting court outcome,
045b01ad230f1c0cf7a533a21eb90db712dea75a23185a4f8454a8d2298f597a,2025-02,South Yorkshire Police,South Yorkshire Police,-1.482867,53.553338,On or near Nightclub,E01007340,Barnsley 013B,Other theft,Investigation complete; no suspect identified,
70f4b59f5ba6559898024dcc62d29732b49cdf75ab2cea4fcc2eb9922d183593,2025-02,South Yorkshire Police,South Yorkshire Police,-1.480369,53.553918,On or near Hanson Street,E01007340,Barnsley 013B,Other theft,Unable to prosecute suspect,
214898b67892dbc6613803dee64c1312a99b3aca0e6f11a7bc4f618a64391c9a,2025-02,South Yorkshire Police,South Yorkshire Police,-1.483196,53.549858,On or near Supermarket,E01007340,Barnsley 013B,Other theft,Investigation complete; no suspect identified,
4ce4721ef66e1d0260b3a381117658304d238170f8ce3f9ede0baccd24f89074,2025-02,South Yorkshire Police,South Yorkshire Police,-1.483196,53.549858,On or near Supermarket,E01007340,Barnsley 013B,Other theft,Investigation complete; no suspect identified,
34c6fcdfc01fb79c53a1b8539f67b0c5de84e44bb0b8552c3e093bcabea861c9,2025-02,South Yorkshire Police,South Yorkshire Police,-1.483196,53.549858,On or near Supermarket,E01007340,Barnsley 013B,Other theft,Investigation complete; no suspect identified,
64a56fd9a6836ce46597edbeb9bc1ead6bc063c4feb8b9cd454ccce0c9e964f9,2025-02,South Yorkshire Police,South Yorkshire Police,-1.483875,53.551164,On or near Nelson Street,E01007340,Barnsley 013B,Other theft,Investigation complete; no suspect identified,
3bbec43502accaee6e71690b39ef70a9ab87438e429c725f76a01175a85da63b,2025-02,South Yorkshire Police,South Yorkshire Police,-1.479814,53.548774,On or near Thomas Street,E01007340,Barnsley 013B,Other theft,Investigation complete; no suspect identified,
e3b3b167d749165ddf813639fa6d9056c3e55443d9d6a012b9cb4837bab24db2,2025-02,South Yorkshire Police,South Yorkshire Police,-1.480369,53.553918,On or near Hanson Street,E01007340,Barnsley 013B,Other theft,Investigation complete; no suspect identified,
a9325b069ad979a8966fc95d78ff8b61beab3197d3d596a802ce2fc9e3eb0338,2025-02,South Yorkshire Police,South Yorkshire Police,-1.480369,53.553918,On or near Hanson Street,E01007340,Barnsley 013B,Other theft,Investigation complete; no suspect identified,
2cb65ca6223719863d83ba084dfde3f5da50b126024521ab580c974ad8ad826e,2025-02,South Yorkshire Police,South Yorkshire Police,-1.482041,53.551723,On or near Nightclub,E01007340,Barnsley 013B,Other theft,Investigation complete; no suspect identified,
2b3acac80df321408625b269874c9c1806b3b632744206519ed1274712ed311e,2025-02,South Yorkshire Police,South Yorkshire Police,-1.480369,53.553918,On or near Hanson Street,E01007340,Barnsley 013B,Other theft,Investigation complete; no suspect identified,
cfcd33d443938332dd998c1b766018fc8faafa60f1e7683040cd92f89dd334dd,2025-02,South Yorkshire Police,South Yorkshire Police,-1.479814,53.548774,On or near Thomas Street,E01007340,Barnsley 013B,Other theft,Investigation complete; no suspect identified,
c02b2afec2449aded7ee8aabaf792e20af332efd4d5fda2e9d4b92e0e917855b,2025-02,South Yorkshire Police,South Yorkshire Police,-1.483196,53.549858,On or near Supermarket,E01007340,Barnsley 013B,Other theft,Investigation complete; no suspect identified,
a594ee677e23014df07b4153d53ed65f5631cfd3f99d8c9a355cc69f5cccd725,2025-02,South Yorkshire Police,South Yorkshire Police,-1.477958,53.551130,On or near Parking Area,E01007340,Barnsley 013B,Other theft,Investigation complete; no suspect identified,
807545d3da6a7058e1df9a8c86c6d1174de2e7cfe6b3e76ed055fbddb1f942c4,2025-02,South Yorkshire Police,South Yorkshire Police,-1.482041,53.551723,On or near Nightclub,E01007340,Barnsley 013B,Other theft,Investigation complete; no suspect identified,
a0f3cd8c9da9f92fc15c7a4da420f9ab0bca5533ab81674990d73a4d8dfc213c,2025-02,South Yorkshire Police,South Yorkshire Police,-1.484412,53.550376,On or near George Street,E01007340,Barnsley 013B,Possession of weapons,Unable to prosecute suspect,
6c460a16d3eb9e21730e9bf5bf09a44c0a14bb14b0e71c235c927033c6ea8897,2025-02,South Yorkshire Police,South Yorkshire Police,-1.477824,53.549799,On or near Burleigh Court,E01007340,Barnsley 013B,Possession of weapons,Awaiting court outcome,
fbe8e40b7ea8f00bf1dc968b5d6ed20ab36d24346e025d7e5bfff4b0e1a84b62,2025-02,South Yorkshire Police,South Yorkshire Police,-1.483196,53.549858,On or near Supermarket,E01007340,Barnsley 013B,Public order,Unable to prosecute suspect,
7628fcace2842f1023521a194de9aa3555df0fc91d79d5413fd7d6c136fb8f00,2025-02,South Yorkshire Police,South Yorkshire Police,-1.483196,53.549858,On or near Supermarket,E01007340,Barnsley 013B,Public order,Investigation complete; no suspect identified,
d4c47942e6a36f6ce318014571ec30161778d743d3920f9694599ddbb5030da4,2025-02,South Yorkshire Police,South Yorkshire Police,-1.478309,53.550880,On or near Shopping Area,E01007340,Barnsley 013B,Public order,Investigation complete; no suspect identified,
9d07dcf85f8dd8f7c85bbef67000516f3085e7d4c03a19c9db0e381372f4b905,2025-02,South Yorkshire Police,South Yorkshire Police,-1.480369,53.553918,On or near Hanson Street,E01007340,Barnsley 013B,Public order,Unable to prosecute suspect,
55689d11fc1b09f566e81d24c7e4e6998d9d9db7b161f711d09a9436f8d8c6f4,2025-02,South Yorkshire Police,South Yorkshire Police,-1.477958,53.551130,On or near Parking Area,E01007340,Barnsley 013B,Public order,Awaiting court outcome,
0806f2bc9a327fd18cd8d4faddaaea0cbc50e7b3cb5ed0599acf201dff1a290e,2025-02,South Yorkshire Police,South Yorkshire Police,-1.480369,53.553918,On or near Hanson Street,E01007340,Barnsley 013B,Public order,Investigation complete; no suspect identified,
fc01290999402f7c7cf7973e1d28fb940c2ff2aac501411707e27a74dfcfed9c,2025-02,South Yorkshire Police,South Yorkshire Police,-1.481333,53.546722,On or near Pond Street,E01007340,Barnsley 013B,Public order,Investigation complete; no suspect identified,
4d7435c3197f8edc3198ebb7d5d7c1e2ff9873db35365790c06ea1afba088947,2025-02,South Yorkshire Police,South Yorkshire Police,-1.477958,53.551130,On or near Parking Area,E01007340,Barnsley 013B,Public order,Awaiting court outcome,
f5d3f2defcd4b231603dc4ec648cba8a98d0a521330418896340ff6a233e52a2,2025-02,South Yorkshire Police,South Yorkshire Police,-1.482867,53.553338,On or near Nightclub,E01007340,Barnsley 013B,Public order,Unable to prosecute suspect,
4a34c8717200470347d4c12eea7f49e3b244bfdf4eaee30c7e1f103a6c4524c9,2025-02,South Yorkshire Police,South Yorkshire Police,-1.480369,53.553918,On or near Hanson Street,E01007340,Barnsley 013B,Public order,Investigation complete; no suspect identified,
2e258076f78a9c469a9464e0a886e968cb5e04b8bb983dbe05a010e84e9ab1e8,2025-02,South Yorkshire Police,South Yorkshire Police,-1.482041,53.551723,On or near Nightclub,E01007340,Barnsley 013B,Public order,Investigation complete; no suspect identified,
4075d5d72ce2cf71ec39f13276635f72165f3dd31c9961404b795d5350b085b9,2025-02,South Yorkshire Police,South Yorkshire Police,-1.482041,53.551723,On or near Nightclub,E01007340,Barnsley 013B,Public order,Investigation complete; no suspect identified,
bbaa1e7efd6b73b21ccfa8b94272fa890a491409c521db80a884d7da7c8948f2,2025-02,South Yorkshire Police,South Yorkshire Police,-1.479814,53.548774,On or near Thomas Street,E01007340,Barnsley 013B,Public order,Unable to prosecute suspect,
4d3b6305443e91adc561c2260526e65402c5b240aa4ab18496868eeb56ddec5a,2025-02,South Yorkshire Police,South Yorkshire Police,-1.480369,53.553918,On or near Hanson Street,E01007340,Barnsley 013B,Public order,Unable to prosecute suspect,
488b8886520d058302963088624239ad65bd29f941951bbb64ef7fb851c12834,2025-02,South Yorkshire Police,South Yorkshire Police,-1.480369,53.553918,On or near Hanson Street,E01007340,Barnsley 013B,Public order,Awaiting court outcome,
8e023452937b87437519a2df6c53d9aab616fb1f147bc1e7986280b6ea428833,2025-02,South Yorkshire Police,South Yorkshire Police,-1.477824,53.549799,On or near Burleigh Court,E01007340,Barnsley 013B,Public order,Investigation complete; no suspect identified,
54728ba15bf831346fa72c9faac341c654d53bef515585f18a9083f3670fa41c,2025-02,South Yorkshire Police,South Yorkshire Police,-1.483196,53.549858,On or near Supermarket,E01007340,Barnsley 013B,Public order,Investigation complete; no suspect identified,
d4d54ddc3dea8ba82d99ae738a66d1e8dc6daffce5a8b5f2b9142b073dbb47b4,2025-02,South Yorkshire Police,South Yorkshire Police,-1.479954,53.548388,On or near Joseph Street,E01007340,Barnsley 013B,Public order,Unable to prosecute suspect,
39a0f8c2150336d0d7703b66bd630a15e7de49cfb942caf9d14c9b7146a65f94,2025-02,South Yorkshire Police,South Yorkshire Police,-1.480369,53.553918,On or near Hanson Street,E01007340,Barnsley 013B,Public order,Awaiting court outcome,
2a431fdff088098cea68fcdaf762977efdf3089d36b5901b13f0db5016501a16,2025-02,South Yorkshire Police,South Yorkshire Police,-1.477958,53.551130,On or near Parking Area,E01007340,Barnsley 013B,Public order,Awaiting court outcome,
a9e50dde65a2654a02520081b44a344ac2888930fa0b89809964c571263759b0,2025-02,South Yorkshire Police,South Yorkshire Police,-1.482041,53.551723,On or near Nightclub,E01007340,Barnsley 013B,Public order,Unable to prosecute suspect,
bd4e15c3198aa3fdabd05206538ebb3a4fea811ae68ddd6ae55d283548906ca1,2025-02,South Yorkshire Police,South Yorkshire Police,-1.483196,53.549858,On or near Supermarket,E01007340,Barnsley 013B,Public order,Unable to prosecute suspect,
93cf84d7afde6db2d30fe20370ad5fb9116218c961a580be33d8dfb8f115218c,2025-02,South Yorkshire Police,South Yorkshire Police,-1.477958,53.551130,On or near Parking Area,E01007340,Barnsley 013B,Public order,Investigation complete; no suspect identified,
a4e736de7649ddb49b0f91351fadb69608e209aee87cf85b9570be423883b1d0,2025-02,South Yorkshire Police,South Yorkshire Police,-1.482621,53.548723,On or near Silver Street,E01007340,Barnsley 013B,Robbery,Unable to prosecute suspect,
4a7ba422229023b63b71cf57772c297e054bf602519ae4b50ee6ef83153d60ae,2025-02,South Yorkshire Police,South Yorkshire Police,-1.480369,53.553918,On or near Hanson Street,E01007340,Barnsley 013B,Robbery,Unable to prosecute suspect,
5df210d700992a5d401140cdf8e821cd0a1a9e9620d0ed60c34dc15b2fb80128,2025-02,South Yorkshire Police,South Yorkshire Police,-1.483196,53.549858,On or near Supermarket,E01007340,Barnsley 013B,Shoplifting,Investigation complete; no suspect identified,
75cc1767febaa7fd64495d86178990d86cd942d0fbaf304b449a864ca3efd30a,2025-02,South Yorkshire Police,South Yorkshire Police,-1.480369,53.553918,On or near Hanson Street,E01007340,Barnsley 013B,Shoplifting,Investigation complete; no suspect identified,
e672cea51923af736ae29eef3df1aaeb0d7315f4b261746b300eac9f7aea08d4,2025-02,South Yorkshire Police,South Yorkshire Police,-1.477958,53.551130,On or near Parking Area,E01007340,Barnsley 013B,Shoplifting,Awaiting court outcome,
759fdbe3f5ed1d109f2773caf5336015a6ad8525467f5efecb3d4f8d0ecd160f,2025-02,South Yorkshire Police,South Yorkshire Police,-1.478309,53.550880,On or near Shopping Area,E01007340,Barnsley 013B,Shoplifting,Investigation complete; no suspect identified,
380953858d0239d361fca2c6b44ef5ba2aaa100ae4c9e24a119014c61e18b2b8,2025-02,South Yorkshire Police,South Yorkshire Police,-1.477958,53.551130,On or near Parking Area,E01007340,Barnsley 013B,Shoplifting,Awaiting court outcome,
dd57a4355f5f7d9468a64d5c8e4530d073390f6ebecfa40f8fd861ad1b40807e,2025-02,South Yorkshire Police,South Yorkshire Police,-1.483875,53.551164,On or near Nelson Street,E01007340,Barnsley 013B,Shoplifting,Investigation complete; no suspect identified,
fc71fc024f91cdf66569476ee2351d6c16f3261ee7c8aca1c1ccc32fd80c1df4,2025-02,South Yorkshire Police,South Yorkshire Police,-1.483196,53.549858,On or near Supermarket,E01007340,Barnsley 013B,Shoplifting,Investigation complete; no suspect identified,
2c192062f2c1cf881028e9f9054ab09b3ae17b26b37843b7d29487a7c7341d81,2025-02,South Yorkshire Police,South Yorkshire Police,-1.483196,53.549858,On or near Supermarket,E01007340,Barnsley 013B,Shoplifting,Investigation complete; no suspect identified,
4f6bfe929da9108eb2b9bae40b4d1257918ab1f3fe38ec7151e43b343b1c6d1c,2025-02,South Yorkshire Police,South Yorkshire Police,-1.477958,53.551130,On or near Parking Area,E01007340,Barnsley 013B,Shoplifting,Investigation complete; no suspect identified,
2c4d70217cc54fe4d8afe91baf1e980d21db196ef304d6cec69742586aa62ec8,2025-02,South Yorkshire Police,South Yorkshire Police,-1.483875,53.551164,On or near Nelson Street,E01007340,Barnsley 013B,Shoplifting,Investigation complete; no suspect identified,
0d9b6e1042c2af3370267cdfd0056a161a75c1d6f823f9f9c4aaac6765a43d0e,2025-02,South Yorkshire Police,South Yorkshire Police,-1.483875,53.551164,On or near Nelson Street,E01007340,Barnsley 013B,Shoplifting,Investigation complete; no suspect identified,
a79658c19af980fddf6b09915506738cc87ee258ee7f5f1bfd2a36a670d3440f,2025-02,South Yorkshire Police,South Yorkshire Police,-1.477958,53.551130,On or near Parking Area,E01007340,Barnsley 013B,Shoplifting,Unable to prosecute suspect,
f4af7083d341df711d8742d65552d4045e77c00b9ce07b51a344837e06f456d1,2025-02,South Yorkshire Police,South Yorkshire Police,-1.483196,53.549858,On or near Supermarket,E01007340,Barnsley 013B,Shoplifting,Investigation complete; no suspect identified,
b6616804ea703b931f300c6467bfdba570c13a19940c3af469a5358bead513fe,2025-02,South Yorkshire Police,South Yorkshire Police,-1.482041,53.551723,On or near Nightclub,E01007340,Barnsley 013B,Shoplifting,Investigation complete; no suspect identified,
47dda3e140d7f92fb465cd22610a9df72e5a5ead554642e433266cee8f47e7bc,2025-02,South Yorkshire Police,South Yorkshire Police,-1.477958,53.551130,On or near Parking Area,E01007340,Barnsley 013B,Shoplifting,Awaiting court outcome,
eacea27678efbd7332ae4ca71fea68e8574f3e8c8c5ccf4da51c653be635140e,2025-02,South Yorkshire Police,South Yorkshire Police,-1.483196,53.549858,On or near Supermarket,E01007340,Barnsley 013B,Shoplifting,Investigation complete; no suspect identified,
f4374cb0220c118b04a179ab23f653b4e35d328f14a66b5b919f09920b0cc019,2025-02,South Yorkshire Police,South Yorkshire Police,-1.478309,53.550880,On or near Shopping Area,E01007340,Barnsley 013B,Shoplifting,Unable to prosecute suspect,
b0d21b008d558a213c17ef738b4d3fb8fc7cdd008f2ad47f766f460b90d2d416,2025-02,South Yorkshire Police,South Yorkshire Police,-1.483196,53.549858,On or near Supermarket,E01007340,Barnsley 013B,Shoplifting,Unable to prosecute suspect,
0b9d7f1559df32da1f9ba3aa07182f31329ede0783ab1c42e61860fc3027a0a9,2025-02,South Yorkshire Police,South Yorkshire Police,-1.483196,53.549858,On or near Supermarket,E01007340,Barnsley 013B,Shoplifting,Investigation complete; no suspect identified,
e912c17065e582a9d07ef4dbcc081ffba57f0b17ca647f4a810379f416096cb8,2025-02,South Yorkshire Police,South Yorkshire Police,-1.482041,53.551723,On or near Nightclub,E01007340,Barnsley 013B,Shoplifting,Investigation complete; no suspect identified,
9c40356a796533bcd3a04bcf78b888f11e2cd9bd920ff094f4eb678e964e07c9,2025-02,South Yorkshire Police,South Yorkshire Police,-1.483196,53.549858,On or near Supermarket,E01007340,Barnsley 013B,Shoplifting,Investigation complete; no suspect identified,
cd7e59a1a299b75a53474741a0444becbc0bf44fb1346aaef3827be8c4f63934,2025-02,South Yorkshire Police,South Yorkshire Police,-1.478309,53.550880,On or near Shopping Area,E01007340,Barnsley 013B,Shoplifting,Unable to prosecute suspect,
b749b9d1763f9fee2071f31251da738a2cf9bfdc4b2382a2820cb7ccb98a978d,2025-02,South Yorkshire Police,South Yorkshire Police,-1.477958,53.551130,On or near Parking Area,E01007340,Barnsley 013B,Shoplifting,Investigation complete; no suspect identified,
c9fcc29881e6592f4d235509a1a420ba77dfbf0d81a65299a1b1c48a986fcb9f,2025-02,South Yorkshire Police,South Yorkshire Police,-1.483196,53.549858,On or near Supermarket,E01007340,Barnsley 013B,Shoplifting,Local resolution,
7601f356480ae39a1ddae4d90612e596642fc5678a1ec54733576aa18f4a1479,2025-02,South Yorkshire Police,South Yorkshire Police,-1.483875,53.551164,On or near Nelson Street,E01007340,Barnsley 013B,Shoplifting,Awaiting court outcome,
cc07491ac39f88da92cb0bea4c63fb7ae882f7c802b6d0c72522d861c671974d,2025-02,South Yorkshire Police,South Yorkshire Police,-1.480369,53.553918,On or near Hanson Street,E01007340,Barnsley 013B,Shoplifting,Investigation complete; no suspect identified,
f7875e2d052bd90c0791cc4eb54717273546cb52ef4623cd76a8e589ca7b2eed,2025-02,South Yorkshire Police,South Yorkshire Police,-1.483196,53.549858,On or near Supermarket,E01007340,Barnsley 013B,Shoplifting,Investigation complete; no suspect identified,
940ff096af3f437216874f3cfd379246c9880dea9735ea3055fc149af96e8daf,2025-02,South Yorkshire Police,South Yorkshire Police,-1.480369,53.553918,On or near Hanson Street,E01007340,Barnsley 013B,Shoplifting,Unable to prosecute suspect,
04700471a805165519a66d6cd1b76749e79da8ad70342dea9c04d82d637acc0f,2025-02,South Yorkshire Police,South Yorkshire Police,-1.483196,53.549858,On or near Supermarket,E01007340,Barnsley 013B,Shoplifting,Awaiting court outcome,
e991b5d2771b2e25d6ea83e2e75a98e61d63525346098bfa9d962cf465f17ca8,2025-02,South Yorkshire Police,South Yorkshire Police,-1.483875,53.551164,On or near Nelson Street,E01007340,Barnsley 013B,Shoplifting,Awaiting court outcome,
44c2077c90517bfaa966d0ebc7f267cd5840e2953cb3683d1de662474a5c4276,2025-02,South Yorkshire Police,South Yorkshire Police,-1.483875,53.551164,On or near Nelson Street,E01007340,Barnsley 013B,Shoplifting,Awaiting court outcome,
c6727de32ad7c73cad5e4818962887c2b40a8785260931431273dde6f34b10fe,2025-02,South Yorkshire Police,South Yorkshire Police,-1.477958,53.551130,On or near Parking Area,E01007340,Barnsley 013B,Shoplifting,Awaiting court outcome,
e44ebc832d67c7754354c4b262eb2382de3878f5be552e5809f51a287d447943,2025-02,South Yorkshire Police,South Yorkshire Police,-1.480369,53.553918,On or near Hanson Street,E01007340,Barnsley 013B,Shoplifting,Investigation complete; no suspect identified,
7b7f5405a4e424e71f86e85297a8634b1febc09d21e653971a176b0cecb61881,2025-02,South Yorkshire Police,South Yorkshire Police,-1.480369,53.553918,On or near Hanson Street,E01007340,Barnsley 013B,Shoplifting,Investigation complete; no suspect identified,
d4a219b32d4a48046f5f34c3fbe25fd6f44a15b50ebe99afa08a8eb8cead3a66,2025-02,South Yorkshire Police,South Yorkshire Police,-1.480369,53.553918,On or near Hanson Street,E01007340,Barnsley 013B,Shoplifting,Awaiting court outcome,
74e63452e7c79dcfd100b925c9ec8896b42cd1127ad0c5fff5b2af39958546e2,2025-02,South Yorkshire Police,South Yorkshire Police,-1.483196,53.549858,On or near Supermarket,E01007340,Barnsley 013B,Shoplifting,Investigation complete; no suspect identified,
9b0a9a3d46338faa819e7cbe53adeded6ed0e7cb479fbd862f35911b058ea43d,2025-02,South Yorkshire Police,South Yorkshire Police,-1.482041,53.551723,On or near Nightclub,E01007340,Barnsley 013B,Shoplifting,Investigation complete; no suspect identified,
1ce177a9e382339cfa94097d4ef248bcfe9a5eb87a2d18e7221b73ae37187371,2025-02,South Yorkshire Police,South Yorkshire Police,-1.483196,53.549858,On or near Supermarket,E01007340,Barnsley 013B,Shoplifting,Awaiting court outcome,
9dd760f3732ebcdae5033f6e2d58d6bdf658f9da83072ff5d663256bdaa12b79,2025-02,South Yorkshire Police,South Yorkshire Police,-1.483196,53.549858,On or near Supermarket,E01007340,Barnsley 013B,Shoplifting,Investigation complete; no suspect identified,
3e6f450fe33fa0f5e82f5cf1691728bbd416094afdaaa6fedf08bcfc8ca769dc,2025-02,South Yorkshire Police,South Yorkshire Police,-1.483875,53.551164,On or near Nelson Street,E01007340,Barnsley 013B,Shoplifting,Awaiting court outcome,
808e6fd04d644a820234f4318034734be0d054e729e5c519e5802721b6e7d1a2,2025-02,South Yorkshire Police,South Yorkshire Police,-1.483875,53.551164,On or near Nelson Street,E01007340,Barnsley 013B,Shoplifting,Investigation complete; no suspect identified,
d2205e374e02651be433269a0fdc6b7b6a628797e320780699e771ef0fb97f0b,2025-02,South Yorkshire Police,South Yorkshire Police,-1.478309,53.550880,On or near Shopping Area,E01007340,Barnsley 013B,Shoplifting,Awaiting court outcome,
bcaef29b5afa8173a5e9f88932d42b61f9ce972809904baa5e9ec6fb16f30911,2025-02,South Yorkshire Police,South Yorkshire Police,-1.477958,53.551130,On or near Parking Area,E01007340,Barnsley 013B,Shoplifting,Investigation complete; no suspect identified,
89da7c00cdab121e1ad54fab2e65cb7d15de5b0c0f81b09c28f61fd3a085e9fd,2025-02,South Yorkshire Police,South Yorkshire Police,-1.483196,53.549858,On or near Supermarket,E01007340,Barnsley 013B,Shoplifting,Investigation complete; no suspect identified,
469fe494dabe6dbd8fdb32180899deee69e3d669d18516c730e8fdafed201308,2025-02,South Yorkshire Police,South Yorkshire Police,-1.483875,53.551164,On or near Nelson Street,E01007340,Barnsley 013B,Theft from the person,Investigation complete; no suspect identified,
7206f340f3d73ff737ab3856296ddbd23bf218e1b52c5b4d6dce83b100504795,2025-02,South Yorkshire Police,South Yorkshire Police,-1.482041,53.551723,On or near Nightclub,E01007340,Barnsley 013B,Theft from the person,Investigation complete; no suspect identified,
eabbd2296d7fa08d0688b27ea19d29fda0a6625f4c59702336c753a521ed3ae4,2025-02,South Yorkshire Police,South Yorkshire Police,-1.482041,53.551723,On or near Nightclub,E01007340,Barnsley 013B,Theft from the person,Investigation complete; no suspect identified,
ce8c3d17c6922421401055556ad5b4a70bc760b1a3e977a26302ca83f951efb3,2025-02,South Yorkshire Police,South Yorkshire Police,-1.484879,53.546746,On or near Mount Street,E01007340,Barnsley 013B,Vehicle crime,Investigation complete; no suspect identified,
2032b7b4630406080fec70374186824aa4229cce1b941a2fb6618827d8c67b12,2025-02,South Yorkshire Police,South Yorkshire Police,-1.479954,53.548388,On or near Joseph Street,E01007340,Barnsley 013B,Vehicle crime,Investigation complete; no suspect identified,
b6cee81414e79f6e5a857515458c8b74719ffe68b84e29d57f8732d956491f5d,2025-02,South Yorkshire Police,South Yorkshire Police,-1.481033,53.554001,On or near Royal Street,E01007340,Barnsley 013B,Vehicle crime,Investigation complete; no suspect identified,
3841f67a10a00fb248e66bf6308b5b4a3e33a4373a1d24f4ee40b50b4bc358f1,2025-02,South Yorkshire Police,South Yorkshire Police,-1.482041,53.551723,On or near Nightclub,E01007340,Barnsley 013B,Violence and sexual offences,Investigation complete; no suspect identified,
926cfe5e7e42f6a5c9e1eab1298d7042765c607dd4e198fbd8a021db0fd2583e,2025-02,South Yorkshire Police,South Yorkshire Police,-1.481736,53.545807,On or near Wall Street,E01007340,Barnsley 013B,Violence and sexual offences,Investigation complete; no suspect identified,
8227a66bb93539e275e2252aed4bea30225350f730f91e4c5a3e0ac2d86b0f7a,2025-02,South Yorkshire Police,South Yorkshire Police,-1.477958,53.551130,On or near Parking Area,E01007340,Barnsley 013B,Violence and sexual offences,Unable to prosecute suspect,
1fb7be1e880589ecb0a78dab43c46c7600b3f978890dae34b718708fe9a86304,2025-02,South Yorkshire Police,South Yorkshire Police,-1.482867,53.553338,On or near Nightclub,E01007340,Barnsley 013B,Violence and sexual offences,Unable to prosecute suspect,
0213d4255d44f1bab9c8fbd943379dbe168c9b87bad71982f1d8b46c23dc2d87,2025-02,South Yorkshire Police,South Yorkshire Police,-1.480369,53.553918,On or near Hanson Street,E01007340,Barnsley 013B,Violence and sexual offences,Unable to prosecute suspect,
b263f86c844b2862cd2ee78eaebf14f2c9d344e8e7ef3fc3d4e17c82a1e2b59e,2025-02,South Yorkshire Police,South Yorkshire Police,-1.480369,53.553918,On or near Hanson Street,E01007340,Barnsley 013B,Violence and sexual offences,Unable to prosecute suspect,
9d84392ef528f7e8fe18c5b3ad63826e6b67413a902a3e0be8d33ddc22525445,2025-02,South Yorkshire Police,South Yorkshire Police,-1.482041,53.551723,On or near Nightclub,E01007340,Barnsley 013B,Violence and sexual offences,Unable to prosecute suspect,
d6dda4f893996bf6b9e90ea350c6ead9a3ab0a0ceca36a2e5546114fdaa01a08,2025-02,South Yorkshire Police,South Yorkshire Police,-1.480369,53.553918,On or near Hanson Street,E01007340,Barnsley 013B,Violence and sexual offences,Unable to prosecute suspect,
20e9e0440b7852b05d2a6d243d97d50d9730121a262cdb5d57ea9e3fc9bf2ee9,2025-02,South Yorkshire Police,South Yorkshire Police,-1.480369,53.553918,On or near Hanson Street,E01007340,Barnsley 013B,Violence and sexual offences,Unable to prosecute suspect,
a341f6a879ca6b774afd266d6b4b466d8955e58cb60d694af150dc394ef7822f,2025-02,South Yorkshire Police,South Yorkshire Police,-1.482041,53.551723,On or near Nightclub,E01007340,Barnsley 013B,Violence and sexual offences,Unable to prosecute suspect,
a2f45d55da57669f9b93cbcebb628f16523eff2d42703cd6d4e32c89fff91b57,2025-02,South Yorkshire Police,South Yorkshire Police,-1.482041,53.551723,On or near Nightclub,E01007340,Barnsley 013B,Violence and sexual offences,Unable to prosecute suspect,
0035e194708c4439531793f9aa38fb042551819a379a8cf8dbf93597db3481fb,2025-02,South Yorkshire Police,South Yorkshire Police,-1.482041,53.551723,On or near Nightclub,E01007340,Barnsley 013B,Violence and sexual offences,Local resolution,
a010b0c4ff8f02ba5f1f149c045526517b9fab39ff81abecbc0f10e8dc085714,2025-02,South Yorkshire Police,South Yorkshire Police,-1.480369,53.553918,On or near Hanson Street,E01007340,Barnsley 013B,Violence and sexual offences,Investigation complete; no suspect identified,
f230578cbb9e2204fce3275abe5e85e6f4443fb0259c1f365b79d5d5ea0d7fdf,2025-02,South Yorkshire Police,South Yorkshire Police,-1.477958,53.551130,On or near Parking Area,E01007340,Barnsley 013B,Violence and sexual offences,Local resolution,
cbd958412a49a6b784dc504c55c1fff168f8985d89f17d50320676b25148e975,2025-02,South Yorkshire Police,South Yorkshire Police,-1.482041,53.551723,On or near Nightclub,E01007340,Barnsley 013B,Violence and sexual offences,Awaiting court outcome,
855db5236abdb67072585a4a48187051d0402ffe7571ebedf3db7705300486da,2025-02,South Yorkshire Police,South Yorkshire Police,-1.483196,53.549858,On or near Supermarket,E01007340,Barnsley 013B,Violence and sexual offences,Investigation complete; no suspect identified,
d8c612275e43d99a2151ab6908f564c75b3de0e8be38c4b8ca27ad5b1c355c17,2025-02,South Yorkshire Police,South Yorkshire Police,-1.484879,53.546746,On or near Mount Street,E01007340,Barnsley 013B,Violence and sexual offences,Unable to prosecute suspect,
bfc6a655f2cc12b6c75488f9e7c1f9d254a0fdc9859c765d36659d4f60935bb9,2025-02,South Yorkshire Police,South Yorkshire Police,-1.482041,53.551723,On or near Nightclub,E01007340,Barnsley 013B,Violence and sexual offences,Unable to prosecute suspect,
95d7884122be4d1aae756ccc13f400815922e7bb5c439a98124e5b4161cd36a6,2025-02,South Yorkshire Police,South Yorkshire Police,-1.482867,53.553338,On or near Nightclub,E01007340,Barnsley 013B,Violence and sexual offences,Unable to prosecute suspect,
bf6d2c6b5fe44b3aa6fe5c7eeab601fe7ea36e8c60f14cdfe2dbb1eaab04be03,2025-02,South Yorkshire Police,South Yorkshire Police,-1.482621,53.548723,On or near Silver Street,E01007340,Barnsley 013B,Violence and sexual offences,Unable to prosecute suspect,
6a3d631889b8fc5c0d9c480f83593d6899c07b7fc458708438898ac723508a88,2025-02,South Yorkshire Police,South Yorkshire Police,-1.481736,53.545807,On or near Wall Street,E01007340,Barnsley 013B,Violence and sexual offences,Investigation complete; no suspect identified,
0e1bf42f30c12ab6f50efab94c671a583511353c989530ab2f34af00a1a2e0af,2025-02,South Yorkshire Police,South Yorkshire Police,-1.480369,53.553918,On or near Hanson Street,E01007340,Barnsley 013B,Violence and sexual offences,Unable to prosecute suspect,
1aa6384d6cda4c096e71badd09cf6c9f4bd0875445e9ecf94d6e9bd103f889c9,2025-02,South Yorkshire Police,South Yorkshire Police,-1.484879,53.546746,On or near Mount Street,E01007340,Barnsley 013B,Violence and sexual offences,Unable to prosecute suspect,
3f6593278b73d2d098c5cbc255d8030d066446807bd1746df35f9195c6454fc0,2025-02,South Yorkshire Police,South Yorkshire Police,-1.482041,53.551723,On or near Nightclub,E01007340,Barnsley 013B,Violence and sexual offences,Unable to prosecute suspect,
b6422b61f8f5785d3dba5e3309d07b2bb164de54700715ac9b033ff157f6d4ea,2025-02,South Yorkshire Police,South Yorkshire Police,-1.482041,53.551723,On or near Nightclub,E01007340,Barnsley 013B,Violence and sexual offences,Unable to prosecute suspect,
9bbaa604684ad3a6b256e4e7f9a70edfcabb3283f58a18d81027a2355d2564c4,2025-02,South Yorkshire Police,South Yorkshire Police,-1.479814,53.548774,On or near Thomas Street,E01007340,Barnsley 013B,Violence and sexual offences,Unable to prosecute suspect,
67bc17ffee630f92f1fb92d2ca76eecdde5c518dcc1dfd75d9b2674d2867d276,2025-02,South Yorkshire Police,South Yorkshire Police,-1.477958,53.551130,On or near Parking Area,E01007340,Barnsley 013B,Violence and sexual offences,Awaiting court outcome,
840615e30edde16fca655f73df68f726c64af27dbd2015143fa10e87a0bd3677,2025-02,South Yorkshire Police,South Yorkshire Police,-1.485317,53.550434,On or near Mark Street,E01007340,Barnsley 013B,Violence and sexual offences,Unable to prosecute suspect,
02ddff53d7da54385348e2ee14fed4fa35ad3de04c172640e6e1a82b00115abe,2025-02,South Yorkshire Police,South Yorkshire Police,-1.482041,53.551723,On or near Nightclub,E01007340,Barnsley 013B,Violence and sexual offences,Local resolution,
bd7b16472cef190fa7cd368a1d9a61b929ca92d676eb851835bb23271ee14e62,2025-02,South Yorkshire Police,South Yorkshire Police,-1.482041,53.551723,On or near Nightclub,E01007340,Barnsley 013B,Violence and sexual offences,Unable to prosecute suspect,
e02c65d94e6c55e8f28446bb1747b8cfc96aee0a07ccc3a540d309b5511e1bc0,2025-02,South Yorkshire Police,South Yorkshire Police,-1.483196,53.549858,On or near Supermarket,E01007340,Barnsley 013B,Violence and sexual offences,Local resolution,
e1af14fb0f1fae6089819dfe77595d6f36df4ddc43738cf059b5cab1e9813836,2025-02,South Yorkshire Police,South Yorkshire Police,-1.478309,53.550880,On or near Shopping Area,E01007340,Barnsley 013B,Violence and sexual offences,Unable to prosecute suspect,
cf9911c9eff37cf131c8a55aefbe8cabf5c9d4b8c254c6dcc442afc17f2c8912,2025-02,South Yorkshire Police,South Yorkshire Police,-1.480369,53.553918,On or near Hanson Street,E01007340,Barnsley 013B,Violence and sexual offences,Unable to prosecute suspect,
921aa4a2d2c49376e5a56454bb567869a2bb0039b43a9af4a6b5e4a763203348,2025-02,South Yorkshire Police,South Yorkshire Police,-1.480369,53.553918,On or near Hanson Street,E01007340,Barnsley 013B,Violence and sexual offences,Investigation complete; no suspect identified,
44198da8e3d527719850cfb6e3aed698b7b7599fa1e81f08cdbf55dd474fa968,2025-02,South Yorkshire Police,South Yorkshire Police,-1.482041,53.551723,On or near Nightclub,E01007340,Barnsley 013B,Violence and sexual offences,Offender given a caution,
c979496220f03052dc3f891fe525e93a0ea8f6e135f98f4c1a10b4d51f7154db,2025-02,South Yorkshire Police,South Yorkshire Police,-1.480369,53.553918,On or near Hanson Street,E01007340,Barnsley 013B,Violence and sexual offences,Unable to prosecute suspect,
8ea116652990b4d97f79f44e1c92e8f38524cba7792b6c422b58c42a4feca5ae,2025-02,South Yorkshire Police,South Yorkshire Police,-1.481033,53.554001,On or near Royal Street,E01007340,Barnsley 013B,Violence and sexual offences,Unable to prosecute suspect,
79815a4cf93f7df761b3cf3c6ce103a7d05775cbaeadf74b4cc3106b5bedb50d,2025-02,South Yorkshire Police,South Yorkshire Police,-1.482041,53.551723,On or near Nightclub,E01007340,Barnsley 013B,Violence and sexual offences,Unable to prosecute suspect,
39196a46641f211585337b50bd6d1957b785255598d440ff9ff64216cbed5763,2025-02,South Yorkshire Police,South Yorkshire Police,-1.482621,53.548723,On or near Silver Street,E01007340,Barnsley 013B,Violence and sexual offences,Unable to prosecute suspect,
d4356ae4340e4077f0fe15a844045bac847689655a1c6af8d567b73c481d3c97,2025-02,South Yorkshire Police,South Yorkshire Police,-1.480369,53.553918,On or near Hanson Street,E01007340,Barnsley 013B,Violence and sexual offences,Local resolution,
2c26340c280b69f06f8c53938060de6ed5f3cb8f2b32bbf7f6a724e7e8be3e93,2025-02,South Yorkshire Police,South Yorkshire Police,-1.480369,53.553918,On or near Hanson Street,E01007340,Barnsley 013B,Violence and sexual offences,Unable to prosecute suspect,
9f1a5a74dda74d8e7dd46a1df025a38dd49c886e9462efd870eda2764a6d8ec5,2025-02,South Yorkshire Police,South Yorkshire Police,-1.482867,53.553338,On or near Nightclub,E01007340,Barnsley 013B,Violence and sexual offences,Investigation complete; no suspect identified,
d61f27e7dbb7008d347c3e061cce4762f4844665ae6a81f36dcff361536a9d8c,2025-02,South Yorkshire Police,South Yorkshire Police,-1.482041,53.551723,On or near Nightclub,E01007340,Barnsley 013B,Violence and sexual offences,Awaiting court outcome,
369b96e7b0309e66b6c968bff0885a076996f39e9e7d87711039275a698ae505,2025-02,South Yorkshire Police,South Yorkshire Police,-1.482041,53.551723,On or near Nightclub,E01007340,Barnsley 013B,Violence and sexual offences,Investigation complete; no suspect identified,
e6de12ff041aef26f89fcd05d3ae8c6815d0bec6d6a0699c023dc216e997a9ce,2025-02,South Yorkshire Police,South Yorkshire Police,-1.480369,53.553918,On or near Hanson Street,E01007340,Barnsley 013B,Violence and sexual offences,Investigation complete; no suspect identified,
860a32abc453f8bd08efe95015a2988d0dddc2e707e28e0f68693715cccc92f8,2025-02,South Yorkshire Police,South Yorkshire Police,-1.483196,53.549858,On or near Supermarket,E01007340,Barnsley 013B,Violence and sexual offences,Investigation complete; no suspect identified,
229a1a8140661e591d0249551d7be5c75f8dc7f4362b1604299360c22cf61239,2025-02,South Yorkshire Police,South Yorkshire Police,-1.481736,53.545807,On or near Wall Street,E01007340,Barnsley 013B,Violence and sexual offences,Unable to prosecute suspect,
6394fbc143d1766d06aa8ffc05f6b1e532041a62cce85411773fc37688cdc6b5,2025-02,South Yorkshire Police,South Yorkshire Police,-1.482041,53.551723,On or near Nightclub,E01007340,Barnsley 013B,Violence and sexual offences,Unable to prosecute suspect,
2fbb3a5b48f1f299790377fe1946854da2a66ca86dd1bcb4a9b5efede9ae2299,2025-02,South Yorkshire Police,South Yorkshire Police,-1.477958,53.551130,On or near Parking Area,E01007340,Barnsley 013B,Violence and sexual offences,Unable to prosecute suspect,
4317a050a2bd44c75eaf4b5cb8e242dcce484f37921d75b263b68b9361ce495a,2025-02,South Yorkshire Police,South Yorkshire Police,-1.482041,53.551723,On or near Nightclub,E01007340,Barnsley 013B,Violence and sexual offences,Awaiting court outcome,
152c5c3a31bd31156d6f86318727b24e70a662581793572425ccd321a43ab8b7,2025-02,South Yorkshire Police,South Yorkshire Police,-1.484879,53.546746,On or near Mount Street,E01007340,Barnsley 013B,Violence and sexual offences,Unable to prosecute suspect,
9db7736437989bdb7d978647b9a15408a3eb87681f3c250e5b0af24681e20855,2025-02,South Yorkshire Police,South Yorkshire Police,-1.482041,53.551723,On or near Nightclub,E01007340,Barnsley 013B,Violence and sexual offences,Awaiting court outcome,
e7a661f7647e0b51c5bf46626292b6132f597e6c0f090a45799675af4af24d0a,2025-02,South Yorkshire Police,South Yorkshire Police,-1.482041,53.551723,On or near Nightclub,E01007340,Barnsley 013B,Violence and sexual offences,Unable to prosecute suspect,
e8810000542c1e55e61d8a9759b6cd0b3e2a4003071ab35fb0926b5489284682,2025-02,South Yorkshire Police,South Yorkshire Police,-1.482867,53.553338,On or near Nightclub,E01007340,Barnsley 013B,Violence and sexual offences,Investigation complete; no suspect identified,
a2b7338aad5e220abe3dddf56b2775d793151b5d9ac662526124868b3d46a6c5,2025-02,South Yorkshire Police,South Yorkshire Police,-1.482867,53.553338,On or near Nightclub,E01007340,Barnsley 013B,Violence and sexual offences,Unable to prosecute suspect,
4f13fdf3fdbea676c8a7422e5b227be5e5fe5a3d83b5cd4785b4612313d5b2f9,2025-02,South Yorkshire Police,South Yorkshire Police,-1.483428,53.555639,On or near Church Lane,E01007340,Barnsley 013B,Violence and sexual offences,Investigation complete; no suspect identified,
e20e3593970cb5ad1bade531e5bdbf67c4504faf339e160f44f3d163479e12d2,2025-02,South Yorkshire Police,South Yorkshire Police,-1.480369,53.553918,On or near Hanson Street,E01007340,Barnsley 013B,Violence and sexual offences,Unable to prosecute suspect,
bb135c9e9e549241f314eab90fb541c378df8093e6c19b3c3a1a55468ef322c9,2025-02,South Yorkshire Police,South Yorkshire Police,-1.480369,53.553918,On or near Hanson Street,E01007340,Barnsley 013B,Violence and sexual offences,Investigation complete; no suspect identified,
506ef698ed1008db276a49e988f3ec956fed11feac6c5e73bb17418569460b59,2025-02,South Yorkshire Police,South Yorkshire Police,-1.484879,53.546746,On or near Mount Street,E01007340,Barnsley 013B,Other crime,Unable to prosecute suspect,
3f8bbfcb979dcf000f8773e5a5281d9a663e410639a5a92bcb9f07a59ea30bc5,2025-02,South Yorkshire Police,South Yorkshire Police,-1.481033,53.554001,On or near Royal Street,E01007340,Barnsley 013B,Other crime,Awaiting court outcome,
,2025-02,South Yorkshire Police,South Yorkshire Police,-1.487426,53.545832,On or near Locke Avenue,E01007415,Barnsley 013C,Anti-social behaviour,,
,2025-02,South Yorkshire Police,South Yorkshire Police,-1.496087,53.542138,On or near Caistor Avenue,E01007415,Barnsley 013C,Anti-social behaviour,,
3f7376e9ad98fbdb192b9375b233cb9eb749e144462728d9a096f6ad03c33623,2025-02,South Yorkshire Police,South Yorkshire Police,-1.481974,53.544864,On or near California Terrace,E01007415,Barnsley 013C,Robbery,Awaiting court outcome,
a2689d36f9a4d71cc9ce5162d33effb621bb8b7fa2a07a6e891bc5be745631c4,2025-02,South Yorkshire Police,South Yorkshire Police,-1.493408,53.541534,On or near Keresforth Hall Road,E01007415,Barnsley 013C,Vehicle crime,Investigation complete; no suspect identified,
91c48e2314522742b27a124f1ff8bcf3ea8794cea5af60909077dcc6db55e8e0,2025-02,South Yorkshire Police,South Yorkshire Police,-1.496509,53.543461,On or near Laceby Court,E01007415,Barnsley 013C,Violence and sexual offences,Unable to prosecute suspect,
0cf2143f6ea4d9f3411bc76ba327967b2ae7dc8167989c973c879d9d9a705bdc,2025-02,South Yorkshire Police,South Yorkshire Police,-1.493743,53.542524,On or near Parking Area,E01007415,Barnsley 013C,Violence and sexual offences,Unable to prosecute suspect,
8b1faa008749b46e31851b52db6e66f4ce6da5c290a8a83d6cc1e84bd7e3e466,2025-02,South Yorkshire Police,South Yorkshire Police,-1.496031,53.542983,On or near Ellington Court,E01007415,Barnsley 013C,Violence and sexual offences,Unable to prosecute suspect,
314803f3c34a8c8500f47c45d4f9fba821a96c5e7583774345d6be9ceb6e799b,2025-02,South Yorkshire Police,South Yorkshire Police,-1.496031,53.542983,On or near Ellington Court,E01007415,Barnsley 013C,Violence and sexual offences,Unable to prosecute suspect,
9df55bade807a059c4daac907b0e0a0695d32559280ca60dedec1519b95c296c,2025-02,South Yorkshire Police,South Yorkshire Police,-1.496087,53.542138,On or near Caistor Avenue,E01007415,Barnsley 013C,Other crime,Further investigation is not in the public interest,
9e0324388661137cf7f0c626de1d36bb9ac9850fa9451d1935d680fa385a7af1,2025-02,South Yorkshire Police,South Yorkshire Police,-1.490238,53.547893,On or near Racecommon Road,E01007417,Barnsley 013D,Burglary,Awaiting court outcome,
02df6666a71a63744eaa14a66fbf61d194c3f652f18593004ccf18bada99f1c5,2025-02,South Yorkshire Police,South Yorkshire Police,-1.486107,53.547552,On or near Hawthorne Street,E01007417,Barnsley 013D,Criminal damage and arson,Investigation complete; no suspect identified,
51ba6d4b08ed82271d274f6ee2d5263409bb0f0d2e96fe1c90d2e947daeccef2,2025-02,South Yorkshire Police,South Yorkshire Police,-1.486809,53.549424,On or near St George'S Road,E01007417,Barnsley 013D,Other theft,Unable to prosecute suspect,
52be4f8610104af65625dbbb02185ef4d842e8647112f68761c8a0ad80c40ceb,2025-02,South Yorkshire Police,South Yorkshire Police,-1.491044,53.546099,On or near Helena Close,E01007417,Barnsley 013D,Vehicle crime,Investigation complete; no suspect identified,
b0b672c505a05c231057c5fcb4eb032c8d17395cd7aa59bd661acce622d91a6e,2025-02,South Yorkshire Police,South Yorkshire Police,-1.490238,53.547893,On or near Racecommon Road,E01007417,Barnsley 013D,Violence and sexual offences,Status update unavailable,
aece59165b4d90735a66783dae83b5a1d6e210ef4861173362c46adc41faddd9,2025-02,South Yorkshire Police,South Yorkshire Police,-1.486107,53.547552,On or near Hawthorne Street,E01007417,Barnsley 013D,Violence and sexual offences,Unable to prosecute suspect,
fadab124d5ee1f0a35e66782b45451642570a3e8031e2296048f126ec1b62de3,2025-02,South Yorkshire Police,South Yorkshire Police,-1.486107,53.547552,On or near Hawthorne Street,E01007417,Barnsley 013D,Violence and sexual offences,Unable to prosecute suspect,
d50e8001d93f3263e9737d981a8489a57731efc97493d354b51d3125588c2aaa,2025-02,South Yorkshire Police,South Yorkshire Police,-1.486809,53.549424,On or near St George'S Road,E01007417,Barnsley 013D,Violence and sexual offences,Unable to prosecute suspect,
7b4a0116bc0efce5ac70a0a61b60af81944e7ee52f27c451dc8b34e8d9c67c20,2025-02,South Yorkshire Police,South Yorkshire Police,-1.486107,53.547552,On or near Hawthorne Street,E01007417,Barnsley 013D,Violence and sexual offences,Unable to prosecute suspect,
3cd1a603710c00d40d1378a47374c24f2488740defe8691535b078085adf9390,2025-02,South Yorkshire Police,South Yorkshire Police,-1.484233,53.547777,On or near Spring Street,E01007417,Barnsley 013D,Violence and sexual offences,Investigation complete; no suspect identified,
cbc684e806080fa46b8f61f2bd6691565289c463c0540f286e99846bef8d2e9f,2025-02,South Yorkshire Police,South Yorkshire Police,-1.489623,53.548852,On or near Leopold Street,E01007417,Barnsley 013D,Other crime,Unable to prosecute suspect,
,2025-02,South Yorkshire Police,South Yorkshire Police,-1.495030,53.556093,On or near Welbeck Street,E01007441,Barnsley 013E,Anti-social behaviour,,
35a651c3705da615ada79f00b539e09c385bb129ff757a7c0a740f669263d756,2025-02,South Yorkshire Police,South Yorkshire Police,-1.494953,53.554960,On or near Johnson Street,E01007441,Barnsley 013E,Burglary,Investigation complete; no suspect identified,
bf104644617e484eea887c3fa4241beb210f9d30052de614ee7e9036b8515f78,2025-02,South Yorkshire Police,South Yorkshire Police,-1.492667,53.556802,On or near Hope Street,E01007441,Barnsley 013E,Burglary,Investigation complete; no suspect identified,
ff0629e1b11551db22cdf470303ba5b9b4d9de855ddc910302d73447cb8e58cb,2025-02,South Yorkshire Police,South Yorkshire Police,-1.494273,53.557618,On or near Queen'S Avenue,E01007441,Barnsley 013E,Public order,Unable to prosecute suspect,
2a718c2d39b8f5430f2209e6b02ed227b9bbe725e16571dc885a1c0b106219bb,2025-02,South Yorkshire Police,South Yorkshire Police,-1.490145,53.555667,On or near Loxdale Gardens,E01007441,Barnsley 013E,Violence and sexual offences,Unable to prosecute suspect,
1076cdb290098f829eb0a50db0e160c4fa6e2aa975b95d9bbd7f6c0f45a462f9,2025-02,South Yorkshire Police,South Yorkshire Police,-1.494273,53.557618,On or near Queen'S Avenue,E01007441,Barnsley 013E,Violence and sexual offences,Unable to prosecute suspect,
,2025-02,South Yorkshire Police,South Yorkshire Police,-1.488946,53.552454,On or near Mclintock Way,E01007443,Barnsley 013F,Anti-social behaviour,,
,2025-02,South Yorkshire Police,South Yorkshire Police,-1.488760,53.552859,On or near Petrol Station,E01007443,Barnsley 013F,Anti-social behaviour,,
,2025-02,South Yorkshire Police,South Yorkshire Police,-1.487450,53.553786,On or near Holwick Court,E01007443,Barnsley 013F,Anti-social behaviour,,
,2025-02,South Yorkshire Police,South Yorkshire Police,-1.488946,53.552454,On or near Mclintock Way,E01007443,Barnsley 013F,Anti-social behaviour,,
,2025-02,South Yorkshire Police,South Yorkshire Police,-1.486842,53.552903,On or near Star Lane,E01007443,Barnsley 013F,Anti-social behaviour,,
,2025-02,South Yorkshire Police,South Yorkshire Police,-1.487768,53.553689,On or near Fitzwilliam Street,E01007443,Barnsley 013F,Anti-social behaviour,,
,2025-02,South Yorkshire Police,South Yorkshire Police,-1.486842,53.552903,On or near Star Lane,E01007443,Barnsley 013F,Anti-social behaviour,,
,2025-02,South Yorkshire Police,South Yorkshire Police,-1.486842,53.552903,On or near Star Lane,E01007443,Barnsley 013F,Anti-social behaviour,,
8d9365ddceceee83f31348f5e8588b1e9237a99e30179d84f6a6bbf8b20ca4b1,2025-02,South Yorkshire Police,South Yorkshire Police,-1.487450,53.553786,On or near Holwick Court,E01007443,Barnsley 013F,Criminal damage and arson,Investigation complete; no suspect identified,
4dc5b098c237b633ec9201dab6aac25f4e3bfe553f088d4c0c8a3a3911ea8f58,2025-02,South Yorkshire Police,South Yorkshire Police,-1.494755,53.552586,On or near Springfield Street,E01007443,Barnsley 013F,Criminal damage and arson,Investigation complete; no suspect identified,
171c1a78e4621b896952ac5647ed20d37a45528a6d7ac27b9ea45ecf4ed511d8,2025-02,South Yorkshire Police,South Yorkshire Police,-1.489609,53.555018,On or near Summer Street,E01007443,Barnsley 013F,Criminal damage and arson,Unable to prosecute suspect,
dbc59b9c9a419f0172167def97872733836c84a9e05b30a87c85d399e00cd3c1,2025-02,South Yorkshire Police,South Yorkshire Police,-1.492130,53.552476,On or near Westfield Street,E01007443,Barnsley 013F,Criminal damage and arson,Investigation complete; no suspect identified,
5215e4acc57503a4dccfa4a646d73ae6af6797f7fffb2beff739d27fdfd12a4a,2025-02,South Yorkshire Police,South Yorkshire Police,-1.487450,53.553786,On or near Holwick Court,E01007443,Barnsley 013F,Criminal damage and arson,Awaiting court outcome,
06ea1559f61f27dca4714e49ea641550f1e371fa04101ecd78956a7506d146a8,2025-02,South Yorkshire Police,South Yorkshire Police,-1.486842,53.552903,On or near Star Lane,E01007443,Barnsley 013F,Other theft,Unable to prosecute suspect,
ab9ab417221e3688aeb89fdf7a4ae806734f021e054e66b31eef3e8af89c7c07,2025-02,South Yorkshire Police,South Yorkshire Police,-1.492456,53.551749,On or near Dean Street,E01007443,Barnsley 013F,Public order,Unable to prosecute suspect,
f759d5acbe15b771194d268e5c0340533473f47bef8c307aa346d08dbffc9e74,2025-02,South Yorkshire Police,South Yorkshire Police,-1.491729,53.554461,On or near Station Road,E01007443,Barnsley 013F,Theft from the person,Investigation complete; no suspect identified,
062f8dd4df565a1eb48532a3433806dd1edc091ee4ff2aa0db34d641d6b9f2dd,2025-02,South Yorkshire Police,South Yorkshire Police,-1.489609,53.555018,On or near Summer Street,E01007443,Barnsley 013F,Violence and sexual offences,Status update unavailable,
e026229c866b9f8c7aac673bf8210cd861bb7dfeb27e17703a0a45375fd0b99f,2025-02,South Yorkshire Police,South Yorkshire Police,-1.492627,53.553799,On or near Cornfall Place,E01007443,Barnsley 013F,Violence and sexual offences,Status update unavailable,
8fdf15068af3f9e7eec8eecd801ae10894e9ece94ad4d2bda13adfbaa0b03bda,2025-02,South Yorkshire Police,South Yorkshire Police,-1.489240,53.554351,On or near Buckden Road,E01007443,Barnsley 013F,Violence and sexual offences,Unable to prosecute suspect,
fff7df88cd48e7b5dd91fc39fb3ac100bf4d792ce6d66b7f4609baa2fa5acbd1,2025-02,South Yorkshire Police,South Yorkshire Police,-1.491729,53.554461,On or near Station Road,E01007443,Barnsley 013F,Violence and sexual offences,Unable to prosecute suspect,
c26c69eef0e9fa911b89ee35d2acd5b7c8c4c94225ae3bb50a1565f0c1a9db1e,2025-02,South Yorkshire Police,South Yorkshire Police,-1.486842,53.552903,On or near Star Lane,E01007443,Barnsley 013F,Violence and sexual offences,Investigation complete; no suspect identified,
89cf56c255848d09f54bee3ff7a8f7222a1792ed5cde68f4020b35c9bbaeb4b8,2025-02,South Yorkshire Police,South Yorkshire Police,-1.492710,53.553234,On or near Perseverance Street,E01007443,Barnsley 013F,Violence and sexual offences,Unable to prosecute suspect,
fa9f3b81f91d2ab32fbbaa0da85b4232e0b46c4b55453cfd8e5b2c99e9fc59c2,2025-02,South Yorkshire Police,South Yorkshire Police,-1.489240,53.554351,On or near Buckden Road,E01007443,Barnsley 013F,Violence and sexual offences,Awaiting court outcome,
45e5fb133cf95b04d47359602091eb0939f40ac0582b180bddcd08e93ef5708c,2025-02,South Yorkshire Police,South Yorkshire Police,-1.488261,53.554158,On or near Prospect Street,E01007443,Barnsley 013F,Violence and sexual offences,Unable to prosecute suspect,
,2025-02,South Yorkshire Police,South Yorkshire Police,-1.491870,53.546489,On or near Crompton Avenue,E01007445,Barnsley 013G,Anti-social behaviour,,
c155650cb1ec1272f985c434a79db22f4fe152ba3a8605cb1798f7ee1d1398c8,2025-02,South Yorkshire Police,South Yorkshire Police,-1.491382,53.548149,On or near Harvey Street,E01007445,Barnsley 013G,Criminal damage and arson,Investigation complete; no suspect identified,
4fe9619ac7512cbd284b81b165105a6cbbe0e4aba3a0f2173a57e6cbcbb42a81,2025-02,South Yorkshire Police,South Yorkshire Police,-1.493949,53.550533,On or near Shaw Lane,E01007445,Barnsley 013G,Public order,Investigation complete; no suspect identified,
23ddabd0a1e41570260fde9800797ed956e44ba1d47d40e16b31765c7102db6a,2025-02,South Yorkshire Police,South Yorkshire Police,-1.492283,53.546032,On or near St Edwards Avenue,E01007445,Barnsley 013G,Public order,Unable to prosecute suspect,
ed78d0bec444440ecc4e34369da862e763ed0b04f977a7724c660a05367941ea,2025-02,South Yorkshire Police,South Yorkshire Police,-1.495732,53.551637,On or near South Street,E01007445,Barnsley 013G,Vehicle crime,Investigation complete; no suspect identified,
347c2518b7d8791f8b44aeca2994063a44d82c33d73872f2e86477236141f4e5,2025-02,South Yorkshire Police,South Yorkshire Police,-1.491870,53.546489,On or near Crompton Avenue,E01007445,Barnsley 013G,Vehicle crime,Awaiting court outcome,
cecf37968cbf76772031c934f91f583c807903173c57045657c8f7f94be7d55c,2025-02,South Yorkshire Police,South Yorkshire Police,-1.492283,53.546032,On or near St Edwards Avenue,E01007445,Barnsley 013G,Vehicle crime,Investigation complete; no suspect identified,
3ae1499438c0e5df8322997b8d9b21663dcbef7aee38c37565ed898736bab92d,2025-02,South Yorkshire Police,South Yorkshire Police,-1.491789,53.549428,On or near Shaw Street,E01007445,Barnsley 013G,Violence and sexual offences,Unable to prosecute suspect,
e1145b41ac9c5c4efe01e97966090193d6b38f7f192f4dd168c33935b657d0c7,2025-02,South Yorkshire Police,South Yorkshire Police,-1.499589,53.545892,On or near Keresforth Court,E01007445,Barnsley 013G,Violence and sexual offences,Unable to prosecute suspect,
c496ff00f33ddcaf561629073e258a34ade919b032adcca570677fd9a9576d5f,2025-02,South Yorkshire Police,South Yorkshire Police,-1.499589,53.545892,On or near Keresforth Court,E01007445,Barnsley 013G,Violence and sexual offences,Awaiting court outcome,
cc1e3495072a33c358ffe56eda4c1f1e777d675b08fda454fc1d40b5045b2fca,2025-02,South Yorkshire Police,South Yorkshire Police,-1.499589,53.545892,On or near Keresforth Court,E01007445,Barnsley 013G,Violence and sexual offences,Awaiting court outcome,
d95e28a953ffd42a2e1c41eaa150a653d57a866965f5b18281089aff89a1faa7,2025-02,South Yorkshire Police,South Yorkshire Police,-1.499589,53.545892,On or near Keresforth Court,E01007445,Barnsley 013G,Violence and sexual offences,Unable to prosecute suspect,
,2025-02,South Yorkshire Police,South Yorkshire Police,-1.311890,53.549859,On or near Lingamoor Leys,E01007372,Barnsley 014A,Anti-social behaviour,,
,2025-02,South Yorkshire Police,South Yorkshire Police,-1.316264,53.547196,On or near Low Grange Road,E01007372,Barnsley 014A,Anti-social behaviour,,
,2025-02,South Yorkshire Police,South Yorkshire Police,-1.311121,53.546061,On or near Garden Street,E01007372,Barnsley 014A,Anti-social behaviour,,
c11d0057be7c37335cea70f520fd194b461b4fee3de2784bb26d612c7bb9539d,2025-02,South Yorkshire Police,South Yorkshire Police,-1.314936,53.547233,On or near Stotfold Drive,E01007372,Barnsley 014A,Burglary,Investigation complete; no suspect identified,
c6563bbbf0b48b23757983e33d98d9dd39894a18615d574a2514d0b35a4e495d,2025-02,South Yorkshire Police,South Yorkshire Police,-1.311495,53.547241,On or near Orchard Way,E01007372,Barnsley 014A,Criminal damage and arson,Investigation complete; no suspect identified,
49802bd4f5357aaba779dc97b4f0cc3e0a4c424c6ca23ae1d174353c7d70506f,2025-02,South Yorkshire Police,South Yorkshire Police,-1.316264,53.547196,On or near Low Grange Road,E01007372,Barnsley 014A,Drugs,Status update unavailable,
036e111bd760e182a14e74d3c1947a61adb3b1bc03226110db5313fda3439578,2025-02,South Yorkshire Police,South Yorkshire Police,-1.311890,53.549859,On or near Lingamoor Leys,E01007372,Barnsley 014A,Other theft,Status update unavailable,
79f1c154cd18df55a7909195c86b434ca0123772b717e0a720dc0e8490c25a59,2025-02,South Yorkshire Police,South Yorkshire Police,-1.316264,53.547196,On or near Low Grange Road,E01007372,Barnsley 014A,Possession of weapons,Status update unavailable,
f5d518340f486a1c242a699aa4a7cbbc612c413f42e934bab98980bed350f615,2025-02,South Yorkshire Police,South Yorkshire Police,-1.311890,53.549859,On or near Lingamoor Leys,E01007372,Barnsley 014A,Public order,Local resolution,
d6d0d844c3e4463b14c96b98b4ea2b0f4259896bcf86644d69e9d55bb88fd6d3,2025-02,South Yorkshire Police,South Yorkshire Police,-1.309882,53.546162,On or near John Street,E01007372,Barnsley 014A,Violence and sexual offences,Unable to prosecute suspect,
,2025-02,South Yorkshire Police,South Yorkshire Police,-1.306598,53.544857,On or near Ashlea,E01007373,Barnsley 014B,Anti-social behaviour,,
40ec3b16c4b521427e3fc197dc8f53cb5b49319670d715e539f7ce0667e1e04c,2025-02,South Yorkshire Police,South Yorkshire Police,-1.303243,53.544236,On or near Coronation Street,E01007373,Barnsley 014B,Burglary,Investigation complete; no suspect identified,
d5749ce2bccdffac6de05471227b944c597dd3929b103129136dd40e32a6edb1,2025-02,South Yorkshire Police,South Yorkshire Police,-1.306947,53.543862,On or near King Street,E01007373,Barnsley 014B,Criminal damage and arson,Investigation complete; no suspect identified,
938d3b248fbc56636c4b06a3b0a678066f1a046fa37cdddc663b95a7c4bc4963,2025-02,South Yorkshire Police,South Yorkshire Police,-1.309553,53.545027,On or near B6411,E01007373,Barnsley 014B,Criminal damage and arson,Awaiting court outcome,
45edda9749057b4b8ddce4eaeab703b9e3dea662ffc0e2e696a4f5a9bff504d2,2025-02,South Yorkshire Police,South Yorkshire Police,-1.303243,53.544236,On or near Coronation Street,E01007373,Barnsley 014B,Robbery,Awaiting court outcome,
fe654f66072130252d55c01895dda453fd11fe382e92318896cbd2e751486b25,2025-02,South Yorkshire Police,South Yorkshire Police,-1.309553,53.545027,On or near B6411,E01007373,Barnsley 014B,Shoplifting,Investigation complete; no suspect identified,
f0ce925e4865f27119634b94c5ba3483a4ed9187a3a3e9d182036e7d226dadd3,2025-02,South Yorkshire Police,South Yorkshire Police,-1.309553,53.545027,On or near B6411,E01007373,Barnsley 014B,Shoplifting,Investigation complete; no suspect identified,
b4a140e9a43b34510b6aaec68f19b3c936a1a7657f06ed95e8c4b07ed95d3916,2025-02,South Yorkshire Police,South Yorkshire Police,-1.309553,53.545027,On or near B6411,E01007373,Barnsley 014B,Shoplifting,Investigation complete; no suspect identified,
3f560f45fc9c86dab3884da9ab97a612060934872f5eb9ab86a3fcf2b3c50630,2025-02,South Yorkshire Police,South Yorkshire Police,-1.309553,53.545027,On or near B6411,E01007373,Barnsley 014B,Shoplifting,Investigation complete; no suspect identified,
513a65404ec18f73a5f3ea4959e286b168824e9abd231c4a349afc5aba943a42,2025-02,South Yorkshire Police,South Yorkshire Police,-1.309553,53.545027,On or near B6411,E01007373,Barnsley 014B,Violence and sexual offences,Investigation complete; no suspect identified,
8fb609c9b945e358ad4248b7df10256a9ba638766d6f35a9061b4febb38ac43e,2025-02,South Yorkshire Police,South Yorkshire Police,-1.309553,53.545027,On or near B6411,E01007373,Barnsley 014B,Violence and sexual offences,Investigation complete; no suspect identified,
00fd5f22a9e7f485cd2b5f70adc5861ff969749eba1b8d2ec708edc690968f77,2025-02,South Yorkshire Police,South Yorkshire Police,-1.294107,53.544569,On or near Albion Drive,E01007373,Barnsley 014B,Violence and sexual offences,Unable to prosecute suspect,
dc3a6cf86b649f7d94ec25ac51edd94a3d66d415b267a63748053df19fa0fb6b,2025-02,South Yorkshire Police,South Yorkshire Police,-1.301237,53.546929,On or near Norman Street,E01007373,Barnsley 014B,Violence and sexual offences,Unable to prosecute suspect,
,2025-02,South Yorkshire Police,South Yorkshire Police,-1.324428,53.548249,On or near Clayton Drive,E01007374,Barnsley 014C,Anti-social behaviour,,
,2025-02,South Yorkshire Police,South Yorkshire Police,-1.320735,53.544147,On or near Togo Street,E01007374,Barnsley 014C,Anti-social behaviour,,
766f95369999cb3d1d8253826b03a06f787a021cd152c7377ebf80661c679085,2025-02,South Yorkshire Police,South Yorkshire Police,-1.323494,53.547201,On or near Houghton Road,E01007374,Barnsley 014C,Criminal damage and arson,Unable to prosecute suspect,
01ec96a54de6595bb66d65c5b93e81ff378619b2da6bfeb88bf7a741832b7311,2025-02,South Yorkshire Police,South Yorkshire Police,-1.322267,53.546502,On or near Lorne Road,E01007374,Barnsley 014C,Violence and sexual offences,Unable to prosecute suspect,
,2025-02,South Yorkshire Police,South Yorkshire Police,-1.318219,53.543899,On or near High Street,E01007375,Barnsley 014D,Anti-social behaviour,,
,2025-02,South Yorkshire Police,South Yorkshire Police,-1.319597,53.544572,On or near Lansdowne Close,E01007375,Barnsley 014D,Anti-social behaviour,,
b6444b8b9178f72cc34247727bdc54a4eb18428af086119ea5a4c17ecee83895,2025-02,South Yorkshire Police,South Yorkshire Police,-1.316161,53.540481,On or near Grove Gardens,E01007375,Barnsley 014D,Burglary,Investigation complete; no suspect identified,
f1f241b5ff47b5497ff24bb3ed3ad1e68cd5b4e8812ff83f5b7fad6e1ed128d2,2025-02,South Yorkshire Police,South Yorkshire Police,-1.315123,53.545904,On or near Supermarket,E01007375,Barnsley 014D,Burglary,Investigation complete; no suspect identified,
43828a02b3edac1380dc5d0931b4e357ef0aa0f339e1890c4cad2086afa552ea,2025-02,South Yorkshire Police,South Yorkshire Police,-1.317434,53.541126,On or near Hillcrest,E01007375,Barnsley 014D,Burglary,Investigation complete; no suspect identified,
f53729596c8021301677be8d5500cde4b9a1af023c802d80dd35d3c0c4c2216a,2025-02,South Yorkshire Police,South Yorkshire Police,-1.315123,53.545904,On or near Supermarket,E01007375,Barnsley 014D,Criminal damage and arson,Investigation complete; no suspect identified,
ef7d295df89bb664d1a75cadb48c6f5d2be2026c815bc6e2d70a58218e5c5e10,2025-02,South Yorkshire Police,South Yorkshire Police,-1.313189,53.542298,On or near Chestnut Grove,E01007375,Barnsley 014D,Criminal damage and arson,Investigation complete; no suspect identified,
40ccd55edd53b220112798b511ae914246c403b78f03e9bc736dc915270ca371,2025-02,South Yorkshire Police,South Yorkshire Police,-1.313189,53.542298,On or near Chestnut Grove,E01007375,Barnsley 014D,Criminal damage and arson,Unable to prosecute suspect,
b63cdf0e40fc014fa9babc46b0ebb4440ec2b31050d2494c6db75656e8803334,2025-02,South Yorkshire Police,South Yorkshire Police,-1.315123,53.545904,On or near Supermarket,E01007375,Barnsley 014D,Public order,Unable to prosecute suspect,
a2b998de438d6ae028a46028270403dc905e6429658de2633411ee0a3e3f5cfc,2025-02,South Yorkshire Police,South Yorkshire Police,-1.317464,53.543014,On or near Walbert Avenue,E01007375,Barnsley 014D,Vehicle crime,Investigation complete; no suspect identified,
68de9693d31a23bd9249e3e05ed356609beae1646dfaaec3661f56df35ec9cb9,2025-02,South Yorkshire Police,South Yorkshire Police,-1.318219,53.543899,On or near High Street,E01007375,Barnsley 014D,Violence and sexual offences,Unable to prosecute suspect,
ce45ded8674313807a5ef9ef4a9f8a0432fcc65d21f8f342743b00be23bbd1d5,2025-02,South Yorkshire Police,South Yorkshire Police,-1.319597,53.544572,On or near Lansdowne Close,E01007375,Barnsley 014D,Violence and sexual offences,Unable to prosecute suspect,
06df3bf898c784c0e9d49076ffe49869f7cf39ee3be6ed8dd45df007bb9dfeb7,2025-02,South Yorkshire Police,South Yorkshire Police,-1.311508,53.541749,On or near Crossgate,E01007375,Barnsley 014D,Violence and sexual offences,Status update unavailable,
f6b41d81c8421a1da68f59ba56fff5af1c631f67b59096146ae5e20e1b170c1d,2025-02,South Yorkshire Police,South Yorkshire Police,-1.315123,53.545904,On or near Supermarket,E01007375,Barnsley 014D,Violence and sexual offences,Unable to prosecute suspect,
f166a915fb5df090a2c4ef60fb0bc431e084552b438bde7997a5ba55009f382a,2025-02,South Yorkshire Police,South Yorkshire Police,-1.318219,53.543899,On or near High Street,E01007375,Barnsley 014D,Other crime,Unable to prosecute suspect,
b612eab86db082cb6988bd80382648fddf45912d4737f1410c37823deda731a1,2025-02,South Yorkshire Police,South Yorkshire Police,-1.319597,53.544572,On or near Lansdowne Close,E01007375,Barnsley 014D,Other crime,Unable to prosecute suspect,
,2025-02,South Yorkshire Police,South Yorkshire Police,-1.300684,53.551178,On or near Cromwell Street,E01007377,Barnsley 014E,Anti-social behaviour,,
8af0d4fba060ea12f43a5143443a3f23ab673346d8506dd8dd776c808e9314e0,2025-02,South Yorkshire Police,South Yorkshire Police,-1.304661,53.547956,On or near Windsor Square,E01007377,Barnsley 014E,Criminal damage and arson,Investigation complete; no suspect identified,
9caae3ff955aa6946de12f36dc6bc6718ba0c69c154eb2301a678f7b14d85452,2025-02,South Yorkshire Police,South Yorkshire Police,-1.299769,53.548098,On or near Hanover Square,E01007377,Barnsley 014E,Criminal damage and arson,Unable to prosecute suspect,
ce473753ac3e766259a99997ba655f0ac9c9768dc9af8c1b46c7880c0900ff35,2025-02,South Yorkshire Police,South Yorkshire Police,-1.300684,53.551178,On or near Cromwell Street,E01007377,Barnsley 014E,Vehicle crime,Unable to prosecute suspect,
39e5673fb1f524b168a61949dc304746986100be8d661a15a6966b07591a4c85,2025-02,South Yorkshire Police,South Yorkshire Police,-1.304661,53.547956,On or near Windsor Square,E01007377,Barnsley 014E,Violence and sexual offences,Unable to prosecute suspect,
5a4cd9d74d848b019a38a94d7ac3281e967fe13c0f75d40c590692765177c34f,2025-02,South Yorkshire Police,South Yorkshire Police,-1.299769,53.548098,On or near Hanover Square,E01007377,Barnsley 014E,Violence and sexual offences,Unable to prosecute suspect,
87c2fcc0129e09ebac510886a2725fb0ff818b3da8cbe71341972be9638d3c67,2025-02,South Yorkshire Police,South Yorkshire Police,-1.303124,53.549646,On or near Briton Square,E01007377,Barnsley 014E,Violence and sexual offences,Unable to prosecute suspect,
e7c2b9769a68aefa09353c1fb24042b33baa937b9276d8deb504cf45edf6e4a7,2025-02,South Yorkshire Police,South Yorkshire Police,-1.304661,53.547956,On or near Windsor Square,E01007377,Barnsley 014E,Violence and sexual offences,Unable to prosecute suspect,
a9c41252f6441fd0cb49040d7d3ee05ed72785f2b2fce1d763247f19d9836d09,2025-02,South Yorkshire Police,South Yorkshire Police,-1.300684,53.551178,On or near Cromwell Street,E01007377,Barnsley 014E,Violence and sexual offences,Awaiting court outcome,
4d8ef453e31663dfdb3ed7a20d1f721e69010157d3fe7900bd6c15891e4d264a,2025-02,South Yorkshire Police,South Yorkshire Police,-1.304661,53.547956,On or near Windsor Square,E01007377,Barnsley 014E,Other crime,Unable to prosecute suspect,
6d021764fcb84d71ce06607f9a8a4cd01a9ea1526b254f643afeff780fc65d75,2025-02,South Yorkshire Police,South Yorkshire Police,-1.305450,53.546765,On or near Windsor Street,E01007377,Barnsley 014E,Other crime,Investigation complete; no suspect identified,
9ce56af62319e0ae7699a16f3598508ddf78770215db35d486c359da43ffd48c,2025-02,South Yorkshire Police,South Yorkshire Police,-1.316913,53.550040,On or near Beechlea,E01007378,Barnsley 014F,Criminal damage and arson,Investigation complete; no suspect identified,
beeba15edb71ffc24932879d7d82df78a89f55f1225c9f68be4afafab8c4f2e5,2025-02,South Yorkshire Police,South Yorkshire Police,-1.319160,53.545433,On or near Market Street,E01007378,Barnsley 014F,Other theft,Unable to prosecute suspect,
1915831379dd5d3f7be6bd491b0ff5e840573d34a09dfce6de8c0ec3024c7e5e,2025-02,South Yorkshire Police,South Yorkshire Police,-1.318930,53.548479,On or near Monsal Street,E01007378,Barnsley 014F,Public order,Unable to prosecute suspect,
a1da8c139802cebed1518de357bf09145b85720252fe388ed44388df0c7b38b4,2025-02,South Yorkshire Police,South Yorkshire Police,-1.318291,53.545985,On or near Marlborough Close,E01007378,Barnsley 014F,Robbery,Awaiting court outcome,
a5bdfbf1ac980833fa3b94463a10f054da7006b791e08d14545dc3429ec036d9,2025-02,South Yorkshire Police,South Yorkshire Police,-1.319349,53.546845,On or near Whyn View,E01007378,Barnsley 014F,Violence and sexual offences,Awaiting court outcome,
,2025-02,South Yorkshire Police,South Yorkshire Police,-1.436044,53.540872,On or near Supermarket,E01007319,Barnsley 015A,Anti-social behaviour,,
,2025-02,South Yorkshire Police,South Yorkshire Police,-1.430096,53.538867,On or near Caulk Lane,E01007319,Barnsley 015A,Anti-social behaviour,,
,2025-02,South Yorkshire Police,South Yorkshire Police,-1.432891,53.540417,On or near Shopping Area,E01007319,Barnsley 015A,Anti-social behaviour,,
8b49c5759c9c87bd2a034ef7f2ba520ff5b2af548d7af7db43449335d5c7c940,2025-02,South Yorkshire Police,South Yorkshire Police,-1.432891,53.540417,On or near Shopping Area,E01007319,Barnsley 015A,Drugs,Further investigation is not in the public interest,
1dc93107746200d7b61514ac45dc371b1c7f60be22ff04337bfd8bbaa2ce3bc7,2025-02,South Yorkshire Police,South Yorkshire Police,-1.432891,53.540417,On or near Shopping Area,E01007319,Barnsley 015A,Possession of weapons,Investigation complete; no suspect identified,
7cd4590121dde70a6fda90a544e9de136e1dedccf76d275d98c0153570e82ab5,2025-02,South Yorkshire Police,South Yorkshire Police,-1.436044,53.540872,On or near Supermarket,E01007319,Barnsley 015A,Public order,Investigation complete; no suspect identified,
d8bfc310295915e129eaadbf4cd9a88226b640d48a68a8b77261b97e354dc947,2025-02,South Yorkshire Police,South Yorkshire Police,-1.436044,53.540872,On or near Supermarket,E01007319,Barnsley 015A,Shoplifting,Investigation complete; no suspect identified,
45025c5a8014f834a1c332e693da6c11383e252a6dbe8c95f5ea103ba7d4ff9d,2025-02,South Yorkshire Police,South Yorkshire Police,-1.436044,53.540872,On or near Supermarket,E01007319,Barnsley 015A,Shoplifting,Awaiting court outcome,
29dabc614c6c8db07d58229266462035c5ad110e89e210d879074530fb822c89,2025-02,South Yorkshire Police,South Yorkshire Police,-1.436044,53.540872,On or near Supermarket,E01007319,Barnsley 015A,Shoplifting,Awaiting court outcome,
19bfca5c5c477aa928eeb466a8bbdabec8abb03d22b7437b582b4fa964524e18,2025-02,South Yorkshire Police,South Yorkshire Police,-1.432891,53.540417,On or near Shopping Area,E01007319,Barnsley 015A,Shoplifting,Investigation complete; no suspect identified,
ae975d92c9a77124160fcf1f80ea5a1a672accdd2301950135663b9bbb4957e4,2025-02,South Yorkshire Police,South Yorkshire Police,-1.436044,53.540872,On or near Supermarket,E01007319,Barnsley 015A,Shoplifting,Unable to prosecute suspect,
834a6936b029e76c336d91d8642909c789841ee577694ad8fcd162796fc6d3c6,2025-02,South Yorkshire Police,South Yorkshire Police,-1.432891,53.540417,On or near Shopping Area,E01007319,Barnsley 015A,Shoplifting,Investigation complete; no suspect identified,
6c3a72ccec75a3c240afbc2b449659411cf64b7b922a7bb84935d1aeacc99a91,2025-02,South Yorkshire Police,South Yorkshire Police,-1.432891,53.540417,On or near Shopping Area,E01007319,Barnsley 015A,Shoplifting,Investigation complete; no suspect identified,
2636198325c8ba3485abc6ac2463fd76b6ddee3aa2dfac18a19a467f38e50dd2,2025-02,South Yorkshire Police,South Yorkshire Police,-1.432891,53.540417,On or near Shopping Area,E01007319,Barnsley 015A,Shoplifting,Investigation complete; no suspect identified,
ff9d8f1f8caf0a1164dd92ac4ba0565289b390ddaf780b1ef3519897461d2e94,2025-02,South Yorkshire Police,South Yorkshire Police,-1.432405,53.539920,On or near Shopping Area,E01007319,Barnsley 015A,Shoplifting,Investigation complete; no suspect identified,
487cdfced5e6dfb3f23960d36b1b22c211c961c8cfc8ed2aa50fb0be7635538c,2025-02,South Yorkshire Police,South Yorkshire Police,-1.430096,53.538867,On or near Caulk Lane,E01007319,Barnsley 015A,Violence and sexual offences,Unable to prosecute suspect,
2d1ae4537ea4d18ecd232562c73452a510d3266dd180e66086cc0493a2048150,2025-02,South Yorkshire Police,South Yorkshire Police,-1.430096,53.538867,On or near Caulk Lane,E01007319,Barnsley 015A,Violence and sexual offences,Unable to prosecute suspect,
3a22affd50248751ffe0389c6f359300dbade2ad97e87cca91aca9da8ff5ec37,2025-02,South Yorkshire Police,South Yorkshire Police,-1.426843,53.538402,On or near Clae Cott Lane,E01007319,Barnsley 015A,Violence and sexual offences,Unable to prosecute suspect,
cd1362b4a4114e93a8928305d0a555337bbde6b5d13dab3728eb73f3df07c32e,2025-02,South Yorkshire Police,South Yorkshire Police,-1.420367,53.546298,On or near Manor Gardens,E01007321,Barnsley 015B,Criminal damage and arson,Unable to prosecute suspect,
3d70cb7388010b9063ad50af943138858d153bae2395814dc387a343bdaec221,2025-02,South Yorkshire Police,South Yorkshire Police,-1.431819,53.547621,On or near Coronation Terrace,E01007321,Barnsley 015B,Violence and sexual offences,Investigation complete; no suspect identified,
,2025-02,South Yorkshire Police,South Yorkshire Police,-1.444315,53.546556,On or near Rosebery Street,E01007322,Barnsley 015C,Anti-social behaviour,,
,2025-02,South Yorkshire Police,South Yorkshire Police,-1.439679,53.550184,On or near Grange Lane,E01007322,Barnsley 015C,Anti-social behaviour,,
,2025-02,South Yorkshire Police,South Yorkshire Police,-1.459910,53.547274,On or near Vaal Street,E01007322,Barnsley 015C,Anti-social behaviour,,
,2025-02,South Yorkshire Police,South Yorkshire Police,-1.459910,53.547274,On or near Vaal Street,E01007322,Barnsley 015C,Anti-social behaviour,,
,2025-02,South Yorkshire Police,South Yorkshire Police,-1.452815,53.547431,On or near Oaks Crescent,E01007322,Barnsley 015C,Anti-social behaviour,,
,2025-02,South Yorkshire Police,South Yorkshire Police,-1.459910,53.547274,On or near Vaal Street,E01007322,Barnsley 015C,Anti-social behaviour,,
,2025-02,South Yorkshire Police,South Yorkshire Police,-1.452815,53.547431,On or near Oaks Crescent,E01007322,Barnsley 015C,Anti-social behaviour,,
,2025-02,South Yorkshire Police,South Yorkshire Police,-1.458956,53.547549,On or near Heathfields,E01007322,Barnsley 015C,Anti-social behaviour,,
,2025-02,South Yorkshire Police,South Yorkshire Police,-1.437571,53.546354,On or near Oxford Place,E01007322,Barnsley 015C,Anti-social behaviour,,
5736b733e9c7e7cbc704fb505b6f8e0e0ecc9d110e2cdc8c3277a41f4fe9cb1f,2025-02,South Yorkshire Police,South Yorkshire Police,-1.458317,53.552660,On or near Elm Row,E01007322,Barnsley 015C,Burglary,Investigation complete; no suspect identified,
c8f0312b89ae31ee03d0a8034532f111afb66eecc8c7c449485af123925cc712,2025-02,South Yorkshire Police,South Yorkshire Police,-1.458317,53.552660,On or near Elm Row,E01007322,Barnsley 015C,Burglary,Investigation complete; no suspect identified,
8d4cfc7258e048cb025145627764611bdc8ebba52505e5eddd7a8ed163927e6c,2025-02,South Yorkshire Police,South Yorkshire Police,-1.439679,53.550184,On or near Grange Lane,E01007322,Barnsley 015C,Criminal damage and arson,Investigation complete; no suspect identified,
5a706e88ba8d72946eb74e89251fe0f72e3b13608fe3bd30889dc7ddb52bdfd1,2025-02,South Yorkshire Police,South Yorkshire Police,-1.446831,53.547997,On or near Conway Street,E01007322,Barnsley 015C,Criminal damage and arson,Investigation complete; no suspect identified,
1d0fd6b26803748afe2c6e302640a4b78a4e6fad64ef5c4596c8487c78e028ef,2025-02,South Yorkshire Police,South Yorkshire Police,-1.437571,53.546354,On or near Oxford Place,E01007322,Barnsley 015C,Criminal damage and arson,Investigation complete; no suspect identified,
73c5913d12413e244a1ece4e8877d101c993d9e245daff5857ebfbc4c8b0db2c,2025-02,South Yorkshire Police,South Yorkshire Police,-1.446831,53.547997,On or near Conway Street,E01007322,Barnsley 015C,Criminal damage and arson,Unable to prosecute suspect,
52b99dbdeaaac459e22907c9d7a7cbb54e88c9b172c5dafe900752fc03e3c800,2025-02,South Yorkshire Police,South Yorkshire Police,-1.462392,53.546764,On or near Pindar Oakes Cottages,E01007322,Barnsley 015C,Drugs,Local resolution,
8b5e97b2d036f92cd0816db133703591ea0ab6763b134cdf4e994d84190bf7ae,2025-02,South Yorkshire Police,South Yorkshire Police,-1.444337,53.545999,On or near Doncaster Road,E01007322,Barnsley 015C,Other theft,Investigation complete; no suspect identified,
51b2ef34a856a0e77a46382aeb5ded7e5f7d6325570c870bb5c00ec8a2e1fef4,2025-02,South Yorkshire Police,South Yorkshire Police,-1.452180,53.549882,On or near Oaks Lane,E01007322,Barnsley 015C,Other theft,Investigation complete; no suspect identified,
88baaa2783dd80bf6f9f14d878a431c19170d0add6c12d01caf2becab2e68bcd,2025-02,South Yorkshire Police,South Yorkshire Police,-1.459910,53.547274,On or near Vaal Street,E01007322,Barnsley 015C,Possession of weapons,Unable to prosecute suspect,
6855155933394eceffdfaa7b18129f862ad03c19f6586a1c5469be323cae28ec,2025-02,South Yorkshire Police,South Yorkshire Police,-1.439679,53.550184,On or near Grange Lane,E01007322,Barnsley 015C,Public order,Unable to prosecute suspect,
1d7037d18fee90bacaa2fd59844d0ea4a100f28ae12421c421f57d0427d24edb,2025-02,South Yorkshire Police,South Yorkshire Police,-1.457200,53.553896,On or near Lord Street,E01007322,Barnsley 015C,Public order,Unable to prosecute suspect,
9fef4f97b03fab022a62e3da560210a24f3e2ae6bdbfae6e1b42a66eda545497,2025-02,South Yorkshire Police,South Yorkshire Police,-1.442764,53.546252,On or near School Street,E01007322,Barnsley 015C,Shoplifting,Investigation complete; no suspect identified,
cc2fe59869efb53d5a6fd2511828ae8043cfa5837f1179e6059c3ae67146502d,2025-02,South Yorkshire Police,South Yorkshire Police,-1.444337,53.545999,On or near Doncaster Road,E01007322,Barnsley 015C,Shoplifting,Unable to prosecute suspect,
5edc10eb7d2226da41221c96be019d553a2ca5de80d1e07a492a06686167354a,2025-02,South Yorkshire Police,South Yorkshire Police,-1.442764,53.546252,On or near School Street,E01007322,Barnsley 015C,Shoplifting,Investigation complete; no suspect identified,
513d2a53e1ea2ef5ed1f23d2141d4046125b12b444ba0f0c6d8a11af7046eacc,2025-02,South Yorkshire Police,South Yorkshire Police,-1.444337,53.545999,On or near Doncaster Road,E01007322,Barnsley 015C,Shoplifting,Unable to prosecute suspect,
13ffca7cba6c8a123de7c8b167d427c90045cd1b7f507dc24b2c40c630285f71,2025-02,South Yorkshire Police,South Yorkshire Police,-1.442764,53.546252,On or near School Street,E01007322,Barnsley 015C,Shoplifting,Awaiting court outcome,
8af63753dc0a4abe43db4d6d100fce683540f9e4d94c06336d8095c0b0bf1058,2025-02,South Yorkshire Police,South Yorkshire Police,-1.459910,53.547274,On or near Vaal Street,E01007322,Barnsley 015C,Vehicle crime,Investigation complete; no suspect identified,
5cb6e1568e3c3203344474937687f2301079cb35ab9611e8def7877432af043e,2025-02,South Yorkshire Police,South Yorkshire Police,-1.458626,53.547395,On or near Barberry Court,E01007322,Barnsley 015C,Violence and sexual offences,Investigation complete; no suspect identified,
8d0e94c3a61c5c7d5cddc3787edc2eba5be6788f158e21826644e48f54a35418,2025-02,South Yorkshire Police,South Yorkshire Police,-1.458916,53.548349,On or near Honeymere Court,E01007322,Barnsley 015C,Violence and sexual offences,Unable to prosecute suspect,
72d75be58451f208239c739ad6dcf54942117051fa35cad76717d8040bf3f2cd,2025-02,South Yorkshire Police,South Yorkshire Police,-1.454310,53.547384,On or near Old Oaks View,E01007322,Barnsley 015C,Violence and sexual offences,Unable to prosecute suspect,
e54dad28929da7e8bcb4d6cf040af71e54fbdf208bea55bab4dba240d354ec39,2025-02,South Yorkshire Police,South Yorkshire Police,-1.454310,53.547384,On or near Old Oaks View,E01007322,Barnsley 015C,Violence and sexual offences,Unable to prosecute suspect,
14012fa093960adc09d84c1896b94f8650c866be6f02836e26f1e01a782aa491,2025-02,South Yorkshire Police,South Yorkshire Police,-1.454310,53.547384,On or near Old Oaks View,E01007322,Barnsley 015C,Violence and sexual offences,Unable to prosecute suspect,
9a78a8ce0dfd4c85553c6c35d4a10b3ade45e94bd2f673c9140d7912e70622ff,2025-02,South Yorkshire Police,South Yorkshire Police,-1.458626,53.547395,On or near Barberry Court,E01007322,Barnsley 015C,Violence and sexual offences,Investigation complete; no suspect identified,
bf34171e101bee0fd9998d0beb70e17bb458511bf1169876a5fa997495bc9536,2025-02,South Yorkshire Police,South Yorkshire Police,-1.457200,53.553896,On or near Lord Street,E01007322,Barnsley 015C,Violence and sexual offences,Unable to prosecute suspect,
04078efe7dee17456c9ff6885415f4e7cb647ad76ddfcfe1bff518560c554350,2025-02,South Yorkshire Police,South Yorkshire Police,-1.442787,53.546791,On or near Shaftesbury Street,E01007322,Barnsley 015C,Violence and sexual offences,Unable to prosecute suspect,
4f60137e7a8ab6c9427f8e7f2cd47f35f713b2ec453086caa54cf7a20f8c6e33,2025-02,South Yorkshire Police,South Yorkshire Police,-1.457200,53.553896,On or near Lord Street,E01007322,Barnsley 015C,Violence and sexual offences,Unable to prosecute suspect,
dd1b94222fa7adedf6050ca55d4abc76772599be76d1af05cb3b5e991c844e49,2025-02,South Yorkshire Police,South Yorkshire Police,-1.454310,53.547384,On or near Old Oaks View,E01007322,Barnsley 015C,Violence and sexual offences,Unable to prosecute suspect,
90e951d41e836d3391a5fafba59aaf00d1473032d04ef6082e5870a6ce9e8adf,2025-02,South Yorkshire Police,South Yorkshire Police,-1.437571,53.546354,On or near Oxford Place,E01007322,Barnsley 015C,Violence and sexual offences,Unable to prosecute suspect,
6cfa234d3da8a02f14724a130f86d1fb565abbe841feee50b19c938f823895fb,2025-02,South Yorkshire Police,South Yorkshire Police,-1.444601,53.547753,On or near Sheepcote Walk,E01007322,Barnsley 015C,Violence and sexual offences,Unable to prosecute suspect,
086985dead665be361970586bbc832e7b66a0a29dc21830e8a3e9b7adef25ad5,2025-02,South Yorkshire Police,South Yorkshire Police,-1.458916,53.548349,On or near Honeymere Court,E01007322,Barnsley 015C,Violence and sexual offences,Unable to prosecute suspect,
da47f8766e97412afdfc05fcbba6c30983f187b90e7474db3bdbc1f16bc1407e,2025-02,South Yorkshire Police,South Yorkshire Police,-1.454310,53.547384,On or near Old Oaks View,E01007322,Barnsley 015C,Violence and sexual offences,Unable to prosecute suspect,
3815e52083b325286d7d6f06b725e6da42beb75c4032a1a5fe335d2cb7dfb542,2025-02,South Yorkshire Police,South Yorkshire Police,-1.446831,53.547997,On or near Conway Street,E01007322,Barnsley 015C,Violence and sexual offences,Unable to prosecute suspect,
c9d73d2c0e75cb11130536e083e56c6a76e4d746e90ed71d2db242e203b43a8a,2025-02,South Yorkshire Police,South Yorkshire Police,-1.441422,53.546192,On or near Waterfield Place,E01007322,Barnsley 015C,Violence and sexual offences,Unable to prosecute suspect,
6457221e35557842ea721760228c3e9f23cf74bb7652e95749f91242b3a83305,2025-02,South Yorkshire Police,South Yorkshire Police,-1.454310,53.547384,On or near Old Oaks View,E01007322,Barnsley 015C,Other crime,Status update unavailable,
,2025-02,South Yorkshire Police,South Yorkshire Police,-1.465415,53.547569,On or near Junction Street,E01007337,Barnsley 015D,Anti-social behaviour,,
,2025-02,South Yorkshire Police,South Yorkshire Police,-1.468750,53.550038,On or near Oakwell Vale,E01007337,Barnsley 015D,Anti-social behaviour,,
,2025-02,South Yorkshire Police,South Yorkshire Police,-1.465415,53.547569,On or near Junction Street,E01007337,Barnsley 015D,Anti-social behaviour,,
,2025-02,South Yorkshire Police,South Yorkshire Police,-1.468750,53.550038,On or near Oakwell Vale,E01007337,Barnsley 015D,Anti-social behaviour,,
c5ab9e810933f6d11bfa899237fa085c326ee76457e48f26f7f9bb96e049e89a,2025-02,South Yorkshire Police,South Yorkshire Police,-1.461921,53.548236,On or near Barnsbridge Grove,E01007337,Barnsley 015D,Bicycle theft,Investigation complete; no suspect identified,
e7d7a58acd6a921b57e5555c20cbdc5d1243c042747d2531dde1151bfc293645,2025-02,South Yorkshire Police,South Yorkshire Police,-1.465415,53.547569,On or near Junction Street,E01007337,Barnsley 015D,Burglary,Investigation complete; no suspect identified,
d8c9d256f5eb9e474874031ce549a9ec3048e76a381ef75f845ecdd451dd6098,2025-02,South Yorkshire Police,South Yorkshire Police,-1.469253,53.549626,On or near Oakwell Terrace,E01007337,Barnsley 015D,Burglary,Investigation complete; no suspect identified,
86a8c18c2e6d9dec7123d255237d16bc9d9fef5b33d4b6c90825e86b6f48914a,2025-02,South Yorkshire Police,South Yorkshire Police,-1.471613,53.552828,On or near Rockingham Court,E01007337,Barnsley 015D,Burglary,Investigation complete; no suspect identified,
da0ff21cf4fc6b6cb0407f53f99a4015a9fbd8cf33f41f02e428132a69301e51,2025-02,South Yorkshire Police,South Yorkshire Police,-1.472641,53.552733,On or near Windermere Road,E01007337,Barnsley 015D,Criminal damage and arson,Awaiting court outcome,
aa300b69e0756685726b68153e02060c1da8e7c985a43facc1067d45566c6ecf,2025-02,South Yorkshire Police,South Yorkshire Police,-1.470710,53.552662,On or near Belgrave Road,E01007337,Barnsley 015D,Criminal damage and arson,Investigation complete; no suspect identified,
5d5f778ea1aa479d4df3ac32298ce5054bc50d3a2b947f8f67204ed0e8bd4939,2025-02,South Yorkshire Police,South Yorkshire Police,-1.465415,53.547569,On or near Junction Street,E01007337,Barnsley 015D,Other theft,Unable to prosecute suspect,
7ed48b4abe966aac0e7d8c976025c22c89bf2a80e8381167d58ffedac7f4b7ce,2025-02,South Yorkshire Police,South Yorkshire Police,-1.471951,53.551121,On or near Avon Street,E01007337,Barnsley 015D,Public order,Unable to prosecute suspect,
732bb55a3befaadd9685db90c3ba553718c901044c79dcee13e56cb9659a2f1a,2025-02,South Yorkshire Police,South Yorkshire Police,-1.472641,53.552733,On or near Windermere Road,E01007337,Barnsley 015D,Violence and sexual offences,Awaiting court outcome,
c9c79d00bbdca698ac0cb94a4010a4388cb4fdf5c9cc84b862ea0840e7f3b63e,2025-02,South Yorkshire Police,South Yorkshire Police,-1.468666,53.548338,On or near Osborne Mews,E01007337,Barnsley 015D,Violence and sexual offences,Unable to prosecute suspect,
3ffec95708f26f9c812f1c4d895c5b296d7c2548737201aa637f2ac798b431be,2025-02,South Yorkshire Police,South Yorkshire Police,-1.467025,53.547990,On or near Osborne Street,E01007337,Barnsley 015D,Violence and sexual offences,Unable to prosecute suspect,
2bc1ac852cbdb5376d1880e7c1b17bf1ad61249a04a2b9cb140213c1a3811886,2025-02,South Yorkshire Police,South Yorkshire Police,-1.471951,53.551121,On or near Avon Street,E01007337,Barnsley 015D,Violence and sexual offences,Further investigation is not in the public interest,
02fe949ea0160b379fb66601efd97142e2aeaf7beff722c43ec41783bfe3d5ff,2025-02,South Yorkshire Police,South Yorkshire Police,-1.465415,53.547569,On or near Junction Street,E01007337,Barnsley 015D,Violence and sexual offences,Unable to prosecute suspect,
5fd8bbfbf982a2e93987fdf0f050d2d2aeec36b72e0e93ac0e871e47da93f9a6,2025-02,South Yorkshire Police,South Yorkshire Police,-1.469691,53.552037,On or near Grasmere Road,E01007337,Barnsley 015D,Violence and sexual offences,Investigation complete; no suspect identified,
474533fcd89f8d5e9f5e4338449121f24f3cb4d9fbf18cfa4147a0aad54ef4dc,2025-02,South Yorkshire Police,South Yorkshire Police,-1.470710,53.552662,On or near Belgrave Road,E01007337,Barnsley 015D,Violence and sexual offences,Status update unavailable,
ee3c53d58ea45c56a0dafcb379b8b83da58666855139b8730ffa6cef4b52b0a1,2025-02,South Yorkshire Police,South Yorkshire Police,-1.466872,53.548169,On or near Seth Terrace,E01007337,Barnsley 015D,Violence and sexual offences,Awaiting court outcome,
75d745f2893db177362fb07b8873080410e830c0990556c04ef6a7b1043ec1e5,2025-02,South Yorkshire Police,South Yorkshire Police,-1.466872,53.548169,On or near Seth Terrace,E01007337,Barnsley 015D,Violence and sexual offences,Unable to prosecute suspect,
5a016b4b451200ba505dddd7451b732bbd9df7005c51bbadc1e904dd6e11180e,2025-02,South Yorkshire Police,South Yorkshire Police,-1.472641,53.552733,On or near Windermere Road,E01007337,Barnsley 015D,Violence and sexual offences,Investigation complete; no suspect identified,
f18d96db6e431e3cf866a750a05546daff347a32429bb33fbdbead93a2495d93,2025-02,South Yorkshire Police,South Yorkshire Police,-1.467025,53.547990,On or near Osborne Street,E01007337,Barnsley 015D,Other crime,Investigation complete; no suspect identified,
fd9680c75af3ebed2f6c73c8308ab39ce4a0c0086cd6d1ce06b263edb8efdbd1,2025-02,South Yorkshire Police,South Yorkshire Police,-1.574195,53.566126,On or near Tivy Dale Close,E01007418,Barnsley 016A,Violence and sexual offences,Unable to prosecute suspect,
c14fadc71da55cfc4ab378606f81d7479beddad637ba9e85f2f5c8be54b0a929,2025-02,South Yorkshire Police,South Yorkshire Police,-1.558174,53.537161,On or near Hall Royd Lane,E01007419,Barnsley 016B,Other theft,Investigation complete; no suspect identified,
9d3a1243ef39d6ccd7d01b18079d66f3f05fd633d96856d1cf6f45ad02264a6a,2025-02,South Yorkshire Police,South Yorkshire Police,-1.564451,53.543537,On or near Petrol Station,E01007419,Barnsley 016B,Shoplifting,Investigation complete; no suspect identified,
cde1fd513ff7aaa52ffe4867d0fbb88fc83f8e27583862a98b7a8849ca0e1096,2025-02,South Yorkshire Police,South Yorkshire Police,-1.566236,53.533739,On or near Ladyroyd,E01007419,Barnsley 016B,Violence and sexual offences,Unable to prosecute suspect,
0b1f1ab83653f60cd5ae3513a131f040d71c5b278fde74f6044a0fb6e6775f1f,2025-02,South Yorkshire Police,South Yorkshire Police,-1.564451,53.543537,On or near Petrol Station,E01007419,Barnsley 016B,Violence and sexual offences,Unable to prosecute suspect,
2228aa8e82d6403110d1ed9b9e2e538eb08c88064c2aaf76218f23a6212cd00a,2025-02,South Yorkshire Police,South Yorkshire Police,-1.558640,53.537406,On or near Beacon Close,E01007419,Barnsley 016B,Violence and sexual offences,Unable to prosecute suspect,
8596d3d94b8091d4bc29b345d2cfe90e652949dc0aaa34902187c4c9ea34b05d,2025-02,South Yorkshire Police,South Yorkshire Police,-1.561506,53.550620,On or near Chapter Way,E01007420,Barnsley 016C,Public order,Unable to prosecute suspect,
cb0a0f1175514b6041287a1230955fc090e9483741adc0be8424b211058c857e,2025-02,South Yorkshire Police,South Yorkshire Police,-1.565129,53.549060,On or near Pack Horse Green,E01007420,Barnsley 016C,Vehicle crime,Investigation complete; no suspect identified,
946ef7cf83b6ee22620d993d8ca284143201d125daece93fc918e976371ef5e9,2025-02,South Yorkshire Police,South Yorkshire Police,-1.568386,53.547922,On or near Alston Close,E01007420,Barnsley 016C,Violence and sexual offences,Unable to prosecute suspect,
c73edf9e60e3a794aa4051c94e4c3b61fb93250bd0cfc5f223a8331c5c619ded,2025-02,South Yorkshire Police,South Yorkshire Police,-1.566060,53.549486,On or near Bull Haw Lane,E01007420,Barnsley 016C,Violence and sexual offences,Unable to prosecute suspect,
,2025-02,South Yorkshire Police,South Yorkshire Police,-1.607416,53.537953,On or near Greenside Gardens,E01007425,Barnsley 016D,Anti-social behaviour,,
,2025-02,South Yorkshire Police,South Yorkshire Police,-1.627345,53.533091,On or near Viewlands Close,E01007425,Barnsley 016D,Anti-social behaviour,,
d4eea31e0186ed783a9d3233589b9b7c1dc0789c8d0426f798f8e2e99440dfce,2025-02,South Yorkshire Police,South Yorkshire Police,-1.643527,53.542839,On or near Carr Head Lane,E01007425,Barnsley 016D,Burglary,Investigation complete; no suspect identified,
25b16beaf329c180ba76e13624f6e92d089a2450dfe6d459eea4f3762bcb4f10,2025-02,South Yorkshire Police,South Yorkshire Police,-1.643527,53.542839,On or near Carr Head Lane,E01007425,Barnsley 016D,Vehicle crime,Investigation complete; no suspect identified,
19aa2d1f04fc893b8e4a5bffcc49381f40d2f3316218546ff08a3477f61effd2,2025-02,South Yorkshire Police,South Yorkshire Police,-1.633014,53.530062,On or near Watermill Mews,E01007425,Barnsley 016D,Vehicle crime,Investigation complete; no suspect identified,
e75edfc49f34609cddfff9c088fd2f81cde81e22165f82e7e0f7d44347c4c5e2,2025-02,South Yorkshire Police,South Yorkshire Police,-1.627905,53.534693,On or near Well House Lane,E01007425,Barnsley 016D,Violence and sexual offences,Unable to prosecute suspect,
5b716ef1c411a08d348121dd23b8d0b6f99618ec78cee01be3e7c7feeaa47f64,2025-02,South Yorkshire Police,South Yorkshire Police,-1.637528,53.533167,On or near Old Anna Lane,E01007425,Barnsley 016D,Violence and sexual offences,Unable to prosecute suspect,
97aad4970e3c9a1b63d767a4b194c7b94d6881ff50f4932da353627522201f96,2025-02,South Yorkshire Police,South Yorkshire Police,-1.627905,53.534693,On or near Well House Lane,E01007425,Barnsley 016D,Violence and sexual offences,Status update unavailable,
,2025-02,South Yorkshire Police,South Yorkshire Police,-1.473256,53.546974,On or near Denison Court,E01007338,Barnsley 017A,Anti-social behaviour,,
,2025-02,South Yorkshire Police,South Yorkshire Police,-1.478435,53.547986,On or near Duke Crescent,E01007338,Barnsley 017A,Anti-social behaviour,,
6fb5505ed48bbb9b6c4388255d63e959b4a82e96575d7c6511d24e99f96e56bb,2025-02,South Yorkshire Police,South Yorkshire Police,-1.474187,53.548560,On or near King Street,E01007338,Barnsley 017A,Burglary,Investigation complete; no suspect identified,
7c596751e3db4fcf7f1583cc7699437a2b8ec7e0d9d60e11acbebd2f625ff305,2025-02,South Yorkshire Police,South Yorkshire Police,-1.474187,53.548560,On or near King Street,E01007338,Barnsley 017A,Burglary,Investigation complete; no suspect identified,
d1ec5d02b151afbc106f263116a8a2f71122b7d62a1711725ad780d392907999,2025-02,South Yorkshire Police,South Yorkshire Police,-1.474116,53.546933,On or near Sheffield Road,E01007338,Barnsley 017A,Criminal damage and arson,Investigation complete; no suspect identified,
7e18d2d3563d5f37397df6de6ab782edeedd5e5ec254b70c1acbe56ee066a34c,2025-02,South Yorkshire Police,South Yorkshire Police,-1.480722,53.547277,On or near Providence Court,E01007338,Barnsley 017A,Criminal damage and arson,Investigation complete; no suspect identified,
5c75520dfe4491a21255e9e904aa2e30534c20d9ebc65b7621462aa1e5d2e145,2025-02,South Yorkshire Police,South Yorkshire Police,-1.474187,53.548560,On or near King Street,E01007338,Barnsley 017A,Criminal damage and arson,Investigation complete; no suspect identified,
b26dbdb39cc6c9b94c3b5172dbe0b6522ea66c2435294915fa67efe9825ed0fc,2025-02,South Yorkshire Police,South Yorkshire Police,-1.478435,53.547986,On or near Duke Crescent,E01007338,Barnsley 017A,Criminal damage and arson,Investigation complete; no suspect identified,
76720555ed9474b81c6d11de32808cd044c59eceb8262bf2471ef5994e429540,2025-02,South Yorkshire Police,South Yorkshire Police,-1.478435,53.547986,On or near Duke Crescent,E01007338,Barnsley 017A,Criminal damage and arson,Investigation complete; no suspect identified,
add7855a7d97fc24cf0b9342ef87e9967e06adf2890753152f14242dc0abbd68,2025-02,South Yorkshire Police,South Yorkshire Police,-1.474187,53.548560,On or near King Street,E01007338,Barnsley 017A,Criminal damage and arson,Unable to prosecute suspect,
f97a3e6dfa1e9868914cbf01a5ec597a12ce36e35cafc12616058c1d629243f5,2025-02,South Yorkshire Police,South Yorkshire Police,-1.474187,53.548560,On or near King Street,E01007338,Barnsley 017A,Criminal damage and arson,Investigation complete; no suspect identified,
ef445196fa039444ce65f94dcf0d8bc750a16771357d11aa1e26716239548058,2025-02,South Yorkshire Police,South Yorkshire Police,-1.478615,53.546827,On or near Wood Street,E01007338,Barnsley 017A,Other theft,Awaiting court outcome,
a4663f43d13985251f6dc7ba80c4233d4fb4f647ce9a1b2eea11246483e8925f,2025-02,South Yorkshire Police,South Yorkshire Police,-1.477102,53.548376,On or near Britannia Close,E01007338,Barnsley 017A,Other theft,Investigation complete; no suspect identified,
dbe2dfe41f99d6fe3670cce020bf08f3d85b95b6285cce7d0b1fb587bf68d8d4,2025-02,South Yorkshire Police,South Yorkshire Police,-1.477282,53.550911,On or near Wesley Street,E01007338,Barnsley 017A,Public order,Unable to prosecute suspect,
099e4dbe45123f883832ead05e410591b51c96bffeacb460e7c8bc48434a55f4,2025-02,South Yorkshire Police,South Yorkshire Police,-1.473256,53.546974,On or near Denison Court,E01007338,Barnsley 017A,Public order,Unable to prosecute suspect,
abdeb6f3b2ae78d4086f0198fe52b2d74bc00acdc900fbf42a7784070e94573a,2025-02,South Yorkshire Police,South Yorkshire Police,-1.474187,53.548560,On or near King Street,E01007338,Barnsley 017A,Public order,Unable to prosecute suspect,
331d78228294220a2a502b837c44679d63185bcfa7f80010bb7f937f13d41714,2025-02,South Yorkshire Police,South Yorkshire Police,-1.477102,53.548376,On or near Britannia Close,E01007338,Barnsley 017A,Public order,Unable to prosecute suspect,
d27e696fdcf350a2297cfce97e8169fc62bc2e6d375f88d9c89ffb9e0d193a29,2025-02,South Yorkshire Police,South Yorkshire Police,-1.479419,53.546462,On or near Rebecca Row,E01007338,Barnsley 017A,Violence and sexual offences,Investigation complete; no suspect identified,
d0cd8849c7d5f0cbf22e11bda2ded0f7187b7f2ac09e69b147e3046638a4ae5a,2025-02,South Yorkshire Police,South Yorkshire Police,-1.474116,53.546933,On or near Sheffield Road,E01007338,Barnsley 017A,Violence and sexual offences,Investigation complete; no suspect identified,
3ce3bd8089ae737f966abc9bd65b3e1c6642760e8269b3f5cd795ae8a957a7a6,2025-02,South Yorkshire Police,South Yorkshire Police,-1.474187,53.548560,On or near King Street,E01007338,Barnsley 017A,Violence and sexual offences,Unable to prosecute suspect,
8bf2951083a149fab650d715b40c78fee9d4c26767dcbcb615fa6305cbce0536,2025-02,South Yorkshire Police,South Yorkshire Police,-1.480722,53.547277,On or near Providence Court,E01007338,Barnsley 017A,Violence and sexual offences,Unable to prosecute suspect,
38f5a761283c2cd17d4f37670109ee903fee90a42f2803272484023dff5863e8,2025-02,South Yorkshire Police,South Yorkshire Police,-1.477357,53.547253,On or near Buckley Court,E01007338,Barnsley 017A,Violence and sexual offences,Status update unavailable,
02e7474707430fff83c9b752924c56f3305f09c3e41dca500a8a2601c3728da4,2025-02,South Yorkshire Police,South Yorkshire Police,-1.474116,53.546933,On or near Sheffield Road,E01007338,Barnsley 017A,Violence and sexual offences,Unable to prosecute suspect,
959e2a7eb08a4e16caf9054da79f717a5f1168883d30b2cfdfa31676e738e79a,2025-02,South Yorkshire Police,South Yorkshire Police,-1.472833,53.547000,On or near Clifton Street,E01007338,Barnsley 017A,Violence and sexual offences,Unable to prosecute suspect,
6728fa0cb84f6df370268790311f1ab69cd3238f8522926d74f50d64b6d4bac4,2025-02,South Yorkshire Police,South Yorkshire Police,-1.471879,53.547247,On or near Gold Croft,E01007338,Barnsley 017A,Violence and sexual offences,Awaiting court outcome,
828d46fddfa5b7c151afb5ad0f78528db01c329ae49c01784b3d97e5181c3a95,2025-02,South Yorkshire Police,South Yorkshire Police,-1.471879,53.547247,On or near Gold Croft,E01007338,Barnsley 017A,Violence and sexual offences,Unable to prosecute suspect,
249a068a102b02f604baf5bf9acbe93c496ff17cb1332a8bf4b33ddb7a3ee450,2025-02,South Yorkshire Police,South Yorkshire Police,-1.477197,53.547971,On or near Union Street,E01007338,Barnsley 017A,Violence and sexual offences,Unable to prosecute suspect,
,2025-02,South Yorkshire Police,South Yorkshire Police,-1.471200,53.547253,On or near Wilby Lane,E01007339,Barnsley 017B,Anti-social behaviour,,
,2025-02,South Yorkshire Police,South Yorkshire Police,-1.470071,53.545765,On or near Pindar Oaks Street,E01007339,Barnsley 017B,Anti-social behaviour,,
2eb4e6bc98d6679606290f726cbd74a628bf6d72bd94dedda79b447cf9bab7dd,2025-02,South Yorkshire Police,South Yorkshire Police,-1.473107,53.548034,On or near Rosebery Terrace,E01007339,Barnsley 017B,Burglary,Investigation complete; no suspect identified,
0b6dec2c17a220d0b9767e1d2013e24e09bb1acece76f2f81da6b6756e54957b,2025-02,South Yorkshire Police,South Yorkshire Police,-1.473107,53.548034,On or near Rosebery Terrace,E01007339,Barnsley 017B,Criminal damage and arson,Investigation complete; no suspect identified,
15f7520e5fb6d1687a67bdbdaddd16dc40d39056ad5593721de2556bd85bc402,2025-02,South Yorkshire Police,South Yorkshire Police,-1.470071,53.545765,On or near Pindar Oaks Street,E01007339,Barnsley 017B,Criminal damage and arson,Investigation complete; no suspect identified,
acb41bd4b666189ae7ea601aa4b5339c5a80114ec9a0d60fa8532143b916d331,2025-02,South Yorkshire Police,South Yorkshire Police,-1.471409,53.544971,On or near Corporation Street,E01007339,Barnsley 017B,Violence and sexual offences,Awaiting court outcome,
c2ffaeffcab64b80d03e8f2993cb5dcbc3833d6728fbe5631e3af4b934d343d5,2025-02,South Yorkshire Police,South Yorkshire Police,-1.462552,53.547241,On or near Lulworth Close,E01007339,Barnsley 017B,Violence and sexual offences,Awaiting court outcome,
abbdaa9ede8053978e50351815633380e6ab9d81fa995c99d11ec98ecf4fcd53,2025-02,South Yorkshire Police,South Yorkshire Police,-1.472476,53.545317,On or near Commercial Street,E01007339,Barnsley 017B,Violence and sexual offences,Unable to prosecute suspect,
257fd45130fb26e68cab444c7c8e1b9217bc8f34f87205b8cb928adfe7e7b634,2025-02,South Yorkshire Police,South Yorkshire Police,-1.471409,53.544971,On or near Corporation Street,E01007339,Barnsley 017B,Violence and sexual offences,Offender given a caution,
6c993d644ce0b41832446be17e0e7bbb49d42e212620ee68503bf75ff152189c,2025-02,South Yorkshire Police,South Yorkshire Police,-1.471800,53.546285,On or near Tune Street,E01007339,Barnsley 017B,Violence and sexual offences,Unable to prosecute suspect,
0adcada9df497f4580fdf100a06625c989d8bdced279562360c915a912f59573,2025-02,South Yorkshire Police,South Yorkshire Police,-1.472476,53.545317,On or near Commercial Street,E01007339,Barnsley 017B,Violence and sexual offences,Investigation complete; no suspect identified,
ef1b64ed35de9b44aaa27b0af234d6082cab29e566b38d503e5efa15bdeb7df3,2025-02,South Yorkshire Police,South Yorkshire Police,-1.466302,53.547833,On or near Sunderland Terrace,E01007339,Barnsley 017B,Violence and sexual offences,Unable to prosecute suspect,
3537d7b664127bce69f6e76e4c0c75b45c097057673b0f5a3e015fb65bf474db,2025-02,South Yorkshire Police,South Yorkshire Police,-1.471875,53.547571,On or near Gold Street,E01007339,Barnsley 017B,Violence and sexual offences,Unable to prosecute suspect,
,2025-02,South Yorkshire Police,South Yorkshire Police,-1.479005,53.542137,On or near Dickinson Road,E01007413,Barnsley 017C,Anti-social behaviour,,
,2025-02,South Yorkshire Police,South Yorkshire Police,-1.475446,53.541942,On or near Thornhill Drive,E01007413,Barnsley 017C,Anti-social behaviour,,
,2025-02,South Yorkshire Police,South Yorkshire Police,-1.475446,53.541942,On or near Thornhill Drive,E01007413,Barnsley 017C,Anti-social behaviour,,
,2025-02,South Yorkshire Police,South Yorkshire Police,-1.476942,53.541768,On or near Mount Close,E01007413,Barnsley 017C,Anti-social behaviour,,
,2025-02,South Yorkshire Police,South Yorkshire Police,-1.475446,53.541942,On or near Thornhill Drive,E01007413,Barnsley 017C,Anti-social behaviour,,
,2025-02,South Yorkshire Police,South Yorkshire Police,-1.476526,53.542450,On or near Stoneleigh Croft,E01007413,Barnsley 017C,Anti-social behaviour,,
3b3b7fddf35ce95db21867e7086bc097302e3a0cd0763beaad9357ad63772ee0,2025-02,South Yorkshire Police,South Yorkshire Police,-1.479005,53.542137,On or near Dickinson Road,E01007413,Barnsley 017C,Criminal damage and arson,Unable to prosecute suspect,
1999e91df71bcff8e33d9fa1da3af3b590de643f50882d94bfbe7a68d4cb5420,2025-02,South Yorkshire Police,South Yorkshire Police,-1.476526,53.542450,On or near Stoneleigh Croft,E01007413,Barnsley 017C,Other theft,Unable to prosecute suspect,
149779aa08ba32ee8043f63443a172c95d9b8bc3529c13ef10c3a887bce76ec9,2025-02,South Yorkshire Police,South Yorkshire Police,-1.475446,53.541942,On or near Thornhill Drive,E01007413,Barnsley 017C,Vehicle crime,Investigation complete; no suspect identified,
2ff07bf897786586a3a479fb088d6657f70f97e2c418ba36ffd3a243f5249965,2025-02,South Yorkshire Police,South Yorkshire Police,-1.477772,53.541727,On or near Lockwood Lane,E01007413,Barnsley 017C,Vehicle crime,Investigation complete; no suspect identified,
46189ef40037f5dfb3cc4a274f937cc66302865bb57f518e6907c581311138cf,2025-02,South Yorkshire Police,South Yorkshire Police,-1.475419,53.541690,On or near Mount Vernon Avenue,E01007413,Barnsley 017C,Vehicle crime,Investigation complete; no suspect identified,
ab6f450734fb4331516c8ad429bdeda9a1c21942c2b461e6fcef605deb53bc8d,2025-02,South Yorkshire Police,South Yorkshire Police,-1.479393,53.542444,On or near Warren Crescent,E01007413,Barnsley 017C,Violence and sexual offences,Awaiting court outcome,
3a43f362607d83886039a30e6221a44ac5d163ffc5a62faa3a9486c56c4f9e0e,2025-02,South Yorkshire Police,South Yorkshire Police,-1.479393,53.542444,On or near Warren Crescent,E01007413,Barnsley 017C,Violence and sexual offences,Investigation complete; no suspect identified,
7e29d87411c624236576fb322d3c547c9d83cf2e6bd9ddb8752fa7d194cd2725,2025-02,South Yorkshire Police,South Yorkshire Police,-1.479901,53.541664,On or near Kenworthy Road,E01007413,Barnsley 017C,Violence and sexual offences,Status update unavailable,
49b9659363b205851f2df28c93bdc6ec61a8dd6fce72721fb2dc2e000adc4295,2025-02,South Yorkshire Police,South Yorkshire Police,-1.480629,53.542584,On or near Highstone Avenue,E01007413,Barnsley 017C,Violence and sexual offences,Unable to prosecute suspect,
0f4b200f632141b3c9a6433bdacebe573a25bf89bdb35b9689dc35cd6440adfb,2025-02,South Yorkshire Police,South Yorkshire Police,-1.479901,53.541664,On or near Kenworthy Road,E01007413,Barnsley 017C,Violence and sexual offences,Unable to prosecute suspect,
bc791415bc040ce6a541f2e780ef6666a3cd2f4f799dc8559cdd7f6735cc30cc,2025-02,South Yorkshire Police,South Yorkshire Police,-1.479782,53.542733,On or near Warren Place,E01007413,Barnsley 017C,Violence and sexual offences,Awaiting court outcome,
f5a1de99c91d28b4b0961a2b3ce93ae459a6a3b98fab831f1aeccb5fd234434e,2025-02,South Yorkshire Police,South Yorkshire Police,-1.482148,53.544227,On or near California Street,E01007413,Barnsley 017C,Violence and sexual offences,Unable to prosecute suspect,
e46a5b652fb20324e155063e4c1e8bdda73853a49de47d351ad5fabb37d8fbb5,2025-02,South Yorkshire Police,South Yorkshire Police,-1.475443,53.543389,On or near Highstone View,E01007413,Barnsley 017C,Violence and sexual offences,Unable to prosecute suspect,
f7a7a007b1028b05a8b97d0eb5704e6ed5964905f1bb0c82ec9a1656bcb84b65,2025-02,South Yorkshire Police,South Yorkshire Police,-1.480629,53.542584,On or near Highstone Avenue,E01007413,Barnsley 017C,Violence and sexual offences,Unable to prosecute suspect,
25c2538c8fbfd56b684cfcfeb890870d39d5195815235945aa2d347cff9f4e60,2025-02,South Yorkshire Police,South Yorkshire Police,-1.480629,53.542584,On or near Highstone Avenue,E01007413,Barnsley 017C,Violence and sexual offences,Unable to prosecute suspect,
bae2e0fdae4b3cc8eb71b35a07686e7a56456027f5d41a7f38e6e35b38689c9e,2025-02,South Yorkshire Police,South Yorkshire Police,-1.482148,53.544227,On or near California Street,E01007413,Barnsley 017C,Violence and sexual offences,Unable to prosecute suspect,
22b9d157d432c9db89e84aa7741d3144d30d88a59e753adf4f0cfd0bdbaed1c4,2025-02,South Yorkshire Police,South Yorkshire Police,-1.480629,53.542584,On or near Highstone Avenue,E01007413,Barnsley 017C,Violence and sexual offences,Unable to prosecute suspect,
,2025-02,South Yorkshire Police,South Yorkshire Police,-1.467356,53.542041,On or near Turnshaw Mews,E01007414,Barnsley 017D,Anti-social behaviour,,
,2025-02,South Yorkshire Police,South Yorkshire Police,-1.467356,53.542041,On or near Turnshaw Mews,E01007414,Barnsley 017D,Anti-social behaviour,,
f134c7941e52b0b252cc2555551cc0f2bfcbb22b11e8b967ee66807dd22da45e,2025-02,South Yorkshire Police,South Yorkshire Police,-1.474776,53.544824,On or near Kelsey Terrace,E01007414,Barnsley 017D,Criminal damage and arson,Unable to prosecute suspect,
2d4d5c6f1fa446b9ce153d35a7f28d11fd651bf779b9cbd5db6207c6fd54b61c,2025-02,South Yorkshire Police,South Yorkshire Police,-1.471409,53.543730,On or near Petrol Station,E01007414,Barnsley 017D,Criminal damage and arson,Investigation complete; no suspect identified,
13052a56b8ad2bc2b7bf6db7cb6b879925e010ceccd5d7ec3e3cc1c129834a3a,2025-02,South Yorkshire Police,South Yorkshire Police,-1.467356,53.542041,On or near Turnshaw Mews,E01007414,Barnsley 017D,Public order,Unable to prosecute suspect,
30b36d4a825a88bce83c1aa2a373b4acb5adabc515c06a7f99cf0014cf06dbaa,2025-02,South Yorkshire Police,South Yorkshire Police,-1.467166,53.541581,On or near Bluebell Bank,E01007414,Barnsley 017D,Vehicle crime,Investigation complete; no suspect identified,
4b6bf19d817a2da33a37e53cb75649a9ba82e02673a4fd731318a356c2d592cd,2025-02,South Yorkshire Police,South Yorkshire Police,-1.475712,53.541125,On or near Vernon Close,E01007414,Barnsley 017D,Vehicle crime,Unable to prosecute suspect,
88264a85d598f5e02ad248ec08039afd3019cdfbc19572d87c5c408aa356fc5b,2025-02,South Yorkshire Police,South Yorkshire Police,-1.475712,53.541125,On or near Vernon Close,E01007414,Barnsley 017D,Vehicle crime,Unable to prosecute suspect,
a442c63203481a89e87cba92c51e22f3dcc9eb9d5958ab80a32ebe041ea49efd,2025-02,South Yorkshire Police,South Yorkshire Police,-1.474776,53.544824,On or near Kelsey Terrace,E01007414,Barnsley 017D,Violence and sexual offences,Unable to prosecute suspect,
10e6723909cae0dab2fc970ea15ab57d0031874d022a1bc24317ed1525d8d337,2025-02,South Yorkshire Police,South Yorkshire Police,-1.472561,53.542109,On or near Harriet Close,E01007414,Barnsley 017D,Violence and sexual offences,Awaiting court outcome,
f68a37e2c59834eb0411e57e5118dadbf4d5d4a139b90a5912fc3c1a76829674,2025-02,South Yorkshire Police,South Yorkshire Police,-1.462957,53.546228,On or near Tuscany Gardens,E01007414,Barnsley 017D,Violence and sexual offences,Awaiting court outcome,
7f7f6ac6d6c6d302a2b5faec411f926e9b994ad275fe13b2a9f4e25ee5cb8c82,2025-02,South Yorkshire Police,South Yorkshire Police,-1.471409,53.543730,On or near Petrol Station,E01007414,Barnsley 017D,Violence and sexual offences,Awaiting court outcome,
fb98ba8319e110f30b06287e7988a109d6fef8092bf5cc642f2c09fb02d59ef7,2025-02,South Yorkshire Police,South Yorkshire Police,-1.474263,53.543617,On or near Rowan Close,E01007414,Barnsley 017D,Violence and sexual offences,Unable to prosecute suspect,
5d788cf926660bcc3d855d189fd3edd16388e1bc9f3e6e3da36ff155b14c4f71,2025-02,South Yorkshire Police,South Yorkshire Police,-1.467356,53.542041,On or near Turnshaw Mews,E01007414,Barnsley 017D,Violence and sexual offences,Status update unavailable,
147ea33ff372d6c4e892e80d9a0691d2f168b656783d044a20b7b6a9c57e2542,2025-02,South Yorkshire Police,South Yorkshire Police,-1.473289,53.544251,On or near Hornby Mews,E01007414,Barnsley 017D,Violence and sexual offences,Local resolution,
7160ae2e53d0ad67e79b2a3645658321c7c9dfee70b51f45632f15f668670e94,2025-02,South Yorkshire Police,South Yorkshire Police,-1.462957,53.546228,On or near Tuscany Gardens,E01007414,Barnsley 017D,Other crime,Unable to prosecute suspect,
,2025-02,South Yorkshire Police,South Yorkshire Police,-1.448235,53.538727,On or near Rylstone Walk,E01007317,Barnsley 018A,Anti-social behaviour,,
,2025-02,South Yorkshire Police,South Yorkshire Police,-1.447523,53.541196,On or near Ash Grove,E01007317,Barnsley 018A,Anti-social behaviour,,
,2025-02,South Yorkshire Police,South Yorkshire Police,-1.447755,53.537287,On or near Burnsall Grove,E01007317,Barnsley 018A,Anti-social behaviour,,
,2025-02,South Yorkshire Police,South Yorkshire Police,-1.447523,53.541196,On or near Ash Grove,E01007317,Barnsley 018A,Anti-social behaviour,,
,2025-02,South Yorkshire Police,South Yorkshire Police,-1.447523,53.541196,On or near Ash Grove,E01007317,Barnsley 018A,Anti-social behaviour,,
,2025-02,South Yorkshire Police,South Yorkshire Police,-1.451561,53.539327,On or near Colley Crescent,E01007317,Barnsley 018A,Anti-social behaviour,,
,2025-02,South Yorkshire Police,South Yorkshire Police,-1.447755,53.537287,On or near Burnsall Grove,E01007317,Barnsley 018A,Anti-social behaviour,,
,2025-02,South Yorkshire Police,South Yorkshire Police,-1.448235,53.538727,On or near Rylstone Walk,E01007317,Barnsley 018A,Anti-social behaviour,,
,2025-02,South Yorkshire Police,South Yorkshire Police,-1.447755,53.537287,On or near Burnsall Grove,E01007317,Barnsley 018A,Anti-social behaviour,,
,2025-02,South Yorkshire Police,South Yorkshire Police,-1.447523,53.541196,On or near Ash Grove,E01007317,Barnsley 018A,Anti-social behaviour,,
,2025-02,South Yorkshire Police,South Yorkshire Police,-1.450036,53.538241,On or near Broom Close,E01007317,Barnsley 018A,Anti-social behaviour,,
,2025-02,South Yorkshire Police,South Yorkshire Police,-1.450036,53.538241,On or near Broom Close,E01007317,Barnsley 018A,Anti-social behaviour,,
,2025-02,South Yorkshire Police,South Yorkshire Police,-1.447755,53.537287,On or near Burnsall Grove,E01007317,Barnsley 018A,Anti-social behaviour,,
,2025-02,South Yorkshire Police,South Yorkshire Police,-1.447755,53.537287,On or near Burnsall Grove,E01007317,Barnsley 018A,Anti-social behaviour,,
,2025-02,South Yorkshire Police,South Yorkshire Police,-1.447755,53.537287,On or near Burnsall Grove,E01007317,Barnsley 018A,Anti-social behaviour,,
,2025-02,South Yorkshire Police,South Yorkshire Police,-1.450036,53.538241,On or near Broom Close,E01007317,Barnsley 018A,Anti-social behaviour,,
bc63466a3a656747bd663c5d54343597b1138b006eb41b4483e893005494bb95,2025-02,South Yorkshire Police,South Yorkshire Police,-1.447523,53.541196,On or near Ash Grove,E01007317,Barnsley 018A,Criminal damage and arson,Unable to prosecute suspect,
84dbd0d92a1d47771cc7cadc8ca5a07194960534f0b6bdcc1bae762809b738f6,2025-02,South Yorkshire Police,South Yorkshire Police,-1.448679,53.542837,On or near Calder Crescent,E01007317,Barnsley 018A,Criminal damage and arson,Investigation complete; no suspect identified,
6e7895ae18d7757783aa3ce5acc7981aa1857686610ae175721045b1f78b5964,2025-02,South Yorkshire Police,South Yorkshire Police,-1.448679,53.542837,On or near Calder Crescent,E01007317,Barnsley 018A,Criminal damage and arson,Unable to prosecute suspect,
616b9c3ed81e5f283ccebcc88bb7d57d560ce1389f8f4d6e9244736487a72d2d,2025-02,South Yorkshire Police,South Yorkshire Police,-1.447653,53.539327,On or near Foxfield Walk,E01007317,Barnsley 018A,Criminal damage and arson,Investigation complete; no suspect identified,
c77af5cd164baf24186c3350c22fffd39cc6323bef9b562c2d2dd03e1d956925,2025-02,South Yorkshire Police,South Yorkshire Police,-1.451561,53.539327,On or near Colley Crescent,E01007317,Barnsley 018A,Other theft,Investigation complete; no suspect identified,
5a0ccacbbf17a9890f471ed1172f4e4f6c1323dcba3d7524fef897a31dc657ca,2025-02,South Yorkshire Police,South Yorkshire Police,-1.451561,53.539327,On or near Colley Crescent,E01007317,Barnsley 018A,Public order,Investigation complete; no suspect identified,
4fa7334b031cdc9e9c88678bc40e51c3f8f782475f0a7a43c413b6fb0dbb3163,2025-02,South Yorkshire Police,South Yorkshire Police,-1.448879,53.541382,On or near Neville Close,E01007317,Barnsley 018A,Shoplifting,Offender given a caution,
b8c8cf117cba93db5ac218f113111c51d461c4bb8ea4bc5b8fba770c13430ae8,2025-02,South Yorkshire Police,South Yorkshire Police,-1.448879,53.541382,On or near Neville Close,E01007317,Barnsley 018A,Shoplifting,Awaiting court outcome,
ff7cd159908aa07f9c34590175cca45f9fa444ba7fd7cd9457b0808fcf6b72bf,2025-02,South Yorkshire Police,South Yorkshire Police,-1.448879,53.541382,On or near Neville Close,E01007317,Barnsley 018A,Shoplifting,Awaiting court outcome,
131c81909b2499f5104db68a688f49c670e5e2ceb8088b27071b7e8215aeadad,2025-02,South Yorkshire Police,South Yorkshire Police,-1.448879,53.541382,On or near Neville Close,E01007317,Barnsley 018A,Shoplifting,Awaiting court outcome,
00bcbb6e252b0cf139dd65a17839c6ee4691b700b825ddb181f841901ce3ed6f,2025-02,South Yorkshire Police,South Yorkshire Police,-1.448879,53.541382,On or near Neville Close,E01007317,Barnsley 018A,Shoplifting,Unable to prosecute suspect,
cb030f926ba1f20d6852e60e46c19b06b2de7132dbce7a5791924fce953bff09,2025-02,South Yorkshire Police,South Yorkshire Police,-1.448879,53.541382,On or near Neville Close,E01007317,Barnsley 018A,Shoplifting,Investigation complete; no suspect identified,
3f03085a921dfc1518fb1bbd997c72ecc8df48c356edfc88ab656f163ace9631,2025-02,South Yorkshire Police,South Yorkshire Police,-1.448879,53.541382,On or near Neville Close,E01007317,Barnsley 018A,Shoplifting,Investigation complete; no suspect identified,
e10a4e4f372626c00ed0943ad6eb364df3c15e2894661215ee7c8917fb4a87cc,2025-02,South Yorkshire Police,South Yorkshire Police,-1.448879,53.541382,On or near Neville Close,E01007317,Barnsley 018A,Shoplifting,Investigation complete; no suspect identified,
edb9cfd12d7b2d12086c9d80a971e30d839fab9ade05c4c9c54a07788a4a2b3f,2025-02,South Yorkshire Police,South Yorkshire Police,-1.448879,53.541382,On or near Neville Close,E01007317,Barnsley 018A,Shoplifting,Awaiting court outcome,
0312fe21656c53749d7468baa3938a24b61fbcc82f481a0c0993b7ff3968bc9a,2025-02,South Yorkshire Police,South Yorkshire Police,-1.450036,53.538241,On or near Broom Close,E01007317,Barnsley 018A,Vehicle crime,Investigation complete; no suspect identified,
11227e073e889c9a30292f8e349178d689f3bc378ea8a3c886236618abce9412,2025-02,South Yorkshire Police,South Yorkshire Police,-1.448679,53.542837,On or near Calder Crescent,E01007317,Barnsley 018A,Violence and sexual offences,Unable to prosecute suspect,
4668bfad2b7cd96d891bf1d8738fbf4eeec85d59ccd299e32a42004824b84e21,2025-02,South Yorkshire Police,South Yorkshire Police,-1.447523,53.541196,On or near Ash Grove,E01007317,Barnsley 018A,Violence and sexual offences,Unable to prosecute suspect,
77e6ab12e18bfc8a0fcebbf771acbbe86746de7db4db2047a98f5ac2edd9355f,2025-02,South Yorkshire Police,South Yorkshire Police,-1.448679,53.542837,On or near Calder Crescent,E01007317,Barnsley 018A,Violence and sexual offences,Investigation complete; no suspect identified,
c33cc1913e10ddb724b580dcf6accfcb1e14329b8b45660ee42f50d9f844c22f,2025-02,South Yorkshire Police,South Yorkshire Police,-1.447523,53.541196,On or near Ash Grove,E01007317,Barnsley 018A,Violence and sexual offences,Unable to prosecute suspect,
3323f805fba303639fd57a981ede9ecee44d81fd8bad1e77399605aa56c670c8,2025-02,South Yorkshire Police,South Yorkshire Police,-1.447523,53.541196,On or near Ash Grove,E01007317,Barnsley 018A,Violence and sexual offences,Unable to prosecute suspect,
,2025-02,South Yorkshire Police,South Yorkshire Police,-1.458199,53.544229,On or near Maple Close,E01007318,Barnsley 018B,Anti-social behaviour,,
,2025-02,South Yorkshire Police,South Yorkshire Police,-1.460104,53.546260,On or near Applehurst Bank,E01007318,Barnsley 018B,Anti-social behaviour,,
,2025-02,South Yorkshire Police,South Yorkshire Police,-1.458199,53.544229,On or near Maple Close,E01007318,Barnsley 018B,Anti-social behaviour,,
,2025-02,South Yorkshire Police,South Yorkshire Police,-1.460104,53.546260,On or near Applehurst Bank,E01007318,Barnsley 018B,Anti-social behaviour,,
e42ad3493a4088850fa773e3b2e5af1c179033c8adfc0024f71b7b9ba991dc3d,2025-02,South Yorkshire Police,South Yorkshire Police,-1.457969,53.546807,On or near A635,E01007318,Barnsley 018B,Criminal damage and arson,Awaiting court outcome,
2b0c2e606846267067980f34af6f0901d5181b7ed1d26545e66af53ddb73fb37,2025-02,South Yorkshire Police,South Yorkshire Police,-1.452700,53.541148,On or near Lavender Court,E01007318,Barnsley 018B,Drugs,Status update unavailable,
542c71f49c9d290fda4fe748c16eef600d71ec56882147213e09a9a3cb5d6e8f,2025-02,South Yorkshire Police,South Yorkshire Police,-1.456882,53.543342,On or near Thornton Road,E01007318,Barnsley 018B,Other theft,Investigation complete; no suspect identified,
263ef9f562a9d581d18c5071d1e4c226bbe0593a8680265c9b7b545d981f2454,2025-02,South Yorkshire Police,South Yorkshire Police,-1.454751,53.542433,On or near Thornton Terrace,E01007318,Barnsley 018B,Public order,Unable to prosecute suspect,
76ea3c71655bc5824dd2b3cd102b269931b8e05ebb87501b5f234e6ffd839c6b,2025-02,South Yorkshire Police,South Yorkshire Police,-1.452137,53.542664,On or near Birk Crescent,E01007318,Barnsley 018B,Public order,Unable to prosecute suspect,
647e863b2f4ef7e4d842e28e3a2c3198ad9cbd57996e4a3390b4af1653ee9d36,2025-02,South Yorkshire Police,South Yorkshire Police,-1.457969,53.546807,On or near A635,E01007318,Barnsley 018B,Public order,Unable to prosecute suspect,
a6c6fbb24c8a654422647bb507ed05bebb212c38dd122b471fabffb8bed0f811,2025-02,South Yorkshire Police,South Yorkshire Police,-1.457969,53.546807,On or near A635,E01007318,Barnsley 018B,Public order,Unable to prosecute suspect,
d2a8db71441bb6f2f6a933ef5b57ad52a971b6f8e7e80eac8d7ae4d1df422bac,2025-02,South Yorkshire Police,South Yorkshire Police,-1.454583,53.544895,On or near Redhill Avenue,E01007318,Barnsley 018B,Vehicle crime,Awaiting court outcome,
2fdab26889e8f48f23476bc94381814b0cac082d40040595b11993f876fa8c81,2025-02,South Yorkshire Police,South Yorkshire Police,-1.457969,53.546807,On or near A635,E01007318,Barnsley 018B,Violence and sexual offences,Unable to prosecute suspect,
cfc9df2f82b678aed5310a6de122419093778dda22bf49e3193004a413793557,2025-02,South Yorkshire Police,South Yorkshire Police,-1.456162,53.543006,On or near Birk Terrace,E01007318,Barnsley 018B,Violence and sexual offences,Unable to prosecute suspect,
999c48cb836c7c3d5898e8a774bb8837ecd092515bf63b6d1b1834701fa9906e,2025-02,South Yorkshire Police,South Yorkshire Police,-1.457969,53.546807,On or near A635,E01007318,Barnsley 018B,Violence and sexual offences,Unable to prosecute suspect,
fdb58db5af7f35389e5a45f37ccd7a481766e6acb979ff3abf8e0aa75024f4ad,2025-02,South Yorkshire Police,South Yorkshire Police,-1.457969,53.546807,On or near A635,E01007318,Barnsley 018B,Violence and sexual offences,Unable to prosecute suspect,
c38fc9370c6762bdd9d955d80b3e69baa22cb90a80bda61d5b333271aa7ba9fe,2025-02,South Yorkshire Police,South Yorkshire Police,-1.456882,53.543342,On or near Thornton Road,E01007318,Barnsley 018B,Violence and sexual offences,Unable to prosecute suspect,
a4388a29fb9dbe147b215f34f8dc157986209dbd217afa777309f6fa9e4481c6,2025-02,South Yorkshire Police,South Yorkshire Police,-1.454525,53.541237,On or near Colley Place,E01007318,Barnsley 018B,Violence and sexual offences,Unable to prosecute suspect,
3623c0ae462e2370f0fa311eeb6557d4a9185064fc11f37cd24772bcfac3444e,2025-02,South Yorkshire Police,South Yorkshire Police,-1.457969,53.546807,On or near A635,E01007318,Barnsley 018B,Violence and sexual offences,Unable to prosecute suspect,
1b9c4a63bbe952df56a0f9d57475dff65083cce14c375a4a9e6e53c1b34f1924,2025-02,South Yorkshire Police,South Yorkshire Police,-1.457969,53.546807,On or near A635,E01007318,Barnsley 018B,Violence and sexual offences,Unable to prosecute suspect,
d0a9ac9f9a60182f4912610bfc8f4452b6f3bdf4080930fa830b9f33f9eabeda,2025-02,South Yorkshire Police,South Yorkshire Police,-1.454525,53.541237,On or near Colley Place,E01007318,Barnsley 018B,Other crime,Unable to prosecute suspect,
,2025-02,South Yorkshire Police,South Yorkshire Police,-1.449125,53.545724,On or near Gilbert Grove,E01007320,Barnsley 018C,Anti-social behaviour,,
86596bffb599bcb21ca027b8de2445ad3615cf4bb2b5dbfa4d5887028328db1e,2025-02,South Yorkshire Police,South Yorkshire Police,-1.442215,53.543274,On or near Nursery Gardens,E01007320,Barnsley 018C,Burglary,Investigation complete; no suspect identified,
b2e5cf426a6669b3e65bc148f7dbed82ff6fb1e7f5a3cab3fe3388c2334254da,2025-02,South Yorkshire Police,South Yorkshire Police,-1.441686,53.544467,On or near Wheatley Road,E01007320,Barnsley 018C,Burglary,Status update unavailable,
f55dc791da6be666e37455487b0893e8dd419ecb64e3ee695f1cff0a76fbead6,2025-02,South Yorkshire Police,South Yorkshire Police,-1.450588,53.545785,On or near Gerald Crescent,E01007320,Barnsley 018C,Criminal damage and arson,Unable to prosecute suspect,
27274735b0977b192c04e0e02475a1e57c164023d90e3e5345f8d614f7a52625,2025-02,South Yorkshire Police,South Yorkshire Police,-1.448200,53.544866,On or near Malcolm Close,E01007320,Barnsley 018C,Criminal damage and arson,Unable to prosecute suspect,
8fb2e9e7f3d5334880472a8b7e32685787fee14dc1ffcfce0469be4f19b39f8e,2025-02,South Yorkshire Police,South Yorkshire Police,-1.450013,53.543526,On or near Neville Avenue,E01007320,Barnsley 018C,Public order,Unable to prosecute suspect,
25e5868b7f582c84a1bd9a56c0c1c9ab3c5f642fc16f940220ade269390e4b4d,2025-02,South Yorkshire Police,South Yorkshire Police,-1.441686,53.544467,On or near Wheatley Road,E01007320,Barnsley 018C,Public order,Investigation complete; no suspect identified,
b3b27db706b4845727eea0389e84849ad92aa20f859fe4f366ba20d3d78107aa,2025-02,South Yorkshire Police,South Yorkshire Police,-1.441686,53.544467,On or near Wheatley Road,E01007320,Barnsley 018C,Shoplifting,Investigation complete; no suspect identified,
b78f6b4f29378002f0c9f49afe67a97a5cb611fc119bdd047c1d1a2c288f85d1,2025-02,South Yorkshire Police,South Yorkshire Police,-1.441686,53.544467,On or near Wheatley Road,E01007320,Barnsley 018C,Shoplifting,Investigation complete; no suspect identified,
93ea65b00d2b71ef565b7ea9c224f61d3d5224d8db17b7dbaf6fab88b29db0ce,2025-02,South Yorkshire Police,South Yorkshire Police,-1.441686,53.544467,On or near Wheatley Road,E01007320,Barnsley 018C,Shoplifting,Investigation complete; no suspect identified,
b7c57b10900731168d2a2d09e42359dd19d23d0d32bc0d550e972461fdd462e1,2025-02,South Yorkshire Police,South Yorkshire Police,-1.441686,53.544467,On or near Wheatley Road,E01007320,Barnsley 018C,Shoplifting,Awaiting court outcome,
167c02f08f3ea1aa5fcf8b2e092e74d7289a430c3d2080470853d39e5bbf3f80,2025-02,South Yorkshire Police,South Yorkshire Police,-1.441686,53.544467,On or near Wheatley Road,E01007320,Barnsley 018C,Shoplifting,Investigation complete; no suspect identified,
4206735b044c358ef895074090839bcea18e535884b11b9b4b1f41f3e804ea96,2025-02,South Yorkshire Police,South Yorkshire Police,-1.441686,53.544467,On or near Wheatley Road,E01007320,Barnsley 018C,Shoplifting,Investigation complete; no suspect identified,
488ba78bc2dfcce98925a8f1e6ac15788fff0aec51916412ceffc04e9a8c3d6c,2025-02,South Yorkshire Police,South Yorkshire Police,-1.441686,53.544467,On or near Wheatley Road,E01007320,Barnsley 018C,Shoplifting,Status update unavailable,
d239544d7a0599f21c5bcb3ac304264c5c31befcab71818eba32dd9e2bae87b6,2025-02,South Yorkshire Police,South Yorkshire Police,-1.441686,53.544467,On or near Wheatley Road,E01007320,Barnsley 018C,Shoplifting,Investigation complete; no suspect identified,
91cd021106465a5ed6ab7d5e45a689d0a2b69f7089455203b4ba3134716d44a2,2025-02,South Yorkshire Police,South Yorkshire Police,-1.449125,53.545724,On or near Gilbert Grove,E01007320,Barnsley 018C,Shoplifting,Investigation complete; no suspect identified,
22038d479eb6f6f1c4af2ecb8b729302641bf9cc1378cc6f92af3fbdea20732c,2025-02,South Yorkshire Police,South Yorkshire Police,-1.447451,53.544449,On or near Birk House Lane,E01007320,Barnsley 018C,Violence and sexual offences,Local resolution,
2c6973da7e603f20c3794053b271db433e7d789238c799c0f159b0a8a2e04679,2025-02,South Yorkshire Police,South Yorkshire Police,-1.450588,53.545785,On or near Gerald Crescent,E01007320,Barnsley 018C,Violence and sexual offences,Unable to prosecute suspect,
e6c1d9890480cf306718a8d1d4211cdf1920daaa4738f10a2a14462371fa54ca,2025-02,South Yorkshire Police,South Yorkshire Police,-1.441686,53.544467,On or near Wheatley Road,E01007320,Barnsley 018C,Violence and sexual offences,Status update unavailable,
f66a949d193c9ee1038996507bf28411082c93903d3f9e8613c41b1ee70a2693,2025-02,South Yorkshire Police,South Yorkshire Police,-1.444929,53.545714,On or near Kenwood Close,E01007320,Barnsley 018C,Violence and sexual offences,Unable to prosecute suspect,
8803ad6c6e9a86e20e53efa83b31a5005b26c400d2aa41d2b025aa5238cff2ae,2025-02,South Yorkshire Police,South Yorkshire Police,-1.448200,53.544866,On or near Malcolm Close,E01007320,Barnsley 018C,Violence and sexual offences,Status update unavailable,
,2025-02,South Yorkshire Police,South Yorkshire Police,-1.461009,53.541608,On or near Cedar Crescent,E01007416,Barnsley 018D,Anti-social behaviour,,
947a0e6e7e3628985a1afd33121888b6573b3b64536dc007c4eecc725406adef,2025-02,South Yorkshire Police,South Yorkshire Police,-1.461009,53.541608,On or near Cedar Crescent,E01007416,Barnsley 018D,Criminal damage and arson,Investigation complete; no suspect identified,
5daa3765535ba4bd39d3715168739c7b072c8a6db80cab43d990cb58bec066b7,2025-02,South Yorkshire Police,South Yorkshire Police,-1.454148,53.538835,On or near Farm Road,E01007416,Barnsley 018D,Other theft,Investigation complete; no suspect identified,
56d8e35c206d86c58823edd35722e9ba053a91b5e5480754fca520d9272f9509,2025-02,South Yorkshire Police,South Yorkshire Police,-1.461793,53.540434,On or near Yews Lane,E01007416,Barnsley 018D,Public order,Unable to prosecute suspect,
7cf196eb677fb25e7390f0e07db02b264cba9798879b09b01ca290086e9b96a9,2025-02,South Yorkshire Police,South Yorkshire Police,-1.456689,53.540725,On or near Swanee Road,E01007416,Barnsley 018D,Vehicle crime,Investigation complete; no suspect identified,
6d745e6f9cf4f46a9d4075701da393b781af723d838bfbd9afef2eff37d4e58f,2025-02,South Yorkshire Police,South Yorkshire Police,-1.461009,53.541608,On or near Cedar Crescent,E01007416,Barnsley 018D,Other crime,Investigation complete; no suspect identified,
794c964ed2893d25c2871fe4d3c85d6e61f05d3ceedbe475f47537ef8a7eee55,2025-02,South Yorkshire Police,South Yorkshire Police,-1.516462,53.547102,On or near Sports/Recreation Area,E01007382,Barnsley 019A,Criminal damage and arson,Investigation complete; no suspect identified,
2e749622d25a921fe40c079fddcf68e19cb4002e99a7b16170a5d441248d2a1f,2025-02,South Yorkshire Police,South Yorkshire Police,-1.516462,53.547102,On or near Sports/Recreation Area,E01007382,Barnsley 019A,Other theft,Unable to prosecute suspect,
6de70ff1fd9721edafde25facb6028386d64f98b16b42b8d652116731fc9197c,2025-02,South Yorkshire Police,South Yorkshire Police,-1.527684,53.545026,On or near Mitchelson Avenue,E01007382,Barnsley 019A,Public order,Investigation complete; no suspect identified,
766502fa4c31b9177530bf7f53b0aba6686fc90b3502746fa613c488e0d4b5fd,2025-02,South Yorkshire Police,South Yorkshire Police,-1.524799,53.542507,On or near Tannery Court,E01007382,Barnsley 019A,Shoplifting,Investigation complete; no suspect identified,
1236c6cebf56b2a863774e3b514c27628c967b9891c98695aefe684252c8d920,2025-02,South Yorkshire Police,South Yorkshire Police,-1.524799,53.542507,On or near Tannery Court,E01007382,Barnsley 019A,Shoplifting,Investigation complete; no suspect identified,
985fdc6b74eab1938cf0f6136763e0b82be7423836c6075666fdc32b0c391a78,2025-02,South Yorkshire Police,South Yorkshire Police,-1.524799,53.542507,On or near Tannery Court,E01007382,Barnsley 019A,Shoplifting,Investigation complete; no suspect identified,
6d47e84322a2f740e46238d148c6c4fbbc6491ccfbcf1cbd76cea7ae3ecffb2f,2025-02,South Yorkshire Police,South Yorkshire Police,-1.522823,53.546481,On or near Barnsley Road,E01007382,Barnsley 019A,Violence and sexual offences,Unable to prosecute suspect,
290a048f98b6d1cb4890d9217d857e29ffcf4572f49f0a4f02cd6bc5712177b9,2025-02,South Yorkshire Police,South Yorkshire Police,-1.519590,53.546810,On or near Gate Crescent,E01007382,Barnsley 019A,Violence and sexual offences,Unable to prosecute suspect,
e4dd10a109d7a8140612e35039e3106319bdc13bef061fcc1272b994e5300f53,2025-02,South Yorkshire Police,South Yorkshire Police,-1.523163,53.541728,On or near High Street,E01007382,Barnsley 019A,Violence and sexual offences,Unable to prosecute suspect,
8b48eac2794780216145e79aee3fe618b13ed7f74cf8a25fcc8f67b9f8269fbf,2025-02,South Yorkshire Police,South Yorkshire Police,-1.518538,53.546401,On or near South Road,E01007382,Barnsley 019A,Violence and sexual offences,Investigation complete; no suspect identified,
c898d6813d714af9dcc302194673160c34800c33c92d8bdda573e1f23431aa85,2025-02,South Yorkshire Police,South Yorkshire Police,-1.526749,53.543594,On or near Cliffe Crescent,E01007382,Barnsley 019A,Violence and sexual offences,Unable to prosecute suspect,
4ccd106b12b6d095cbc2cc5e992362122c2b2416d4a8d764b4e8366efbfeebe4,2025-02,South Yorkshire Police,South Yorkshire Police,-1.523163,53.541728,On or near High Street,E01007382,Barnsley 019A,Violence and sexual offences,Unable to prosecute suspect,
226a9101ac81dc2b98ec0f0badc1a0e595403fab30eeeaf0ce96ab66e5f086dd,2025-02,South Yorkshire Police,South Yorkshire Police,-1.527684,53.545026,On or near Mitchelson Avenue,E01007382,Barnsley 019A,Violence and sexual offences,Unable to prosecute suspect,
494169d6d91641403b4d343206c83ac36ebf53787e6ce0cc79a30319d97756b5,2025-02,South Yorkshire Police,South Yorkshire Police,-1.523163,53.541728,On or near High Street,E01007382,Barnsley 019A,Other crime,Investigation complete; no suspect identified,
,2025-02,South Yorkshire Police,South Yorkshire Police,-1.516894,53.543698,On or near Low Pasture Close,E01007383,Barnsley 019B,Anti-social behaviour,,
e6cce1f9cffef1225b79131db0e01d6db5ff4e9366e6eaf0c7c2a35d52d395bb,2025-02,South Yorkshire Police,South Yorkshire Police,-1.516252,53.541749,On or near Sports/Recreation Area,E01007383,Barnsley 019B,Criminal damage and arson,Unable to prosecute suspect,
5e15b10c6fdde04acfc2156648b97e267818449dc4d3975607632bc03ee617db,2025-02,South Yorkshire Police,South Yorkshire Police,-1.518433,53.541044,On or near Langford Close,E01007383,Barnsley 019B,Criminal damage and arson,Investigation complete; no suspect identified,
826b517387c45c0d9a667e35849d7c90aff6df7e093ae1e462853e2b8f7903d3,2025-02,South Yorkshire Police,South Yorkshire Police,-1.517295,53.545524,On or near Wareham Grove,E01007383,Barnsley 019B,Criminal damage and arson,Local resolution,
3c376fb3846f43b0c8f11566e5154a97fbbc69e4ab31afda35c828c707e71eb5,2025-02,South Yorkshire Police,South Yorkshire Police,-1.520668,53.542212,On or near Rose Hill Drive,E01007383,Barnsley 019B,Public order,Unable to prosecute suspect,
86591855ebb9ce27f06bf632edafa7cfd4de8275de0d130664afb34a087cbda6,2025-02,South Yorkshire Police,South Yorkshire Police,-1.519407,53.544256,On or near Queen'S Drive,E01007383,Barnsley 019B,Violence and sexual offences,Unable to prosecute suspect,
bfea8e5fe7c859e8d8ff638677b6b3406fff8782093b503fad114c95e087c827,2025-02,South Yorkshire Police,South Yorkshire Police,-1.518433,53.541044,On or near Langford Close,E01007383,Barnsley 019B,Violence and sexual offences,Unable to prosecute suspect,
71cc65f6855f1374ddf56e2f8eeb45943f5a85add2470024746739b24960d54c,2025-02,South Yorkshire Police,South Yorkshire Police,-1.531400,53.546057,On or near Galpharm Way,E01007384,Barnsley 019C,Other theft,Investigation complete; no suspect identified,
a88f12bcb0accd49e017858471ddaf39a4939d13892774b7c38ec89dbc4d7b0e,2025-02,South Yorkshire Police,South Yorkshire Police,-1.519958,53.539865,On or near Sports/Recreation Area,E01007384,Barnsley 019C,Other theft,Local resolution,
f9a6efeb217c3fea72e8b48f908ed470b72a2e82904a5ec2a319d7ee41d4eb26,2025-02,South Yorkshire Police,South Yorkshire Police,-1.528272,53.542341,On or near Edale Rise,E01007384,Barnsley 019C,Other theft,Unable to prosecute suspect,
,2025-02,South Yorkshire Police,South Yorkshire Police,-1.514584,53.537118,On or near Saville Road,E01007385,Barnsley 019D,Anti-social behaviour,,
,2025-02,South Yorkshire Police,South Yorkshire Police,-1.509358,53.536297,On or near Gilroyd Lane,E01007385,Barnsley 019D,Anti-social behaviour,,
,2025-02,South Yorkshire Police,South Yorkshire Police,-1.510020,53.537801,On or near Low Street,E01007385,Barnsley 019D,Anti-social behaviour,,
,2025-02,South Yorkshire Police,South Yorkshire Police,-1.512031,53.536092,On or near Rockingham Road,E01007385,Barnsley 019D,Anti-social behaviour,,
74f449aee0bcc3608606edf009334125a5abc5518bae48a7605b33ba9289c218,2025-02,South Yorkshire Police,South Yorkshire Police,-1.516091,53.535992,On or near Calver Close,E01007385,Barnsley 019D,Criminal damage and arson,Investigation complete; no suspect identified,
cb5794e334d7a661b1b54cb67f64a7399be5149632c6f96e1f485d2932588132,2025-02,South Yorkshire Police,South Yorkshire Police,-1.510020,53.537801,On or near Low Street,E01007385,Barnsley 019D,Other theft,Investigation complete; no suspect identified,
d222e69512755eb103c94cc48f6c6170f43cebb18a0b46c301135ff353311166,2025-02,South Yorkshire Police,South Yorkshire Police,-1.514584,53.537118,On or near Saville Road,E01007385,Barnsley 019D,Other theft,Investigation complete; no suspect identified,
16797f3dc8ec9f944a014d97a304904d4a80d479c781673dafacc325ca777e42,2025-02,South Yorkshire Police,South Yorkshire Police,-1.518731,53.538726,On or near New Street,E01007385,Barnsley 019D,Possession of weapons,Awaiting court outcome,
a46214fc24513dcb751504560cc9889b6fa7293df1abdef099ca53edbb4b4595,2025-02,South Yorkshire Police,South Yorkshire Police,-1.518755,53.537890,On or near Rob Royd,E01007385,Barnsley 019D,Violence and sexual offences,Investigation complete; no suspect identified,
66a18cda5a3bb9bb5746c7e7acbeba0387deb7141f473c7b3fe2906013b6ffc8,2025-02,South Yorkshire Police,South Yorkshire Police,-1.514584,53.537118,On or near Saville Road,E01007385,Barnsley 019D,Violence and sexual offences,Investigation complete; no suspect identified,
3c659d72dea646c2199582268685ca5562255749e36ae913dfbc8d44c94e409a,2025-02,South Yorkshire Police,South Yorkshire Police,-1.517134,53.538504,On or near Fairway,E01007385,Barnsley 019D,Violence and sexual offences,Unable to prosecute suspect,
73e1385b2e10a51b28dbd1e92ee7a243028f4f6d2fd01e3b3478fff1faecb430,2025-02,South Yorkshire Police,South Yorkshire Police,-1.512031,53.536092,On or near Rockingham Road,E01007385,Barnsley 019D,Violence and sexual offences,Unable to prosecute suspect,
2db1b3d677547232e9e98695a205f7763ea0b186b1b0c7002e03c51b7408cdb6,2025-02,South Yorkshire Police,South Yorkshire Police,-1.514179,53.538258,On or near Green Lane,E01007385,Barnsley 019D,Violence and sexual offences,Local resolution,
fcaa38ecbf2b536282d8422e83bab919edb407cf8d7c43fbc57d013223b7a3a4,2025-02,South Yorkshire Police,South Yorkshire Police,-1.512031,53.536092,On or near Rockingham Road,E01007385,Barnsley 019D,Violence and sexual offences,Unable to prosecute suspect,
,2025-02,South Yorkshire Police,South Yorkshire Police,-1.379216,53.538766,On or near Farm Way,E01007348,Barnsley 020A,Anti-social behaviour,,
,2025-02,South Yorkshire Police,South Yorkshire Police,-1.380351,53.542682,On or near Bellbrooke Close,E01007348,Barnsley 020A,Anti-social behaviour,,
6146ed8bc2b307de79277c4863a192e7b689cb57aa9112677cff19db293b8a71,2025-02,South Yorkshire Police,South Yorkshire Police,-1.380741,53.541812,On or near Rose Avenue,E01007348,Barnsley 020A,Criminal damage and arson,Unable to prosecute suspect,
c80c95c86482bbb53c4caf72ed787223e88eb732ac23c7197c6853f5c734ab5b,2025-02,South Yorkshire Police,South Yorkshire Police,-1.377821,53.540296,On or near Highfield Range,E01007348,Barnsley 020A,Criminal damage and arson,Investigation complete; no suspect identified,
b54a55dd8d8b00f2f2ce698fddfea15e6a40434793407af21147c2a990b9f735,2025-02,South Yorkshire Police,South Yorkshire Police,-1.377226,53.536617,On or near East Street,E01007348,Barnsley 020A,Criminal damage and arson,Unable to prosecute suspect,
d4df8f12a0a5b1e7d39934a2824ab5114ba742bc3236d3ecace110d6ef739de0,2025-02,South Yorkshire Police,South Yorkshire Police,-1.375452,53.539277,On or near High View Close,E01007348,Barnsley 020A,Violence and sexual offences,Unable to prosecute suspect,
2bea5f3c77ad7467f48db2fb97d30e66a679e09f7138775e4c65c98b46e8c20e,2025-02,South Yorkshire Police,South Yorkshire Police,-1.378997,53.538298,On or near Highfield Road,E01007348,Barnsley 020A,Violence and sexual offences,Unable to prosecute suspect,
a8214ccc322d36767233d3560e8aabbc86570457ceab808652e360624db29038,2025-02,South Yorkshire Police,South Yorkshire Police,-1.378997,53.538298,On or near Highfield Road,E01007348,Barnsley 020A,Violence and sexual offences,Unable to prosecute suspect,
ba2a18a1b69d9d4be583fecf9b4fba5d7265f8e94af4bc155aa1f0ea59f90e7c,2025-02,South Yorkshire Police,South Yorkshire Police,-1.382776,53.541985,On or near Bellbrooke Avenue,E01007348,Barnsley 020A,Violence and sexual offences,Unable to prosecute suspect,
301623c3842e05fa20b77609b66b666621ae8feac58dbd0068fb00840664eb15,2025-02,South Yorkshire Police,South Yorkshire Police,-1.378997,53.538298,On or near Highfield Road,E01007348,Barnsley 020A,Violence and sexual offences,Unable to prosecute suspect,
33da14072ccb9aaa7b2b5bac0d979ed7844ec5b49d94d3dcce1f96118a4a43c0,2025-02,South Yorkshire Police,South Yorkshire Police,-1.377608,53.537320,On or near Illsley Road,E01007348,Barnsley 020A,Other crime,Investigation complete; no suspect identified,
0aec1c5310d095b5d63bde5a2d6c95f69581a23c026b23ff8f20843d02a9333d,2025-02,South Yorkshire Police,South Yorkshire Police,-1.352308,53.540071,On or near Mary Street,E01007349,Barnsley 020B,Criminal damage and arson,Investigation complete; no suspect identified,
db835555dc7d9951f433861f83b3c046a82e1195ec8d6b66a6c910011cb844b3,2025-02,South Yorkshire Police,South Yorkshire Police,-1.355003,53.533479,On or near Petrol Station,E01007349,Barnsley 020B,Other theft,Unable to prosecute suspect,
8642e00393d373eb7c625bef9977513c57701169f87d073e7c91b139e678c2bc,2025-02,South Yorkshire Police,South Yorkshire Police,-1.352308,53.540071,On or near Mary Street,E01007349,Barnsley 020B,Vehicle crime,Investigation complete; no suspect identified,
fe5f3f6596a38cfb79c01b69147c5a1d65a0502e25295dce4294019c2808cfee,2025-02,South Yorkshire Police,South Yorkshire Police,-1.355003,53.533479,On or near Petrol Station,E01007349,Barnsley 020B,Vehicle crime,Investigation complete; no suspect identified,
5cf08372e974f0d3102bb26c2980b6bc6ffc428abe7906c1dd2e1942c68ce86e,2025-02,South Yorkshire Police,South Yorkshire Police,-1.355003,53.533479,On or near Petrol Station,E01007349,Barnsley 020B,Violence and sexual offences,Unable to prosecute suspect,
,2025-02,South Yorkshire Police,South Yorkshire Police,-1.406299,53.548638,On or near Watering Lane,E01007350,Barnsley 020C,Anti-social behaviour,,
8b0b965805dee994070a37823e643948008718f5a366bd6a163984e1e37dd701,2025-02,South Yorkshire Police,South Yorkshire Police,-1.390298,53.540423,On or near Belvedere Drive,E01007350,Barnsley 020C,Criminal damage and arson,Investigation complete; no suspect identified,
94a02de8291476a4257d8dc32acf04d709820f98875baca93ed350cb717ff313,2025-02,South Yorkshire Police,South Yorkshire Police,-1.406299,53.548638,On or near Watering Lane,E01007350,Barnsley 020C,Criminal damage and arson,Investigation complete; no suspect identified,
7bdc411a480daf4f6346e2a44448fec83d6cab3250a734889503a8b8d28219e2,2025-02,South Yorkshire Police,South Yorkshire Police,-1.392236,53.537898,On or near Modena Court,E01007350,Barnsley 020C,Criminal damage and arson,Investigation complete; no suspect identified,
c14d1971d150b965f5a519b01527c4cf5bc4f8328d9817274d99339328d383ab,2025-02,South Yorkshire Police,South Yorkshire Police,-1.406299,53.548638,On or near Watering Lane,E01007350,Barnsley 020C,Criminal damage and arson,Unable to prosecute suspect,
d684688bd4dd3c85187f1e9a9f082a0c2a2691033a3cce7fb3794b3ff67d953f,2025-02,South Yorkshire Police,South Yorkshire Police,-1.392236,53.537898,On or near Modena Court,E01007350,Barnsley 020C,Public order,Investigation complete; no suspect identified,
2e715d2d929a487e592b21f766601926610a33a32a279fb841c7eba765687970,2025-02,South Yorkshire Police,South Yorkshire Police,-1.386706,53.537358,On or near Dartree Walk,E01007350,Barnsley 020C,Shoplifting,Investigation complete; no suspect identified,
c3caad21bed148c8bc30a1ebb3f04afb5187b1785d86df267b5b3f48beed2238,2025-02,South Yorkshire Police,South Yorkshire Police,-1.385872,53.534504,On or near Milano Rise,E01007350,Barnsley 020C,Violence and sexual offences,Local resolution,
0a45b9f16565017748be34508427054f48c508ef693cd0103449cca28f7859cf,2025-02,South Yorkshire Police,South Yorkshire Police,-1.385872,53.534504,On or near Milano Rise,E01007350,Barnsley 020C,Violence and sexual offences,Unable to prosecute suspect,
5f38fd30026cf484464b9ab05c5e27463d39b80e839923dc2517a58a1daeec18,2025-02,South Yorkshire Police,South Yorkshire Police,-1.385872,53.534504,On or near Milano Rise,E01007350,Barnsley 020C,Violence and sexual offences,Unable to prosecute suspect,
82a4323b116062b18476538712cbc7ceed4cd2231a8e1c61a5a00351f85da717,2025-02,South Yorkshire Police,South Yorkshire Police,-1.383698,53.538727,On or near Bly Road,E01007350,Barnsley 020C,Violence and sexual offences,Unable to prosecute suspect,
bdcba025e2f26c979e268567789a4a6836ca3aaa4ab5a188ab8d7c1402223b7c,2025-02,South Yorkshire Police,South Yorkshire Police,-1.382796,53.540592,On or near Saltersbrook Road,E01007350,Barnsley 020C,Other crime,Investigation complete; no suspect identified,
,2025-02,South Yorkshire Police,South Yorkshire Police,-1.364880,53.546970,On or near Ings Lane,E01007351,Barnsley 020D,Anti-social behaviour,,
,2025-02,South Yorkshire Police,South Yorkshire Police,-1.364880,53.546970,On or near Ings Lane,E01007351,Barnsley 020D,Anti-social behaviour,,
34345237f3176c97a71bd050e99858774550be24a78b3d381594dac85078c7e7,2025-02,South Yorkshire Police,South Yorkshire Police,-1.349154,53.541052,On or near Parking Area,E01007351,Barnsley 020D,Criminal damage and arson,Unable to prosecute suspect,
a7923633dd72ba9f583c84fcda1a47c3443a48c04f6e20892e86e3657f89d844,2025-02,South Yorkshire Police,South Yorkshire Police,-1.349154,53.541052,On or near Parking Area,E01007351,Barnsley 020D,Robbery,Investigation complete; no suspect identified,
2d8d94a7c8fd50a15e035f6247dfa6b265b537be53032f25b8809bb639e2bf3d,2025-02,South Yorkshire Police,South Yorkshire Police,-1.375124,53.534862,On or near Nanny Marr Crescent,E01007351,Barnsley 020D,Shoplifting,Investigation complete; no suspect identified,
ceee882af9bf2ffaa238cf833ae351edea501ac506791969f3375ec523c82665,2025-02,South Yorkshire Police,South Yorkshire Police,-1.375124,53.534862,On or near Nanny Marr Crescent,E01007351,Barnsley 020D,Shoplifting,Awaiting court outcome,
491f5198a33b63d01cef9e08e9b833f79c3cad5a3f0d1bfe12bd0715e957601e,2025-02,South Yorkshire Police,South Yorkshire Police,-1.349154,53.541052,On or near Parking Area,E01007351,Barnsley 020D,Violence and sexual offences,Unable to prosecute suspect,
73778358aa4e4b63ad862c7125bf08c524dd6e453987e070a17869414849d1b5,2025-02,South Yorkshire Police,South Yorkshire Police,-1.361878,53.534837,On or near Howard Street,E01007351,Barnsley 020D,Violence and sexual offences,Offender given a caution,
3b5311843f8c266c5c7a363942b585cc1fb9ec0b1422f1e85e73aef0a0c9bcd7,2025-02,South Yorkshire Police,South Yorkshire Police,-1.349154,53.541052,On or near Parking Area,E01007351,Barnsley 020D,Violence and sexual offences,Investigation complete; no suspect identified,
5f21ac71422da9a3153a79603180e85e78f8f4052910c1712b785aa690701b99,2025-02,South Yorkshire Police,South Yorkshire Police,-1.349154,53.541052,On or near Parking Area,E01007351,Barnsley 020D,Violence and sexual offences,Unable to prosecute suspect,
1b35c157bde6a906bb6f6b260b5e1fc8d080a0c69f7554fe426b009bd5f602f1,2025-02,South Yorkshire Police,South Yorkshire Police,-1.360548,53.533958,On or near Balkley Lane,E01007351,Barnsley 020D,Violence and sexual offences,Unable to prosecute suspect,
ed22523cb811cc87f33e1638770c2b3b255d7375c912e7ca2b8cd4e862d43279,2025-02,South Yorkshire Police,South Yorkshire Police,-1.361878,53.534837,On or near Howard Street,E01007351,Barnsley 020D,Violence and sexual offences,Unable to prosecute suspect,
2b242a52826bfe0f2e3c5e51944b917dcf4ac17e46b16041a1c010e0af955d8c,2025-02,South Yorkshire Police,South Yorkshire Police,-1.364880,53.546970,On or near Ings Lane,E01007351,Barnsley 020D,Other crime,Awaiting court outcome,
912224bffa6aa6a2755e6f30cf7e7925b6dbb0710742a8a9f672f8c649eccbcd,2025-02,South Yorkshire Police,South Yorkshire Police,-1.372833,53.535776,On or near Victoria Street,E01007351,Barnsley 020D,Other crime,Further investigation is not in the public interest,
,2025-02,South Yorkshire Police,South Yorkshire Police,-1.379155,53.532627,On or near Beech Court,E01007352,Barnsley 020E,Anti-social behaviour,,
,2025-02,South Yorkshire Police,South Yorkshire Police,-1.375698,53.533840,On or near Garden Street,E01007352,Barnsley 020E,Anti-social behaviour,,
972e7f41e736e80bdca168fa100e1df6f5cfdf76f2b66314ed01bddb5254a85a,2025-02,South Yorkshire Police,South Yorkshire Police,-1.381298,53.536728,On or near Morrison Place,E01007352,Barnsley 020E,Criminal damage and arson,Unable to prosecute suspect,
91dac56be991110a4da3c77b41968261252298b0fb10ec2357ad5395567e0368,2025-02,South Yorkshire Police,South Yorkshire Police,-1.383297,53.533134,On or near Primrose Avenue,E01007352,Barnsley 020E,Other theft,Investigation complete; no suspect identified,
54001a67b460d32a646414f8c9e13755cdee8ea262ef4c0d0375d0cb3a70b198,2025-02,South Yorkshire Police,South Yorkshire Police,-1.381298,53.536728,On or near Morrison Place,E01007352,Barnsley 020E,Public order,Investigation complete; no suspect identified,
f947be45f286486ffa6a94a6c648eb28783139eceafa1e9ff93e43a7514732c8,2025-02,South Yorkshire Police,South Yorkshire Police,-1.375698,53.533840,On or near Garden Street,E01007352,Barnsley 020E,Shoplifting,Investigation complete; no suspect identified,
46e8aac5873171a89e036be18d1b7f01122c2cda5968d59350ff1ec1f0b063ed,2025-02,South Yorkshire Police,South Yorkshire Police,-1.382500,53.532968,On or near Verona Rise,E01007352,Barnsley 020E,Vehicle crime,Investigation complete; no suspect identified,
038c4ae2429acdca0dbb8b1701e11f6a72aaf8be4eb5bc06d487bdb3c3c8d463,2025-02,South Yorkshire Police,South Yorkshire Police,-1.375698,53.533840,On or near Garden Street,E01007352,Barnsley 020E,Vehicle crime,Unable to prosecute suspect,
bab32962aa1a40016f25d65c3774aa941a42e68896a37fb0ef311193c61f4afc,2025-02,South Yorkshire Police,South Yorkshire Police,-1.378374,53.534439,On or near West Street,E01007352,Barnsley 020E,Violence and sexual offences,Investigation complete; no suspect identified,
cc1862fc9b0af259f81e399d4cf2738c268b1f87a3e302bc0ba682d569328da7,2025-02,South Yorkshire Police,South Yorkshire Police,-1.382843,53.537392,On or near Clarney Place,E01007352,Barnsley 020E,Violence and sexual offences,Unable to prosecute suspect,
57f5ea508f04787f84e15235fdeef1cb48b1ff4b0f8a9befde89585e148536e3,2025-02,South Yorkshire Police,South Yorkshire Police,-1.382500,53.532968,On or near Verona Rise,E01007352,Barnsley 020E,Violence and sexual offences,Unable to prosecute suspect,
894d230d65ad1daff9d94b4f6c201a7cbd682eadbef3fff19a66fa9634999393,2025-02,South Yorkshire Police,South Yorkshire Police,-1.380640,53.536311,On or near Woodhall Road,E01007352,Barnsley 020E,Violence and sexual offences,Unable to prosecute suspect,
534fdaf68c31c56c31ef5527a2084f32fe41298b9002baedb669bef12f038357,2025-02,South Yorkshire Police,South Yorkshire Police,-1.383297,53.533134,On or near Primrose Avenue,E01007352,Barnsley 020E,Other crime,Unable to prosecute suspect,
,2025-02,South Yorkshire Police,South Yorkshire Police,-1.381849,53.532066,On or near Owram Street,E01007353,Barnsley 020F,Anti-social behaviour,,
bf810e1c0a0573f04ae9f0b942bd05b7ac06c06e26796431e00bd1d85273e7d5,2025-02,South Yorkshire Police,South Yorkshire Police,-1.386107,53.531845,On or near Snape Hill Road,E01007353,Barnsley 020F,Possession of weapons,Investigation complete; no suspect identified,
2c206997a6920e4b9d0ec6c27e5070c11a92ff0e4d7101770db1d4e5c23fda95,2025-02,South Yorkshire Police,South Yorkshire Police,-1.386432,53.530175,On or near Bole Close,E01007353,Barnsley 020F,Public order,Investigation complete; no suspect identified,
25274cd29fff07e0059ecb0e4f63f6adb792998d4376ead8aa7bafa2cc8cfe65,2025-02,South Yorkshire Police,South Yorkshire Police,-1.375038,53.533576,On or near Thomas Street,E01007353,Barnsley 020F,Vehicle crime,Investigation complete; no suspect identified,
26a7c5d62105600b03317431e9b03abde1b25b21f0a6bb5c4bfdb47c9c698ab0,2025-02,South Yorkshire Police,South Yorkshire Police,-1.375038,53.533576,On or near Thomas Street,E01007353,Barnsley 020F,Violence and sexual offences,Unable to prosecute suspect,
08311b2539719f8610647f1fa48c756c6b24a8ddd0504f1172f45a743514c7f9,2025-02,South Yorkshire Police,South Yorkshire Police,-1.386432,53.530175,On or near Bole Close,E01007353,Barnsley 020F,Violence and sexual offences,Unable to prosecute suspect,
4277ccba1c38f71bada0c894a5763a34e64978e56628a78e70b50dec269dabbc,2025-02,South Yorkshire Police,South Yorkshire Police,-1.379762,53.531408,On or near Maytree Close,E01007353,Barnsley 020F,Violence and sexual offences,Unable to prosecute suspect,
bb017d08863e7815496f146f7684bafcd500df399c642846feb33ee5e9d5319f,2025-02,South Yorkshire Police,South Yorkshire Police,-1.372581,53.531379,On or near Springfield Crescent,E01007353,Barnsley 020F,Violence and sexual offences,Unable to prosecute suspect,
c84cd28b94250a24b84e6b336da067cdc369f732c5808718c41c9ce1eab947dd,2025-02,South Yorkshire Police,South Yorkshire Police,-1.386107,53.531845,On or near Snape Hill Road,E01007353,Barnsley 020F,Violence and sexual offences,Unable to prosecute suspect,
,2025-02,South Yorkshire Police,South Yorkshire Police,-1.350642,53.557230,On or near Garraby Close,E01007354,Barnsley 020G,Anti-social behaviour,,
d4e556de0051e1b78381280ec05a8cb8366d9f380f12c4e6f038933b9ac177de,2025-02,South Yorkshire Police,South Yorkshire Police,-1.352199,53.556070,On or near School Street,E01007354,Barnsley 020G,Burglary,Investigation complete; no suspect identified,
28a8cc2fa261f633024d5f3f605d1384c9e25951057a56d37208dfa1bac19fa5,2025-02,South Yorkshire Police,South Yorkshire Police,-1.349663,53.552945,On or near Petrol Station,E01007354,Barnsley 020G,Burglary,Investigation complete; no suspect identified,
9f6f556ab00a65d5ec5506ecd639ffb95404536af4eebdf5b2eb6526b3a008ed,2025-02,South Yorkshire Police,South Yorkshire Police,-1.350760,53.556395,On or near Springvale Road,E01007354,Barnsley 020G,Public order,Unable to prosecute suspect,
b39f0b61dc825a6d2af21179628b9e038f7028ca40844c5b27741bf6f9168de3,2025-02,South Yorkshire Police,South Yorkshire Police,-1.350152,53.556679,On or near Normandale Road,E01007354,Barnsley 020G,Violence and sexual offences,Unable to prosecute suspect,
,2025-02,South Yorkshire Police,South Yorkshire Police,-1.454924,53.528933,On or near New Street,E01007458,Barnsley 021A,Anti-social behaviour,,
,2025-02,South Yorkshire Police,South Yorkshire Police,-1.457480,53.529619,On or near B6100,E01007458,Barnsley 021A,Anti-social behaviour,,
8228046b9649541927924abf0c907df94e505e567754ab615a72f75e3227a713,2025-02,South Yorkshire Police,South Yorkshire Police,-1.458352,53.532167,On or near High Street,E01007458,Barnsley 021A,Other theft,Investigation complete; no suspect identified,
bd91974800de27e7b38598ab904386bb8bd3983cdeff4cabaa6c087b1ba87604,2025-02,South Yorkshire Police,South Yorkshire Police,-1.455864,53.530933,On or near George Street,E01007458,Barnsley 021A,Public order,Investigation complete; no suspect identified,
8b95a46e1ca7d70fbb4ae502aa3a5949379074f0efbb7c10db49bff7600e5d7b,2025-02,South Yorkshire Police,South Yorkshire Police,-1.455864,53.530933,On or near George Street,E01007458,Barnsley 021A,Public order,Investigation complete; no suspect identified,
2faaf53b053db4a470ea2a9e56bbec2e8661579865ba3b4aacb9dfa9578b7146,2025-02,South Yorkshire Police,South Yorkshire Police,-1.458433,53.531790,On or near Darley Yard,E01007458,Barnsley 021A,Public order,Investigation complete; no suspect identified,
b5253402933eb3c85600fec16d059c3af67e477b2f3cf51fc4d1cea5c95962e9,2025-02,South Yorkshire Police,South Yorkshire Police,-1.456338,53.532778,On or near Grove Street,E01007458,Barnsley 021A,Public order,Unable to prosecute suspect,
88bafae8567ff5f131c7b85029787f671cbfe698f59d3599193cf808187eb2cf,2025-02,South Yorkshire Police,South Yorkshire Police,-1.458433,53.531790,On or near Darley Yard,E01007458,Barnsley 021A,Violence and sexual offences,Investigation complete; no suspect identified,
13265985538b0e770c6bf37be729ddd0ca5d39fed96d764efe3f6d621c6e3aa5,2025-02,South Yorkshire Police,South Yorkshire Police,-1.457480,53.529619,On or near B6100,E01007458,Barnsley 021A,Violence and sexual offences,Unable to prosecute suspect,
3a5805001c0dd950f8717ceda195de49eddf2de742c63a5da67d5367b1eaf7d7,2025-02,South Yorkshire Police,South Yorkshire Police,-1.455339,53.530652,On or near Pantry Green,E01007458,Barnsley 021A,Violence and sexual offences,Unable to prosecute suspect,
db9772b6a0bf32577a84a7e709a07a9c862e2be1affe7865bd9f9f92117ea1af,2025-02,South Yorkshire Police,South Yorkshire Police,-1.457480,53.529619,On or near B6100,E01007458,Barnsley 021A,Violence and sexual offences,Unable to prosecute suspect,
d2747abe92ec02850bac36090fe722c093496e4ec9660bb38dd302d5cb6e6165,2025-02,South Yorkshire Police,South Yorkshire Police,-1.477813,53.535966,On or near Napier Mount,E01007459,Barnsley 021B,Burglary,Investigation complete; no suspect identified,
e2c78e7d8735b8bb28a5d872f1be43e871fb14ac8a97d01096e4f23964f7c882,2025-02,South Yorkshire Police,South Yorkshire Police,-1.471874,53.526996,On or near Kendal Vale,E01007459,Barnsley 021B,Other theft,Investigation complete; no suspect identified,
4579890cfc3fde94b9a7aedaa9f2d276b7edbb731255c7969ccfd2653ea82651,2025-02,South Yorkshire Police,South Yorkshire Police,-1.471874,53.526996,On or near Kendal Vale,E01007459,Barnsley 021B,Possession of weapons,Investigation complete; no suspect identified,
6d931b0a2204338deab2d14c32b1d00eecbd69bbe0bcd55b47ea9d0e2ba40696,2025-02,South Yorkshire Police,South Yorkshire Police,-1.469578,53.527264,On or near New Street,E01007459,Barnsley 021B,Violence and sexual offences,Unable to prosecute suspect,
6a99ebc49a6a11a1230d423c882080c520dc79789b7be03ede58e2dfc31ac5a1,2025-02,South Yorkshire Police,South Yorkshire Police,-1.471874,53.526996,On or near Kendal Vale,E01007459,Barnsley 021B,Violence and sexual offences,Investigation complete; no suspect identified,
,2025-02,South Yorkshire Police,South Yorkshire Police,-1.468038,53.534556,On or near Blackburn Lane,E01007460,Barnsley 021C,Anti-social behaviour,,
,2025-02,South Yorkshire Police,South Yorkshire Police,-1.481725,53.538059,On or near Cromwell Mount,E01007460,Barnsley 021C,Anti-social behaviour,,
e4d2c119fabfd9043f0918ee54c7844a31e076d91e5ceef44364824526f11ce2,2025-02,South Yorkshire Police,South Yorkshire Police,-1.472196,53.535051,On or near Flax Lea,E01007460,Barnsley 021C,Other theft,Unable to prosecute suspect,
9d0802a690b8f0b6f92976c134955173f5438807ce655ce2ae6123ee361d1cbb,2025-02,South Yorkshire Police,South Yorkshire Police,-1.476862,53.536006,On or near Beverley Avenue,E01007460,Barnsley 021C,Public order,Unable to prosecute suspect,
ffb899ef7d42d8e19bb5b6fa18b5bf26e7d1907d7a6a305f93048e5a40cabbb5,2025-02,South Yorkshire Police,South Yorkshire Police,-1.476862,53.536006,On or near Beverley Avenue,E01007460,Barnsley 021C,Violence and sexual offences,Unable to prosecute suspect,
e4a23e4a751b30fb2f94e062c3051e55601779945612c75493deeba371f1057d,2025-02,South Yorkshire Police,South Yorkshire Police,-1.476488,53.538180,On or near Brow Close,E01007460,Barnsley 021C,Violence and sexual offences,Status update unavailable,
0a0b3f39cd437f539141533758f1a00a3abf4c0770166ab467ea06a36303cbf8,2025-02,South Yorkshire Police,South Yorkshire Police,-1.472196,53.535051,On or near Flax Lea,E01007460,Barnsley 021C,Violence and sexual offences,Unable to prosecute suspect,
0b0f5a5ca0994953853f269db87e8b9f0801e466857b18d04da40374f9aebc63,2025-02,South Yorkshire Police,South Yorkshire Police,-1.476488,53.538180,On or near Brow Close,E01007460,Barnsley 021C,Violence and sexual offences,Status update unavailable,
8965052f8e9d72079dac0eb2454f99a26a8da1bf6c17b5c7397265cd7cf7a8c8,2025-02,South Yorkshire Police,South Yorkshire Police,-1.476862,53.536006,On or near Beverley Avenue,E01007460,Barnsley 021C,Violence and sexual offences,Unable to prosecute suspect,
9dfc16989a9bf24f0ed43ecc834e39fcab62783bc0f6a898b0d81d186399e57d,2025-02,South Yorkshire Police,South Yorkshire Police,-1.481725,53.538059,On or near Cromwell Mount,E01007460,Barnsley 021C,Violence and sexual offences,Unable to prosecute suspect,
5e5279f23a36924da536e861aef3a4c0f4c4bbd3b75f0080de9ce48f9ab9c07e,2025-02,South Yorkshire Police,South Yorkshire Police,-1.476862,53.536006,On or near Beverley Avenue,E01007460,Barnsley 021C,Violence and sexual offences,Unable to prosecute suspect,
656e28bdb29725592457db4b7f1bf49e44b9b624e9bd9c3cf3f629ec1ae230bd,2025-02,South Yorkshire Police,South Yorkshire Police,-1.476862,53.536006,On or near Beverley Avenue,E01007460,Barnsley 021C,Violence and sexual offences,Unable to prosecute suspect,
b5cdd8a757c1afc6ed4e6ea83aa4ab9c7b31cd3e1b16ad377bd8aa5a1fc77e3b,2025-02,South Yorkshire Police,South Yorkshire Police,-1.468236,53.540463,On or near Upper Sheffield Road,E01007460,Barnsley 021C,Violence and sexual offences,Unable to prosecute suspect,
cb3edd97f34cdf0bc030f136c702b0fbdd9b90f7aef2224f0b6628a85bc7b2dd,2025-02,South Yorkshire Police,South Yorkshire Police,-1.476488,53.538180,On or near Brow Close,E01007460,Barnsley 021C,Other crime,Status update unavailable,
,2025-02,South Yorkshire Police,South Yorkshire Police,-1.468000,53.532803,On or near Arthur Street,E01007461,Barnsley 021D,Anti-social behaviour,,
6f1e584408985ea17ab311e669565456152eea681c08223f83399512506df68d,2025-02,South Yorkshire Police,South Yorkshire Police,-1.458303,53.536032,On or near Overdale Avenue,E01007461,Barnsley 021D,Criminal damage and arson,Investigation complete; no suspect identified,
96ccd4167ef7f23e979b4bb07b716ba1e457b642469ec81be4bffb6dbdb16d73,2025-02,South Yorkshire Police,South Yorkshire Police,-1.458303,53.536032,On or near Overdale Avenue,E01007461,Barnsley 021D,Violence and sexual offences,Investigation complete; no suspect identified,
3460b2c0e6ebd872e9cac933764cf326a5561f28a8cb60ff07279f596d428fa9,2025-02,South Yorkshire Police,South Yorkshire Police,-1.461976,53.533163,On or near Yewdale,E01007461,Barnsley 021D,Violence and sexual offences,Further action is not in the public interest,
63a02caecbf32963feee6c9d0bb629dbb796d96057056e24c2baf144ce68dbc5,2025-02,South Yorkshire Police,South Yorkshire Police,-1.459117,53.536125,On or near Cross Street,E01007461,Barnsley 021D,Violence and sexual offences,Status update unavailable,
dfe3c318aed8a0b9f68c6c777e0df9ef5194d73b0c1825d240311ad139886023,2025-02,South Yorkshire Police,South Yorkshire Police,-1.468159,53.533361,On or near Blackburn Street,E01007461,Barnsley 021D,Violence and sexual offences,Unable to prosecute suspect,
,2025-02,South Yorkshire Police,South Yorkshire Police,-1.452711,53.535584,On or near Parking Area,E01007462,Barnsley 021E,Anti-social behaviour,,
,2025-02,South Yorkshire Police,South Yorkshire Police,-1.453718,53.534734,On or near Maltas Court,E01007462,Barnsley 021E,Anti-social behaviour,,
,2025-02,South Yorkshire Police,South Yorkshire Police,-1.448075,53.534762,On or near Hunningley Lane,E01007462,Barnsley 021E,Anti-social behaviour,,
,2025-02,South Yorkshire Police,South Yorkshire Police,-1.456429,53.535106,On or near Wellington Crescent,E01007462,Barnsley 021E,Anti-social behaviour,,
,2025-02,South Yorkshire Police,South Yorkshire Police,-1.453718,53.534734,On or near Maltas Court,E01007462,Barnsley 021E,Anti-social behaviour,,
,2025-02,South Yorkshire Police,South Yorkshire Police,-1.448075,53.534762,On or near Hunningley Lane,E01007462,Barnsley 021E,Anti-social behaviour,,
,2025-02,South Yorkshire Police,South Yorkshire Police,-1.451067,53.534381,On or near Darley,E01007462,Barnsley 021E,Anti-social behaviour,,
cb68bb7d7a2a756c48cfdc34ef24e3c40a8c96d724ee417394f7a3a4c2d73e83,2025-02,South Yorkshire Police,South Yorkshire Police,-1.452711,53.535584,On or near Parking Area,E01007462,Barnsley 021E,Burglary,Investigation complete; no suspect identified,
b9695c104202c60b466285b80972978a1a7723f08bb013de35a7a3f10503f951,2025-02,South Yorkshire Police,South Yorkshire Police,-1.453718,53.534734,On or near Maltas Court,E01007462,Barnsley 021E,Criminal damage and arson,Unable to prosecute suspect,
4754e881be029012081f1f2fb39ca4ac6195e563081d294e0c363332f58efbc5,2025-02,South Yorkshire Police,South Yorkshire Police,-1.453718,53.534734,On or near Maltas Court,E01007462,Barnsley 021E,Criminal damage and arson,Investigation complete; no suspect identified,
9b657bed3ccf8f5a2cd527d4c27a7f0f1b45826573c905879c1d185c247510c1,2025-02,South Yorkshire Police,South Yorkshire Police,-1.453718,53.534734,On or near Maltas Court,E01007462,Barnsley 021E,Criminal damage and arson,Investigation complete; no suspect identified,
b1e5b83401dbfde730cbb3190bc309fe34456713fed3e7b1720e53c9a024a60f,2025-02,South Yorkshire Police,South Yorkshire Police,-1.456429,53.535106,On or near Wellington Crescent,E01007462,Barnsley 021E,Other theft,Unable to prosecute suspect,
a2899c4e40ee71f384f5d4f51b616ffbe753fe24ed3a548dc7fb761ab772013e,2025-02,South Yorkshire Police,South Yorkshire Police,-1.452711,53.535584,On or near Parking Area,E01007462,Barnsley 021E,Possession of weapons,Offender given a caution,
dd4c0c1309f7748a633eb5dad1012041b88e57a24acab49a2c80e70f3e4ccd74,2025-02,South Yorkshire Police,South Yorkshire Police,-1.452711,53.535584,On or near Parking Area,E01007462,Barnsley 021E,Public order,Investigation complete; no suspect identified,
73d30ddc3ff35fe38c632db2330d5097ad24388566abab697491ea1b4e1bff10,2025-02,South Yorkshire Police,South Yorkshire Police,-1.446035,53.533800,On or near Swaithe View,E01007462,Barnsley 021E,Violence and sexual offences,Local resolution,
e2cf958f0bed7bfc2a28f1f76d3d2f651eb037c6f6147e0826968993aea7a880,2025-02,South Yorkshire Police,South Yorkshire Police,-1.453718,53.534734,On or near Maltas Court,E01007462,Barnsley 021E,Violence and sexual offences,Unable to prosecute suspect,
21727623e7e6fafdca3414083e123320762949ae4b14ea443aed968f3fa398f4,2025-02,South Yorkshire Police,South Yorkshire Police,-1.456429,53.535106,On or near Wellington Crescent,E01007462,Barnsley 021E,Violence and sexual offences,Unable to prosecute suspect,
f6db2a2550af164e3c305c5182d7f1e20aef2f957e98cb76109127e30faf58eb,2025-02,South Yorkshire Police,South Yorkshire Police,-1.453718,53.534734,On or near Maltas Court,E01007462,Barnsley 021E,Violence and sexual offences,Investigation complete; no suspect identified,
eb6c62b001c03ae80e8148ad0da6882cfc87476f9a381c97fee92aa2edd3ff61,2025-02,South Yorkshire Police,South Yorkshire Police,-1.456429,53.535106,On or near Wellington Crescent,E01007462,Barnsley 021E,Other crime,Unable to prosecute suspect,
8ba58daa880d2c4b43f00e07910f811b2673f4573dfd66d5516987d6629e851e,2025-02,South Yorkshire Police,South Yorkshire Police,-1.456002,53.534268,On or near Melton Terrace,E01007462,Barnsley 021E,Other crime,Unable to prosecute suspect,
,2025-02,South Yorkshire Police,South Yorkshire Police,-1.471506,53.531129,On or near Roundwood Court,E01007463,Barnsley 021F,Anti-social behaviour,,
,2025-02,South Yorkshire Police,South Yorkshire Police,-1.465014,53.529105,On or near Underhill,E01007463,Barnsley 021F,Anti-social behaviour,,
fd7500170a60daccfe76312bc9fc182ee5c652c236830d61a77b38ecf38d1c8c,2025-02,South Yorkshire Police,South Yorkshire Police,-1.465585,53.530456,On or near Broomroyd,E01007463,Barnsley 021F,Drugs,Local resolution,
72a25b5b2892a737a41dd3eb18d543e79aed93e19d751bde4e6474ca84c05112,2025-02,South Yorkshire Police,South Yorkshire Police,-1.463815,53.528470,On or near Elmsdale,E01007463,Barnsley 021F,Other theft,Investigation complete; no suspect identified,
8d5e9dab2fb469d366540404e84c1335b71c9c12881ae00e4c782e585690a027,2025-02,South Yorkshire Police,South Yorkshire Police,-1.467901,53.531050,On or near Ashover Close,E01007463,Barnsley 021F,Other theft,Status update unavailable,
98282e570703cd180fcfbd10484dbadf5f2331a35e75ae85cf3b4a50875b9ba5,2025-02,South Yorkshire Police,South Yorkshire Police,-1.467640,53.531400,On or near John Street,E01007463,Barnsley 021F,Public order,Unable to prosecute suspect,
6d43f469d5d7e188530660ad58af4768d4cd9e0ea7298de0ca2ca1924fc4a571,2025-02,South Yorkshire Police,South Yorkshire Police,-1.465585,53.530456,On or near Broomroyd,E01007463,Barnsley 021F,Vehicle crime,Investigation complete; no suspect identified,
57bda040f627cabb3df1ab5f22186010a21bcb1ff1748f8ca129f24406d37f20,2025-02,South Yorkshire Police,South Yorkshire Police,-1.469020,53.530875,On or near Edmund Street,E01007463,Barnsley 021F,Violence and sexual offences,Investigation complete; no suspect identified,
023bb351a8352a8528c22399aba8add6f37e429079efb933db0d00d5f2c54f97,2025-02,South Yorkshire Police,South Yorkshire Police,-1.467901,53.531050,On or near Ashover Close,E01007463,Barnsley 021F,Violence and sexual offences,Unable to prosecute suspect,
32cfe63719a3e04481dc72d68c25b9fc249db5f9d91ba4380d2baa870a4d8365,2025-02,South Yorkshire Police,South Yorkshire Police,-1.470721,53.533588,On or near Meadow View,E01007463,Barnsley 021F,Violence and sexual offences,Unable to prosecute suspect,
cfb4bf49abd444f803aa49df330bf286f41af21e924c6fadd6829a07f1b63b9b,2025-02,South Yorkshire Police,South Yorkshire Police,-1.469020,53.530875,On or near Edmund Street,E01007463,Barnsley 021F,Violence and sexual offences,Awaiting court outcome,
b9940c2b6a355e5e124282b614559ab1e169ec5453a8a6d38eb253c02d9509cc,2025-02,South Yorkshire Police,South Yorkshire Police,-1.463815,53.528470,On or near Elmsdale,E01007463,Barnsley 021F,Violence and sexual offences,Unable to prosecute suspect,
a54fe7f399641e6e2a7b1248a471cf5ef1beb500b24eb3ab46e41ab230cca43d,2025-02,South Yorkshire Police,South Yorkshire Police,-1.465899,53.531904,On or near Clayroyd,E01007463,Barnsley 021F,Violence and sexual offences,Local resolution,
7922fbe7fd20cbfa1cd76f4ca07156c3d90a26f3480509eaad5b1e3f5e932668,2025-02,South Yorkshire Police,South Yorkshire Police,-1.469020,53.530875,On or near Edmund Street,E01007463,Barnsley 021F,Violence and sexual offences,Awaiting court outcome,
02fcd93fde71ba8c52b91305721735e967095711f79ea4bf51c055b4a46658b9,2025-02,South Yorkshire Police,South Yorkshire Police,-1.466569,53.529031,On or near Lewdendale,E01007463,Barnsley 021F,Violence and sexual offences,Unable to prosecute suspect,
23264d8083b5c6320cc86666d6e375b9acf1060632d1261d7948e646ecbb8da5,2025-02,South Yorkshire Police,South Yorkshire Police,-1.463815,53.528470,On or near Elmsdale,E01007463,Barnsley 021F,Violence and sexual offences,Unable to prosecute suspect,
5c19fd7560c11006e6542bad1079c0136f39cca3c9597a1c01e8504073726d09,2025-02,South Yorkshire Police,South Yorkshire Police,-1.467640,53.531400,On or near John Street,E01007463,Barnsley 021F,Other crime,Unable to prosecute suspect,
,2025-02,South Yorkshire Police,South Yorkshire Police,-1.304292,53.532709,On or near High Street,E01007369,Barnsley 022A,Anti-social behaviour,,
,2025-02,South Yorkshire Police,South Yorkshire Police,-1.303202,53.531112,On or near Albert Road,E01007369,Barnsley 022A,Anti-social behaviour,,
,2025-02,South Yorkshire Police,South Yorkshire Police,-1.305204,53.531366,On or near Melton Avenue,E01007369,Barnsley 022A,Anti-social behaviour,,
26fc7d9ff00be6721ee9d6d03b647b29894bd2cea5e1fca0d717c6e59152bb9a,2025-02,South Yorkshire Police,South Yorkshire Police,-1.304292,53.532709,On or near High Street,E01007369,Barnsley 022A,Bicycle theft,Unable to prosecute suspect,
98219e8322e9be6a32e8d3b680b080b662cce1b07d60db5f4e4e4b141ff23183,2025-02,South Yorkshire Police,South Yorkshire Police,-1.304888,53.533189,On or near Jackson Street,E01007369,Barnsley 022A,Burglary,Investigation complete; no suspect identified,
a902edc50bb054d5578f1365d2b6f736491c536446bf13e0fbbf7cfe63919572,2025-02,South Yorkshire Police,South Yorkshire Police,-1.304888,53.533189,On or near Jackson Street,E01007369,Barnsley 022A,Burglary,Investigation complete; no suspect identified,
8a00426b17607949d6b4dad2dbd44a25063dd0405bdb296d95154166a6d8df24,2025-02,South Yorkshire Police,South Yorkshire Police,-1.299816,53.533321,On or near Cross Street,E01007369,Barnsley 022A,Burglary,Investigation complete; no suspect identified,
c969e820bb80f19584d4505c07f5359f2df6affee08b7645759fab65189f2479,2025-02,South Yorkshire Police,South Yorkshire Police,-1.295454,53.531660,On or near Shafton Gate,E01007369,Barnsley 022A,Burglary,Unable to prosecute suspect,
0de7fa69cfdb30cd1d6d9ab3367c8e5fb3b57377a1c472fa25a7b93de8ddd5ee,2025-02,South Yorkshire Police,South Yorkshire Police,-1.305853,53.533213,On or near Leadley Street,E01007369,Barnsley 022A,Burglary,Investigation complete; no suspect identified,
fe14af48af7e9a2479b1dd5653eb42f74cf0a79d53461ed67edcbb9ebdad1c20,2025-02,South Yorkshire Police,South Yorkshire Police,-1.301923,53.533684,On or near Market Street,E01007369,Barnsley 022A,Burglary,Investigation complete; no suspect identified,
11886c7daed9fa0a977c29def3e727ac86d6fdae7887b1c6b6b2601ecbb82b40,2025-02,South Yorkshire Police,South Yorkshire Police,-1.304888,53.533189,On or near Jackson Street,E01007369,Barnsley 022A,Burglary,Investigation complete; no suspect identified,
1b46874c09dd86ca487988a7d27766005d85114e7370b101b14276e39bf37ccc,2025-02,South Yorkshire Police,South Yorkshire Police,-1.293544,53.534894,On or near Pickhill'S Avenue,E01007369,Barnsley 022A,Burglary,Investigation complete; no suspect identified,
e8d9c57858b0cd2a99727f0a3674496dbbb40991e128aa52e45bca833157b079,2025-02,South Yorkshire Police,South Yorkshire Police,-1.304888,53.533189,On or near Jackson Street,E01007369,Barnsley 022A,Burglary,Investigation complete; no suspect identified,
78dd3337fa1b66dd25395471dce4344cf1fd2da2e274b6efdd29e1d096f02443,2025-02,South Yorkshire Police,South Yorkshire Police,-1.304888,53.533189,On or near Jackson Street,E01007369,Barnsley 022A,Criminal damage and arson,Investigation complete; no suspect identified,
4279660effcc25a4aa85a6c8bbb2007c20f6fd3bd7d14fb47b6507676b7f9d8f,2025-02,South Yorkshire Police,South Yorkshire Police,-1.305853,53.533213,On or near Leadley Street,E01007369,Barnsley 022A,Criminal damage and arson,Investigation complete; no suspect identified,
9e871159664a279db647e94bea40507f00b9279c8c430635aa442400f06f0cee,2025-02,South Yorkshire Police,South Yorkshire Police,-1.304292,53.532709,On or near High Street,E01007369,Barnsley 022A,Criminal damage and arson,Investigation complete; no suspect identified,
780072410f28d440869d0c61cb88a348d438a227370225c5117e3a04b5b4fa42,2025-02,South Yorkshire Police,South Yorkshire Police,-1.295454,53.531660,On or near Shafton Gate,E01007369,Barnsley 022A,Criminal damage and arson,Unable to prosecute suspect,
9ea3bb9fe5137d6fdb585d5013b5cad91645c6c25f924786412286c1f0c84b93,2025-02,South Yorkshire Police,South Yorkshire Police,-1.304292,53.532709,On or near High Street,E01007369,Barnsley 022A,Criminal damage and arson,Investigation complete; no suspect identified,
883241da6a07225c6f7f26bac5413abd8a33df490642de7c2518346ecf1b189a,2025-02,South Yorkshire Police,South Yorkshire Police,-1.305853,53.533213,On or near Leadley Street,E01007369,Barnsley 022A,Criminal damage and arson,Investigation complete; no suspect identified,
15f8922c5b77b96c02889a12a0262380a34f249c70cd42708f567e9c32e88e0f,2025-02,South Yorkshire Police,South Yorkshire Police,-1.301923,53.533684,On or near Market Street,E01007369,Barnsley 022A,Other theft,Investigation complete; no suspect identified,
f2ca3c008c1edc3de881f060c52f1e5b7ed9ab0a72e015f4d9b72ddf0a28fa61,2025-02,South Yorkshire Police,South Yorkshire Police,-1.305853,53.533213,On or near Leadley Street,E01007369,Barnsley 022A,Other theft,Investigation complete; no suspect identified,
b412020bc01f14e2b83bf9aba62af92c76e8d8e469a38d1e9f0ee467f1a2f455,2025-02,South Yorkshire Police,South Yorkshire Police,-1.301638,53.530815,On or near Wellington Street,E01007369,Barnsley 022A,Public order,Unable to prosecute suspect,
9eb5e8a665e34ca33df81debdbee0774c1f30224a2ff407668e41d53b045cac1,2025-02,South Yorkshire Police,South Yorkshire Police,-1.304888,53.533189,On or near Jackson Street,E01007369,Barnsley 022A,Public order,Investigation complete; no suspect identified,
224eab70959c8ffbebd896e5b6adca4807b318b9eae7ba36858235185f606881,2025-02,South Yorkshire Police,South Yorkshire Police,-1.303202,53.531112,On or near Albert Road,E01007369,Barnsley 022A,Public order,Status update unavailable,
ce657650a702e880fd67731bb9e24d989b4a2a8e5630b47f32133aa760fa2e0b,2025-02,South Yorkshire Police,South Yorkshire Police,-1.304888,53.533189,On or near Jackson Street,E01007369,Barnsley 022A,Robbery,Status update unavailable,
e7cd8d01f5fd85cc85e0243f1e58ebeb91b970816a1f011d3a453fa3be5e40b6,2025-02,South Yorkshire Police,South Yorkshire Police,-1.293544,53.534894,On or near Pickhill'S Avenue,E01007369,Barnsley 022A,Vehicle crime,Investigation complete; no suspect identified,
fcc87e70d47d1b0f6f5599cc840092e6d67db1c5ebe745b4ae934899c437a6a1,2025-02,South Yorkshire Police,South Yorkshire Police,-1.303202,53.531112,On or near Albert Road,E01007369,Barnsley 022A,Vehicle crime,Unable to prosecute suspect,
22b163c5a0c802141fe49c44953c664f615f21d214cf0cb6c24ff216c43bfd05,2025-02,South Yorkshire Police,South Yorkshire Police,-1.291580,53.531439,On or near Ceramia Court,E01007369,Barnsley 022A,Violence and sexual offences,Unable to prosecute suspect,
3b9a41e2b0ce48f900a88f6141f0e341b6d81db615372ad0c61c96916a5daa97,2025-02,South Yorkshire Police,South Yorkshire Police,-1.303202,53.531112,On or near Albert Road,E01007369,Barnsley 022A,Violence and sexual offences,Status update unavailable,
85cc9ba92c9693c800ff9b51ad7cff864627f57aa8acc836a3cf96a1ea57ff47,2025-02,South Yorkshire Police,South Yorkshire Police,-1.305204,53.531366,On or near Melton Avenue,E01007369,Barnsley 022A,Violence and sexual offences,Unable to prosecute suspect,
6ecc8eb1a37972c73a99cc58537e40cbd2f5752086d17eb71e025f717cc852a3,2025-02,South Yorkshire Police,South Yorkshire Police,-1.303202,53.531112,On or near Albert Road,E01007369,Barnsley 022A,Violence and sexual offences,Unable to prosecute suspect,
85541ced886aef9df61bfa0e998a5d1d8b4c9c5b2f2cc49e205a27713af928bf,2025-02,South Yorkshire Police,South Yorkshire Police,-1.301923,53.533684,On or near Market Street,E01007369,Barnsley 022A,Violence and sexual offences,Unable to prosecute suspect,
ffea2987362c3739adc4f96c8eb0b3d6d42215ddf20179a566e25ec0f12caae9,2025-02,South Yorkshire Police,South Yorkshire Police,-1.304292,53.532709,On or near High Street,E01007369,Barnsley 022A,Violence and sexual offences,Unable to prosecute suspect,
304b5e1612dc6834289b5335ba2a40aa8d8366ca78bb9cce34b4dd7207ad392b,2025-02,South Yorkshire Police,South Yorkshire Police,-1.301786,53.532848,On or near Market Square,E01007369,Barnsley 022A,Violence and sexual offences,Unable to prosecute suspect,
2b26876c401e1c0d1b811299dd5c22a4cd7d85e5fe01d700fb57c7240a3bb3fc,2025-02,South Yorkshire Police,South Yorkshire Police,-1.304888,53.533189,On or near Jackson Street,E01007369,Barnsley 022A,Violence and sexual offences,Investigation complete; no suspect identified,
ddc954b8d30aee09e2a817eba178fbffdca1830097d6586f3b0f12cb30dc0496,2025-02,South Yorkshire Police,South Yorkshire Police,-1.305204,53.531366,On or near Melton Avenue,E01007369,Barnsley 022A,Violence and sexual offences,Unable to prosecute suspect,
966e03ef466849c160c8f97dd1c2e4cdd06ee8784790214f91aa01202725b0d0,2025-02,South Yorkshire Police,South Yorkshire Police,-1.300927,53.533661,On or near Co-Operative Street,E01007369,Barnsley 022A,Violence and sexual offences,Unable to prosecute suspect,
cf5dd9c67758cf70a012b887cc3ec8ca3c1ac8c0f3ad744673bbbb976206bdc0,2025-02,South Yorkshire Police,South Yorkshire Police,-1.301923,53.533684,On or near Market Street,E01007369,Barnsley 022A,Violence and sexual offences,Unable to prosecute suspect,
480b55d7a5d9e3d1fd459836f681895f29cc6a5d221507687bd2541b0871c965,2025-02,South Yorkshire Police,South Yorkshire Police,-1.305204,53.531366,On or near Melton Avenue,E01007369,Barnsley 022A,Violence and sexual offences,Unable to prosecute suspect,
57309da06915c16d2b548bcd9f00298f27fc7697ecdcd7439764791442546c4c,2025-02,South Yorkshire Police,South Yorkshire Police,-1.295454,53.531660,On or near Shafton Gate,E01007369,Barnsley 022A,Violence and sexual offences,Unable to prosecute suspect,
aa62140ff953324eb3864bbad3b037690628b9eef544a6d7b15dc24b02e770cf,2025-02,South Yorkshire Police,South Yorkshire Police,-1.305853,53.533213,On or near Leadley Street,E01007369,Barnsley 022A,Other crime,Investigation complete; no suspect identified,
2e5516677a5502d60e58801ba9f6c957c43b7b4e5301615e8912ecf969978e55,2025-02,South Yorkshire Police,South Yorkshire Police,-1.295968,53.532508,On or near Meltonfield,E01007369,Barnsley 022A,Other crime,Awaiting court outcome,
83f0c226d4a8cc04c2d784e5c15d2930a1f5d36a5ac86860cf7fdc23dd53caa0,2025-02,South Yorkshire Police,South Yorkshire Police,-1.304292,53.532709,On or near High Street,E01007369,Barnsley 022A,Other crime,Unable to prosecute suspect,
3a9905efac8c1dd29756e3696748eecf3e9b1dfdaae26a93ab9d3ac3ef8cfb1e,2025-02,South Yorkshire Police,South Yorkshire Police,-1.296471,53.534003,On or near Kingsmark Way,E01007369,Barnsley 022A,Other crime,Unable to prosecute suspect,
,2025-02,South Yorkshire Police,South Yorkshire Police,-1.297432,53.528777,On or near Far Moor Close,E01007370,Barnsley 022B,Anti-social behaviour,,
,2025-02,South Yorkshire Police,South Yorkshire Police,-1.310412,53.530264,On or near Welfare View,E01007370,Barnsley 022B,Anti-social behaviour,,
287be593af0ab29a7ab48ca934b9172a3404a462a000455e3d6dceef8d6c9316,2025-02,South Yorkshire Police,South Yorkshire Police,-1.307887,53.528739,On or near Lincroft,E01007370,Barnsley 022B,Burglary,Unable to prosecute suspect,
195a36d522802dfc91c2ecfb379f1a5ffff88c6c23145d45ebee73391c100a38,2025-02,South Yorkshire Police,South Yorkshire Police,-1.308665,53.531036,On or near Homecroft Road,E01007370,Barnsley 022B,Burglary,Investigation complete; no suspect identified,
1951e21b1587d18c4833626d51f4d1fb188215b0bd8cc911653301fa5f6eb383,2025-02,South Yorkshire Police,South Yorkshire Police,-1.309341,53.527936,On or near Sports/Recreation Area,E01007370,Barnsley 022B,Criminal damage and arson,Investigation complete; no suspect identified,
dcffde550532030c93732da0d99ba965332b9df89bffe830338c205f54cdd91b,2025-02,South Yorkshire Police,South Yorkshire Police,-1.307049,53.530209,On or near B6098,E01007370,Barnsley 022B,Criminal damage and arson,Investigation complete; no suspect identified,
fb82f0991432f0b104ab23fa6570e927311721153fd6e64fbfcf699e10da94ca,2025-02,South Yorkshire Police,South Yorkshire Police,-1.310412,53.530264,On or near Welfare View,E01007370,Barnsley 022B,Public order,Unable to prosecute suspect,
b8774f1abf4c5302cd1780975b826a52813377a708da8b8ff76acc68076070e5,2025-02,South Yorkshire Police,South Yorkshire Police,-1.306275,53.530465,On or near Orchard Street,E01007370,Barnsley 022B,Public order,Unable to prosecute suspect,
be2f96b02af600642e4bd540313b29a6e85b7062bb7591c11e01f21d8caef56f,2025-02,South Yorkshire Police,South Yorkshire Police,-1.307016,53.529435,On or near Goldthorpe Road,E01007370,Barnsley 022B,Robbery,Investigation complete; no suspect identified,
d0cf51fe1b98168b6a110fb9d3e209abf2b1d06eaeaf91cfd932b045946b7190,2025-02,South Yorkshire Police,South Yorkshire Police,-1.309341,53.527936,On or near Sports/Recreation Area,E01007370,Barnsley 022B,Vehicle crime,Investigation complete; no suspect identified,
07fcc4f7358ca506f16b0985236bcb9440eaf3580f54baccab3c57484d599f2a,2025-02,South Yorkshire Police,South Yorkshire Police,-1.308391,53.530252,On or near Hope Avenue,E01007370,Barnsley 022B,Violence and sexual offences,Local resolution,
3eee1098fe9210a3ae444c919ae5d79ef941621743ebd1cce5efe90b9a314cfe,2025-02,South Yorkshire Police,South Yorkshire Police,-1.306275,53.530465,On or near Orchard Street,E01007370,Barnsley 022B,Violence and sexual offences,Unable to prosecute suspect,
799fb4f3b81ddf8a1a52c09badd0c02e34d577adecae53432a52cd1714a03006,2025-02,South Yorkshire Police,South Yorkshire Police,-1.306275,53.530465,On or near Orchard Street,E01007370,Barnsley 022B,Violence and sexual offences,Unable to prosecute suspect,
745c17c595ba5e0dd939dbf04ebcccf3815518e1c9c74af537a7a7b974053738,2025-02,South Yorkshire Police,South Yorkshire Police,-1.307887,53.528739,On or near Lincroft,E01007370,Barnsley 022B,Violence and sexual offences,Further investigation is not in the public interest,
6cd90f56d1c10205c14cd7148144b50d5737c55f6f98c08be390a4c919e0a925,2025-02,South Yorkshire Police,South Yorkshire Police,-1.308391,53.530252,On or near Hope Avenue,E01007370,Barnsley 022B,Violence and sexual offences,Unable to prosecute suspect,
a67b54096170980445dc8fdc1017b42c5ed0709744d6bb0996de70748df6d9fd,2025-02,South Yorkshire Police,South Yorkshire Police,-1.307887,53.528739,On or near Lincroft,E01007370,Barnsley 022B,Violence and sexual offences,Unable to prosecute suspect,
b32f471919603ef6f4a5d68cfdd1ae8e4a167616a0cddb5df392697d3ce15858,2025-02,South Yorkshire Police,South Yorkshire Police,-1.307016,53.529435,On or near Goldthorpe Road,E01007370,Barnsley 022B,Violence and sexual offences,Status update unavailable,
58a1b0c92aa5277d2ace0434481633180bf41bd2cfa5689284e1e835327f5143,2025-02,South Yorkshire Police,South Yorkshire Police,-1.307016,53.529435,On or near Goldthorpe Road,E01007370,Barnsley 022B,Violence and sexual offences,Status update unavailable,
296618c78b595a341ba63b512d7ac6f17f2804295af344f1e34204a029c70f0e,2025-02,South Yorkshire Police,South Yorkshire Police,-1.307016,53.529435,On or near Goldthorpe Road,E01007370,Barnsley 022B,Violence and sexual offences,Status update unavailable,
87775072abebeb2c44dc830b5f1912a2f408a3d93b5d041598cb83c4d5bc62fa,2025-02,South Yorkshire Police,South Yorkshire Police,-1.307887,53.528739,On or near Lincroft,E01007370,Barnsley 022B,Violence and sexual offences,Unable to prosecute suspect,
2f48bc2197aeb045d7f71dd265b0e246cb15632fa585da98f14458e247b99e0d,2025-02,South Yorkshire Police,South Yorkshire Police,-1.307887,53.528739,On or near Lincroft,E01007370,Barnsley 022B,Other crime,Unable to prosecute suspect,
1398405c976c5bea027b80bba2633b404b7ead097b2afb7e88903edd3c78ae57,2025-02,South Yorkshire Police,South Yorkshire Police,-1.309341,53.527936,On or near Sports/Recreation Area,E01007370,Barnsley 022B,Other crime,Local resolution,
,2025-02,South Yorkshire Police,South Yorkshire Police,-1.309157,53.527659,On or near Goldthorpe Green,E01007371,Barnsley 022C,Anti-social behaviour,,
,2025-02,South Yorkshire Police,South Yorkshire Police,-1.309157,53.527659,On or near Goldthorpe Green,E01007371,Barnsley 022C,Anti-social behaviour,,
ba70ce39eb466707930795fb619bf0c20c300874979ab637d4a070225ddbe8c8,2025-02,South Yorkshire Police,South Yorkshire Police,-1.309595,53.529459,On or near Washington Road,E01007371,Barnsley 022C,Criminal damage and arson,Unable to prosecute suspect,
43a85b4454dcd66f670642dc746ffd354111777f3e08647eb671af58e23ff0f3,2025-02,South Yorkshire Police,South Yorkshire Police,-1.309595,53.529459,On or near Washington Road,E01007371,Barnsley 022C,Criminal damage and arson,Unable to prosecute suspect,
59841de674c69ddbe79053d3ea69a82848c784ac26c75facf596bec0cb652c85,2025-02,South Yorkshire Police,South Yorkshire Police,-1.313969,53.532316,On or near Rosegreave,E01007371,Barnsley 022C,Criminal damage and arson,Investigation complete; no suspect identified,
0464d554e8f5f4e7b73a7af60bcdc7744ea2f95ebf7d4a69c5fa4c7ba8e5ec40,2025-02,South Yorkshire Police,South Yorkshire Police,-1.321632,53.526778,On or near Commercial Road,E01007371,Barnsley 022C,Vehicle crime,Investigation complete; no suspect identified,
b006dc24a906e3926673d9776d08ec9c115a86b67c850c28c6dc5e97f6c499be,2025-02,South Yorkshire Police,South Yorkshire Police,-1.321632,53.526778,On or near Commercial Road,E01007371,Barnsley 022C,Vehicle crime,Investigation complete; no suspect identified,
f8c3dc01d331e0daa6c64b581558cc2ead5ecdc4e03606243f12bb3a445c7743,2025-02,South Yorkshire Police,South Yorkshire Police,-1.311012,53.532362,On or near Sankey Square,E01007371,Barnsley 022C,Violence and sexual offences,Unable to prosecute suspect,
816dea9a672aee46c50b6f0b61aa3254037b26e27fe845e3d05acd7dd92554f1,2025-02,South Yorkshire Police,South Yorkshire Police,-1.311012,53.532362,On or near Sankey Square,E01007371,Barnsley 022C,Violence and sexual offences,Unable to prosecute suspect,
cd4bcb97220a4af4116f49d18f3524ae6262494e8f03ea7d4c4eb3044beae2bd,2025-02,South Yorkshire Police,South Yorkshire Police,-1.311012,53.532362,On or near Sankey Square,E01007371,Barnsley 022C,Violence and sexual offences,Unable to prosecute suspect,
2c6320da52d4f7014a72323c65e2bc13bb2764fd4300c0578d697dc50bab621e,2025-02,South Yorkshire Police,South Yorkshire Police,-1.317518,53.530215,On or near Highgate Court,E01007371,Barnsley 022C,Violence and sexual offences,Unable to prosecute suspect,
764438883436a60cd57fe289c5bf14bf9a684c2a0e5ef3b6a5b34ab8f79920bf,2025-02,South Yorkshire Police,South Yorkshire Police,-1.311012,53.532362,On or near Sankey Square,E01007371,Barnsley 022C,Other crime,Unable to prosecute suspect,
,2025-02,South Yorkshire Police,South Yorkshire Police,-1.301886,53.534969,On or near Main Street,E01007376,Barnsley 022D,Anti-social behaviour,,
,2025-02,South Yorkshire Police,South Yorkshire Police,-1.301886,53.534969,On or near Main Street,E01007376,Barnsley 022D,Anti-social behaviour,,
,2025-02,South Yorkshire Police,South Yorkshire Police,-1.301886,53.534969,On or near Main Street,E01007376,Barnsley 022D,Anti-social behaviour,,
,2025-02,South Yorkshire Police,South Yorkshire Police,-1.301886,53.534969,On or near Main Street,E01007376,Barnsley 022D,Anti-social behaviour,,
98e1bf12982bb0671f839f97e07e7cc47c9e998abe2b9e46ac8f0e19fbcbfd36,2025-02,South Yorkshire Police,South Yorkshire Police,-1.304630,53.535111,On or near King Street,E01007376,Barnsley 022D,Burglary,Investigation complete; no suspect identified,
cfdc7db59d9618a45c5bff555a051139bd9670df9148d85b06ce376599770b9e,2025-02,South Yorkshire Police,South Yorkshire Police,-1.306224,53.534545,On or near Kelly Street,E01007376,Barnsley 022D,Burglary,Investigation complete; no suspect identified,
7c330c1d53412211e6d4b1fb6405c97a4ec003064029f07d57446abf65c7218c,2025-02,South Yorkshire Police,South Yorkshire Police,-1.301886,53.534969,On or near Main Street,E01007376,Barnsley 022D,Criminal damage and arson,Status update unavailable,
cbb9a8b18b11edb06e5eeac5d22f5513ba6c99e6a7043a9c53bb9977d0b9615b,2025-02,South Yorkshire Police,South Yorkshire Police,-1.305740,53.534578,On or near Queen Street,E01007376,Barnsley 022D,Criminal damage and arson,Investigation complete; no suspect identified,
6ba8929baf5aaecc2940457dbb979d5d51cb5219c2162aa07f6d8c9a7a9849ff,2025-02,South Yorkshire Police,South Yorkshire Police,-1.298104,53.535604,On or near Hamilton Road,E01007376,Barnsley 022D,Criminal damage and arson,Investigation complete; no suspect identified,
231a31cae669412a6f8bf7b6a0500c21c63998feabb0090096368abbfc8d9bb8,2025-02,South Yorkshire Police,South Yorkshire Police,-1.297702,53.536194,On or near Kathleen Street,E01007376,Barnsley 022D,Criminal damage and arson,Investigation complete; no suspect identified,
047493947f34950f92704f33d169acfab980ae4ef6924fe334769e5183103c70,2025-02,South Yorkshire Police,South Yorkshire Police,-1.301886,53.534969,On or near Main Street,E01007376,Barnsley 022D,Criminal damage and arson,Status update unavailable,
e4b5becfd0dfa8463a5c8610e7f98439749a461fab5642659bd1679d49aca2d5,2025-02,South Yorkshire Police,South Yorkshire Police,-1.303972,53.534784,On or near Elizabeth Street,E01007376,Barnsley 022D,Criminal damage and arson,Investigation complete; no suspect identified,
b4ae5e5ab468fd01f589e9177233f17180964b696b8b01cba725f5ccae0ced62,2025-02,South Yorkshire Police,South Yorkshire Police,-1.307454,53.534013,On or near Charles Street,E01007376,Barnsley 022D,Criminal damage and arson,Investigation complete; no suspect identified,
56211ae3612bc8befec56261fcaca730bd1b1488f54527b48d3bb7bb4315d555,2025-02,South Yorkshire Police,South Yorkshire Police,-1.318469,53.533007,On or near Rowan Close,E01007376,Barnsley 022D,Other theft,Investigation complete; no suspect identified,
d44e7ecc6182a9025d91e82aacd37fe6b5241e934a776148dc70b50312d27a4a,2025-02,South Yorkshire Police,South Yorkshire Police,-1.301886,53.534969,On or near Main Street,E01007376,Barnsley 022D,Public order,Status update unavailable,
f8b0dd90711304239b4c594ab4a72375b50fa2546ec1bf728fa19e66f72a9661,2025-02,South Yorkshire Police,South Yorkshire Police,-1.303972,53.534784,On or near Elizabeth Street,E01007376,Barnsley 022D,Robbery,Unable to prosecute suspect,
8a977c5a0aa82b1f273327d761b957c8ddbff2be400dd05d930a20a919e2d18d,2025-02,South Yorkshire Police,South Yorkshire Police,-1.288857,53.537284,On or near Doncaster Road,E01007376,Barnsley 022D,Vehicle crime,Investigation complete; no suspect identified,
ba94f8254c8e96fcf7bdb99cc47da3f5546d85222662674364d0113cf8f5f1c6,2025-02,South Yorkshire Police,South Yorkshire Police,-1.301886,53.534969,On or near Main Street,E01007376,Barnsley 022D,Violence and sexual offences,Investigation complete; no suspect identified,
ed663dcc8d75fe6240c137672e9d0a6ca4bcc55efecaf76f5201ee10054c74d5,2025-02,South Yorkshire Police,South Yorkshire Police,-1.318469,53.533007,On or near Rowan Close,E01007376,Barnsley 022D,Violence and sexual offences,Unable to prosecute suspect,
b781dcdc318c937063f63367f420751a81282cd32307e4f852b56c663676d130,2025-02,South Yorkshire Police,South Yorkshire Police,-1.297494,53.535986,On or near Nora Street,E01007376,Barnsley 022D,Violence and sexual offences,Unable to prosecute suspect,
81b161ced700adb98afdfcd2e10f63b062a9a17b9db982d9fb0604f360a5a0e7,2025-02,South Yorkshire Police,South Yorkshire Police,-1.297702,53.536194,On or near Kathleen Street,E01007376,Barnsley 022D,Violence and sexual offences,Unable to prosecute suspect,
08e1f4c438c6857182c1851be0fe9c3b127a8fc28072ddac5e9b0c7b46afe1e4,2025-02,South Yorkshire Police,South Yorkshire Police,-1.315268,53.533177,On or near Halfway Close,E01007376,Barnsley 022D,Other crime,Unable to prosecute suspect,
367cbda6d78aaf54e89c7ace36881a71cf3d2a5abb07d63ab71e137a169b746e,2025-02,South Yorkshire Police,South Yorkshire Police,-1.411923,53.525071,On or near Newsome Avenue,E01007447,Barnsley 023A,Burglary,Investigation complete; no suspect identified,
fde44e341f3fb542bc6ed88f2a5df04b8a6e847c301847a84b3e0524f6bed8f8,2025-02,South Yorkshire Police,South Yorkshire Police,-1.414126,53.526134,On or near Wainwright Place,E01007447,Barnsley 023A,Other theft,Unable to prosecute suspect,
0b3fa63f4c90131d940396da4b1f312217f413169645bd5ac959c2a27673699b,2025-02,South Yorkshire Police,South Yorkshire Police,-1.415726,53.528263,On or near Willow Garth,E01007447,Barnsley 023A,Possession of weapons,Awaiting court outcome,
46af9827a171a318ac7e318f8fed48dc2524f0f747ac4e5bea5f802a303a6bc7,2025-02,South Yorkshire Police,South Yorkshire Police,-1.418110,53.528239,On or near Aldham House Lane,E01007447,Barnsley 023A,Violence and sexual offences,Investigation complete; no suspect identified,
8a4d5a20cece93fd8a2476960d1fe49f340988e041105d38a171834b9a34dcf9,2025-02,South Yorkshire Police,South Yorkshire Police,-1.415726,53.528263,On or near Willow Garth,E01007447,Barnsley 023A,Violence and sexual offences,Awaiting court outcome,
4a803dd0a9941fa73e766b02b78a2aa1676d74adb405a932a3234b21d1e533d5,2025-02,South Yorkshire Police,South Yorkshire Police,-1.418110,53.528239,On or near Aldham House Lane,E01007447,Barnsley 023A,Other crime,Unable to prosecute suspect,
,2025-02,South Yorkshire Police,South Yorkshire Police,-1.403175,53.525001,On or near Lower York Street,E01007448,Barnsley 023B,Anti-social behaviour,,
,2025-02,South Yorkshire Police,South Yorkshire Police,-1.402492,53.525303,On or near Rimington Road,E01007448,Barnsley 023B,Anti-social behaviour,,
,2025-02,South Yorkshire Police,South Yorkshire Police,-1.399812,53.526045,On or near Littlefield Lane,E01007448,Barnsley 023B,Anti-social behaviour,,
,2025-02,South Yorkshire Police,South Yorkshire Police,-1.407817,53.530732,On or near Bradbury Balk Lane,E01007448,Barnsley 023B,Anti-social behaviour,,
,2025-02,South Yorkshire Police,South Yorkshire Police,-1.399812,53.526045,On or near Littlefield Lane,E01007448,Barnsley 023B,Anti-social behaviour,,
,2025-02,South Yorkshire Police,South Yorkshire Police,-1.399812,53.526045,On or near Littlefield Lane,E01007448,Barnsley 023B,Anti-social behaviour,,
,2025-02,South Yorkshire Police,South Yorkshire Police,-1.406739,53.525810,On or near Myrtle Road,E01007448,Barnsley 023B,Anti-social behaviour,,
c4feddf13551a8ab74bc5d436131c62b5aca03ea3e3c5c6bc099f0ec53c8f5a6,2025-02,South Yorkshire Police,South Yorkshire Police,-1.408066,53.524729,On or near Frederick Street,E01007448,Barnsley 023B,Criminal damage and arson,Investigation complete; no suspect identified,
453aac2a772f095066309789041532d64dbaac37ea3cb57c2f75d32a5504b70b,2025-02,South Yorkshire Police,South Yorkshire Police,-1.407428,53.525094,On or near Princess Street,E01007448,Barnsley 023B,Drugs,Awaiting court outcome,
22b8b6fd3b1c55a83c79b6adec99439c7242391f114f6427bc73aed5966ce486,2025-02,South Yorkshire Police,South Yorkshire Police,-1.408066,53.524729,On or near Frederick Street,E01007448,Barnsley 023B,Drugs,Awaiting court outcome,
8f7ad80f7ae6345aa16e008863649b3cdb40eeb89372b9741742d6e462ec73c9,2025-02,South Yorkshire Police,South Yorkshire Police,-1.408132,53.526500,On or near John Street,E01007448,Barnsley 023B,Public order,Unable to prosecute suspect,
83a9f695b33af28cb77471a031a1ee0ac0062b98d0ea05e8fc73ea852e0ea853,2025-02,South Yorkshire Police,South Yorkshire Police,-1.397822,53.522781,On or near New Street,E01007448,Barnsley 023B,Public order,Investigation complete; no suspect identified,
92f61560484797325ff82aaa8fb2c4795b8d3859483a6bbda3d603713946eb67,2025-02,South Yorkshire Police,South Yorkshire Police,-1.409891,53.529079,On or near Barnsley Road,E01007448,Barnsley 023B,Vehicle crime,Unable to prosecute suspect,
0cffd319571281b01ecda891d1f3bf4197c4f07d9786e63320c8be32efb379e0,2025-02,South Yorkshire Police,South Yorkshire Police,-1.408132,53.526500,On or near John Street,E01007448,Barnsley 023B,Violence and sexual offences,Unable to prosecute suspect,
86099d8ef0860f1101d6bb52efd84792ef141ec3d9947fcdd3a7795bd8de5524,2025-02,South Yorkshire Police,South Yorkshire Police,-1.403817,53.524429,On or near York Street,E01007448,Barnsley 023B,Violence and sexual offences,Unable to prosecute suspect,
861374e33bbe4533832668f63f005fa9157e052bee2f6ed811fd8057a8c5e938,2025-02,South Yorkshire Police,South Yorkshire Police,-1.399812,53.526045,On or near Littlefield Lane,E01007448,Barnsley 023B,Violence and sexual offences,Status update unavailable,
2c055f1b47553f85916030a14f82c3f6d80c96c6b2b066663299f9bf2311ef24,2025-02,South Yorkshire Police,South Yorkshire Police,-1.402576,53.523605,On or near Cemetery Road,E01007448,Barnsley 023B,Other crime,Unable to prosecute suspect,
,2025-02,South Yorkshire Police,South Yorkshire Police,-1.389941,53.529599,On or near Bramham Croft,E01007449,Barnsley 023C,Anti-social behaviour,,
8b11a30af153f3fdb6b62a7f4cbec4301d68207d6ab57886484ce11aa856d9c6,2025-02,South Yorkshire Police,South Yorkshire Police,-1.404990,53.524705,On or near Bond Street,E01007449,Barnsley 023C,Burglary,Investigation complete; no suspect identified,
ee1d8f5e5edd26e634f5063a38eb49c6f23944748a9537e48d3b8abd598bf315,2025-02,South Yorkshire Police,South Yorkshire Police,-1.396841,53.522785,On or near Smith Street,E01007449,Barnsley 023C,Criminal damage and arson,Investigation complete; no suspect identified,
237edb1643222a2c70381fb0487c47f1e42439430eb0d76124d32029eb70610c,2025-02,South Yorkshire Police,South Yorkshire Police,-1.404990,53.524705,On or near Bond Street,E01007449,Barnsley 023C,Other theft,Unable to prosecute suspect,
302f2576ccdee6265adcaba5434bd86fd38f4d19d8f345f20e3094edbf479763,2025-02,South Yorkshire Police,South Yorkshire Police,-1.399209,53.522824,On or near High Street,E01007449,Barnsley 023C,Public order,Investigation complete; no suspect identified,
f0cba248e04c3c5f9d0e62cbf9d37f7018cc60f82fa910efddb64c5189bf8e7a,2025-02,South Yorkshire Police,South Yorkshire Police,-1.389941,53.529599,On or near Bramham Croft,E01007449,Barnsley 023C,Public order,Unable to prosecute suspect,
47a9bb6c974e9ed64d7a1e1c6b38b04def6b78db4d3fdacce5f5f26635cfc286,2025-02,South Yorkshire Police,South Yorkshire Police,-1.387360,53.530728,On or near Providence Street,E01007449,Barnsley 023C,Public order,Investigation complete; no suspect identified,
a4d41f180ab9e57224a95b5de59f217f2969685e6e7d15a1e2adf0966f68514a,2025-02,South Yorkshire Police,South Yorkshire Police,-1.398548,53.523711,On or near Clarkes Croft,E01007449,Barnsley 023C,Public order,Awaiting court outcome,
0854591ea2b3011c2a986b61cf3633cb4ee482f0b8f0bc80c3cdd53114dc09f7,2025-02,South Yorkshire Police,South Yorkshire Police,-1.398548,53.523711,On or near Clarkes Croft,E01007449,Barnsley 023C,Public order,Unable to prosecute suspect,
59067049db97d24d17a831ccb9a45033f72f80ace4dd56c8bdbff31a9b718f01,2025-02,South Yorkshire Police,South Yorkshire Police,-1.399209,53.522824,On or near High Street,E01007449,Barnsley 023C,Shoplifting,Investigation complete; no suspect identified,
95d9074d40e91af95e02a25dde7a9174a43f703665aeb5f0bd37e63f63bb386c,2025-02,South Yorkshire Police,South Yorkshire Police,-1.398548,53.523711,On or near Clarkes Croft,E01007449,Barnsley 023C,Shoplifting,Unable to prosecute suspect,
99b0daecf8717352330a00d5c38d4c090b2f6f16acfe93b5d5c4336ec3bd62d0,2025-02,South Yorkshire Police,South Yorkshire Police,-1.388231,53.527874,On or near Stonyford Road,E01007449,Barnsley 023C,Violence and sexual offences,Unable to prosecute suspect,
ba5d0b3407192158c713e05f032d2b8f7dc006875d7d32e7a4b640a5053e68ba,2025-02,South Yorkshire Police,South Yorkshire Police,-1.399209,53.522824,On or near High Street,E01007449,Barnsley 023C,Violence and sexual offences,Unable to prosecute suspect,
33771d609c8f4caff3ade9959808547d4268ce872a6ac721ef6730c2d081fc5b,2025-02,South Yorkshire Police,South Yorkshire Police,-1.398548,53.523711,On or near Clarkes Croft,E01007449,Barnsley 023C,Violence and sexual offences,Unable to prosecute suspect,
0b34b749c3401a528a2681c41499ad845ce63983126c1beb4f31730ba73e024e,2025-02,South Yorkshire Police,South Yorkshire Police,-1.392511,53.527105,On or near Valley Road,E01007449,Barnsley 023C,Other crime,Action to be taken by another organisation,
,2025-02,South Yorkshire Police,South Yorkshire Police,-1.418961,53.528854,On or near Neville Court,E01007450,Barnsley 023D,Anti-social behaviour,,
,2025-02,South Yorkshire Police,South Yorkshire Police,-1.419459,53.529917,On or near Pearson Crescent,E01007450,Barnsley 023D,Anti-social behaviour,,
,2025-02,South Yorkshire Police,South Yorkshire Police,-1.412155,53.531212,On or near Petrol Station,E01007450,Barnsley 023D,Anti-social behaviour,,
,2025-02,South Yorkshire Police,South Yorkshire Police,-1.410208,53.530213,On or near Barnsley Road,E01007450,Barnsley 023D,Anti-social behaviour,,
,2025-02,South Yorkshire Police,South Yorkshire Police,-1.412155,53.531212,On or near Petrol Station,E01007450,Barnsley 023D,Anti-social behaviour,,
,2025-02,South Yorkshire Police,South Yorkshire Police,-1.414421,53.528787,On or near Roy Kilner Road,E01007450,Barnsley 023D,Anti-social behaviour,,
50ed5f27509a699ba7660e9f6313409288959ab37f22de5a8561e298ab1665fa,2025-02,South Yorkshire Police,South Yorkshire Police,-1.419163,53.528450,On or near Neville Close,E01007450,Barnsley 023D,Drugs,Local resolution,
a49c3486f3ed3a2438e99c588eb4e3eb7857e3d25db5bce82155fed8b4427d5e,2025-02,South Yorkshire Police,South Yorkshire Police,-1.415742,53.531481,On or near Moorbank Road,E01007450,Barnsley 023D,Shoplifting,Investigation complete; no suspect identified,
a6bade43b634fb985f7570c08ba502f09332494313835a5729ceb0a1787293b5,2025-02,South Yorkshire Police,South Yorkshire Police,-1.412155,53.531212,On or near Petrol Station,E01007450,Barnsley 023D,Violence and sexual offences,Unable to prosecute suspect,
e39021eccc51bd722d0da34afed5b5b4f8e40d7c2cc5860d1554ca5cdc8eac71,2025-02,South Yorkshire Police,South Yorkshire Police,-1.419163,53.528450,On or near Neville Close,E01007450,Barnsley 023D,Violence and sexual offences,Investigation complete; no suspect identified,
658eba518c2fa355b1fbc64ea48c32f301f7f6242f9f6e969799cf0c723fdcda,2025-02,South Yorkshire Police,South Yorkshire Police,-1.419163,53.528450,On or near Neville Close,E01007450,Barnsley 023D,Violence and sexual offences,Action to be taken by another organisation,
,2025-02,South Yorkshire Police,South Yorkshire Police,-1.665025,53.526353,On or near Croft Drive,E01007427,Barnsley 024A,Anti-social behaviour,,
93061627a6d1aca95eb2be83346516d5b3b39da378a8ff04671948f9b3a196cc,2025-02,South Yorkshire Police,South Yorkshire Police,-1.649314,53.527315,On or near Watering Place Road,E01007427,Barnsley 024A,Other crime,Investigation complete; no suspect identified,
,2025-02,South Yorkshire Police,South Yorkshire Police,-1.634197,53.529328,On or near Petrol Station,E01007428,Barnsley 024B,Anti-social behaviour,,
1169435cc58a2359473580d5287e7cfc6922866f236aa02381346c575b5c387b,2025-02,South Yorkshire Police,South Yorkshire Police,-1.632526,53.513207,On or near Kirkhill Bank,E01007428,Barnsley 024B,Criminal damage and arson,Investigation complete; no suspect identified,
f8d91bc3a02590e9918e3ebb51798a603d27b1f954fe0e6b815475b5063cba94,2025-02,South Yorkshire Police,South Yorkshire Police,-1.632670,53.526276,On or near Stottercliffe Road,E01007428,Barnsley 024B,Drugs,Status update unavailable,
87e58efa709dba0e07650935a52d786c9c9d94d286f899fc401edb7c7899d317,2025-02,South Yorkshire Police,South Yorkshire Police,-1.630106,53.526242,On or near Cock Pit Lane,E01007428,Barnsley 024B,Other theft,Investigation complete; no suspect identified,
85aa0c3c26a63f3430d86f2b06f66613d8dca2c3611ad931cc89fec0317c224b,2025-02,South Yorkshire Police,South Yorkshire Police,-1.630835,53.525633,On or near Market Street,E01007428,Barnsley 024B,Public order,Investigation complete; no suspect identified,
d7a4b8fc359e900da77a4ccb4c85c88617536edae21792a4f3d0c5d72aca602c,2025-02,South Yorkshire Police,South Yorkshire Police,-1.632007,53.527919,On or near Bridge Street,E01007428,Barnsley 024B,Public order,Unable to prosecute suspect,
61c79c33f70e03c8eeae5aebf23f08595b39e9582ba6dbfd8e14fd5618360403,2025-02,South Yorkshire Police,South Yorkshire Police,-1.632670,53.526276,On or near Stottercliffe Road,E01007428,Barnsley 024B,Shoplifting,Investigation complete; no suspect identified,
0743921d8bf3c60540950984c731fc7502ba9dccb56485f31cd7f9ebb7f204b9,2025-02,South Yorkshire Police,South Yorkshire Police,-1.628477,53.526156,On or near Church Street,E01007428,Barnsley 024B,Other crime,Status update unavailable,
,2025-02,South Yorkshire Police,South Yorkshire Police,-1.634246,53.523666,On or near Park Avenue,E01007429,Barnsley 024C,Anti-social behaviour,,
1915c0747e340d69275426afcd1b8bd6b2956cf4ac8aecd2bc5fb87485defe74,2025-02,South Yorkshire Police,South Yorkshire Police,-1.634995,53.524234,On or near Schole Avenue,E01007429,Barnsley 024C,Other theft,Investigation complete; no suspect identified,
dbffdf8d19a9a750564fc843a006b234067e7ba0d5905c01827cff7802b05f02,2025-02,South Yorkshire Police,South Yorkshire Police,-1.629179,53.521834,On or near Unwin Crescent,E01007429,Barnsley 024C,Other theft,Investigation complete; no suspect identified,
eeb273114de62db2d4b0dd64ee8aea13b6ee26def5bf663096d1bbeb72c8c81d,2025-02,South Yorkshire Police,South Yorkshire Police,-1.634246,53.523666,On or near Park Avenue,E01007429,Barnsley 024C,Other theft,Investigation complete; no suspect identified,
c9ecf52cfb81271fb3716e12725d2775364a8bb3ff2d05de00fe701bf1762b82,2025-02,South Yorkshire Police,South Yorkshire Police,-1.634246,53.523666,On or near Park Avenue,E01007429,Barnsley 024C,Public order,Unable to prosecute suspect,
3c21803c5892468bf7b56a4be82e96deb28109693b8f853648e09c5872d00ef7,2025-02,South Yorkshire Police,South Yorkshire Police,-1.634246,53.523666,On or near Park Avenue,E01007429,Barnsley 024C,Public order,Investigation complete; no suspect identified,
06198a163c2e81cc1a23017c78c0f81821caa08defa383ccc55ab1c497c8e798,2025-02,South Yorkshire Police,South Yorkshire Police,-1.628170,53.523377,On or near Victoria Street,E01007429,Barnsley 024C,Violence and sexual offences,Unable to prosecute suspect,
e89111240444ce6b605d7ef4067b4a704ef3fb6d48802659c5c73298ad76e223,2025-02,South Yorkshire Police,South Yorkshire Police,-1.612499,53.523301,On or near Springwood View,E01007430,Barnsley 024D,Burglary,Unable to prosecute suspect,
a731e91009394e34ff552fbfd05630e7a8a578e050388531e07c359ca4f14149,2025-02,South Yorkshire Police,South Yorkshire Police,-1.616713,53.524348,On or near Sheffield Road,E01007430,Barnsley 024D,Public order,Investigation complete; no suspect identified,
54279002b76d983ba42e17f9b440320258711de65f2e466f11de2b24634dbaa1,2025-02,South Yorkshire Police,South Yorkshire Police,-1.621938,53.523600,On or near Heathercliffe Way,E01007430,Barnsley 024D,Violence and sexual offences,Status update unavailable,
39bbcd4e3cf60daf65392cb4d838f4f664daf7a243fc33caa41303a76931084f,2025-02,South Yorkshire Police,South Yorkshire Police,-1.612035,53.522832,On or near Don Street,E01007430,Barnsley 024D,Violence and sexual offences,Unable to prosecute suspect,
7c0454c8ecc91d07a963211f6e21ab1ffecd36064c88ab1b8c1769d685e7ef84,2025-02,South Yorkshire Police,South Yorkshire Police,-1.637396,53.520358,On or near New Chapel Road,E01007432,Barnsley 024F,Violence and sexual offences,Investigation complete; no suspect identified,
36bcb85fa47d2a2e54d24f54e216dc325c0b999a46a02383a0b43774dacb65c3,2025-02,South Yorkshire Police,South Yorkshire Police,-1.623067,53.520512,On or near Southgate,E01007432,Barnsley 024F,Violence and sexual offences,Unable to prosecute suspect,
8b5c54569a4b844bfefc89b3dd065585203b525fb938f8045d7b80a066c3bba7,2025-02,South Yorkshire Police,South Yorkshire Police,-1.623067,53.520512,On or near Southgate,E01007432,Barnsley 024F,Violence and sexual offences,Unable to prosecute suspect,
4473214fb52c9542f304ba441fd2d1aebe2e022b586dd725a485968aab201c0e,2025-02,South Yorkshire Police,South Yorkshire Police,-1.636808,53.522082,On or near Chapelfield Walk,E01007432,Barnsley 024F,Violence and sexual offences,Unable to prosecute suspect,
,2025-02,South Yorkshire Police,South Yorkshire Police,-1.325859,53.521768,On or near Campion Close,E01007364,Barnsley 025A,Anti-social behaviour,,
,2025-02,South Yorkshire Police,South Yorkshire Police,-1.319625,53.520205,On or near Far Croft,E01007364,Barnsley 025A,Anti-social behaviour,,
73b1736686a847de405979faa6d71b928c8cb347139fcce702580b9fc7a673e6,2025-02,South Yorkshire Police,South Yorkshire Police,-1.324238,53.523197,On or near Beckfield Grove,E01007364,Barnsley 025A,Burglary,Investigation complete; no suspect identified,
dec7941df3e767b973c721bbab30aebca28726f5987ca1d4b11f24530d38da84,2025-02,South Yorkshire Police,South Yorkshire Police,-1.319625,53.520205,On or near Far Croft,E01007364,Barnsley 025A,Criminal damage and arson,Investigation complete; no suspect identified,
2d91d990b79a07b748994b56f66a3059e3028b6dfa8b13a160288cb912e43bf5,2025-02,South Yorkshire Police,South Yorkshire Police,-1.326245,53.522157,On or near Fairfield,E01007364,Barnsley 025A,Criminal damage and arson,Investigation complete; no suspect identified,
f28c5974f662b8ab71cc840aa88819a6dab0935c167d19864aa38ae69bb5807c,2025-02,South Yorkshire Police,South Yorkshire Police,-1.324238,53.523197,On or near Beckfield Grove,E01007364,Barnsley 025A,Criminal damage and arson,Unable to prosecute suspect,
45afbd4ade7290c57d3b3dd15b5d98b13709cfdc9bc86c173db85b1115502942,2025-02,South Yorkshire Police,South Yorkshire Police,-1.320827,53.522369,On or near Carr Green,E01007364,Barnsley 025A,Criminal damage and arson,Awaiting court outcome,
b579ea402daa6eb3b0e7e167020fbae3c0459e87444b6bf5a91c2185e658fb68,2025-02,South Yorkshire Police,South Yorkshire Police,-1.324238,53.523197,On or near Beckfield Grove,E01007364,Barnsley 025A,Criminal damage and arson,Unable to prosecute suspect,
86ac2537e5e63f1229af2222fcaba856f3da9313e2a3bf1634f74b44c82d9368,2025-02,South Yorkshire Police,South Yorkshire Police,-1.326245,53.522157,On or near Fairfield,E01007364,Barnsley 025A,Other theft,Investigation complete; no suspect identified,
cdc0e1c6598c0a6920b3f3662dedae5c99988191c3f4ec6221c6fb92acd00de4,2025-02,South Yorkshire Police,South Yorkshire Police,-1.322742,53.521445,On or near Stump Cross Gardens,E01007364,Barnsley 025A,Shoplifting,Unable to prosecute suspect,
1111911c6306e1a94c8770b94b52b5581f1b9242bf31ebfac1718e6f3eecdbba,2025-02,South Yorkshire Police,South Yorkshire Police,-1.322742,53.521445,On or near Stump Cross Gardens,E01007364,Barnsley 025A,Shoplifting,Unable to prosecute suspect,
409b0f42cdeca02213a64376c4cdc4cb8f54344fe3f752fee5b9a8ffa31138d0,2025-02,South Yorkshire Police,South Yorkshire Police,-1.322742,53.521445,On or near Stump Cross Gardens,E01007364,Barnsley 025A,Shoplifting,Investigation complete; no suspect identified,
0db5a25acd867456f918efb6dbee8e9690ab378806f51461b6973d9f70506cd6,2025-02,South Yorkshire Police,South Yorkshire Police,-1.322742,53.521445,On or near Stump Cross Gardens,E01007364,Barnsley 025A,Shoplifting,Unable to prosecute suspect,
d62c5e11b22690056ddc374901b0140248a5c9a9bfdee11a2ffb2648af7844f8,2025-02,South Yorkshire Police,South Yorkshire Police,-1.327131,53.522404,On or near Billingley View,E01007364,Barnsley 025A,Violence and sexual offences,Unable to prosecute suspect,
f7336de3385585587f90672d46f585b615311fd9c0de18202f1adf25f4a37864,2025-02,South Yorkshire Police,South Yorkshire Police,-1.324238,53.523197,On or near Beckfield Grove,E01007364,Barnsley 025A,Violence and sexual offences,Unable to prosecute suspect,
,2025-02,South Yorkshire Police,South Yorkshire Police,-1.315010,53.523953,On or near Green Gate Close,E01007365,Barnsley 025B,Anti-social behaviour,,
c224bd647af43ea1ccd6246d0ac341596e1caa226de25a8c26915aa2b9e25fc0,2025-02,South Yorkshire Police,South Yorkshire Police,-1.317076,53.523965,On or near Highgate Lane,E01007365,Barnsley 025B,Burglary,Investigation complete; no suspect identified,
f46d359f9292457de1ecc18a1477cc58eaf2f6b93c128bb9035e7450c4d94e48,2025-02,South Yorkshire Police,South Yorkshire Police,-1.313877,53.523102,On or near Bridge Street,E01007365,Barnsley 025B,Criminal damage and arson,Unable to prosecute suspect,
d79768fc869e8fd4d99aab6a4b20decb0c59a327104d6aa418b10e1e2292c186,2025-02,South Yorkshire Police,South Yorkshire Police,-1.309637,53.524120,On or near Gaitskell Close,E01007365,Barnsley 025B,Criminal damage and arson,Investigation complete; no suspect identified,
937865605f53b10ef49887b73d99e64376467929c3592e7ac069195afc429cee,2025-02,South Yorkshire Police,South Yorkshire Police,-1.314652,53.522747,On or near The Crescent,E01007365,Barnsley 025B,Other theft,Investigation complete; no suspect identified,
9aa2bc23c0f538f4f2814630881069c22e94c7471b148ae8dae5672714cbdfdc,2025-02,South Yorkshire Police,South Yorkshire Police,-1.316277,53.523017,On or near The Green,E01007365,Barnsley 025B,Public order,Investigation complete; no suspect identified,
704a19e076d2bc08e4e3369f81d7c5711514638bbbde3cf7770a8a47064adfb0,2025-02,South Yorkshire Police,South Yorkshire Police,-1.316277,53.523017,On or near The Green,E01007365,Barnsley 025B,Public order,Investigation complete; no suspect identified,
1dfbd245dafd502de503f384b73fc85e5c7ce6d77742d3446dd7ef1757adf8e5,2025-02,South Yorkshire Police,South Yorkshire Police,-1.315213,53.520701,On or near Chapel Street,E01007365,Barnsley 025B,Vehicle crime,Investigation complete; no suspect identified,
7bd1939a89f294def705f5ccb42d3c2eeb878cf53c73070b069d06a703e457e9,2025-02,South Yorkshire Police,South Yorkshire Police,-1.316277,53.523017,On or near The Green,E01007365,Barnsley 025B,Vehicle crime,Investigation complete; no suspect identified,
7b5b5b0cc9e1b8bdc9a4aa40a5140b8069bd5870e8194f488e9f636b68c6e0f0,2025-02,South Yorkshire Police,South Yorkshire Police,-1.314652,53.522747,On or near The Crescent,E01007365,Barnsley 025B,Violence and sexual offences,Unable to prosecute suspect,
c2db6e305bceaeb5fc47e4df36143fee35ef8bacb5a9911b20b4fc7c5c4c2c75,2025-02,South Yorkshire Police,South Yorkshire Police,-1.313320,53.523009,On or near Furlong Road,E01007365,Barnsley 025B,Violence and sexual offences,Unable to prosecute suspect,
f8ad624dad8c83904291230c8c5da85bd8da05abab74168e90522df6d49f12dc,2025-02,South Yorkshire Police,South Yorkshire Police,-1.318041,53.523989,On or near Hall Broome Gardens,E01007365,Barnsley 025B,Violence and sexual offences,Unable to prosecute suspect,
2eaaf2046dbd0c7bc9e65d718c68bffe59bb6d6b33251b920cafa6c98df14267,2025-02,South Yorkshire Police,South Yorkshire Police,-1.318041,53.523989,On or near Hall Broome Gardens,E01007365,Barnsley 025B,Violence and sexual offences,Unable to prosecute suspect,
ae8ef3be03bd2f76c7a2b90bc814065e84167b5eb093df3f2551ab0e9d6537f7,2025-02,South Yorkshire Police,South Yorkshire Police,-1.316277,53.523017,On or near The Green,E01007365,Barnsley 025B,Violence and sexual offences,Unable to prosecute suspect,
03b7c33b84868178b2aebf65adcabcd73e082c6377aa855f1a8fca57d23d00f2,2025-02,South Yorkshire Police,South Yorkshire Police,-1.313320,53.523009,On or near Furlong Road,E01007365,Barnsley 025B,Violence and sexual offences,Unable to prosecute suspect,
,2025-02,South Yorkshire Police,South Yorkshire Police,-1.312627,53.516461,On or near Sheaf Crescent,E01007366,Barnsley 025C,Anti-social behaviour,,
,2025-02,South Yorkshire Police,South Yorkshire Police,-1.315283,53.520099,On or near Edna Street,E01007366,Barnsley 025C,Anti-social behaviour,,
,2025-02,South Yorkshire Police,South Yorkshire Police,-1.302919,53.517115,On or near Lowfield Lane,E01007366,Barnsley 025C,Anti-social behaviour,,
,2025-02,South Yorkshire Police,South Yorkshire Police,-1.312627,53.516461,On or near Sheaf Crescent,E01007366,Barnsley 025C,Anti-social behaviour,,
c04de5d5fc9d3f3f7c2b0e437243543c3bd896d0384be1c66613fb4bd1286efb,2025-02,South Yorkshire Police,South Yorkshire Police,-1.315577,53.518689,On or near Station Road,E01007366,Barnsley 025C,Criminal damage and arson,Unable to prosecute suspect,
5904c4f352111f3944ac0cc51d11123395b33cb04197afe52a92ecb9c6acf2d5,2025-02,South Yorkshire Police,South Yorkshire Police,-1.312626,53.520219,On or near Park Crescent,E01007366,Barnsley 025C,Public order,Unable to prosecute suspect,
1a8363763f8b5a54deee7927cb5f0a3984014d363d587201a884149e6efeb3e6,2025-02,South Yorkshire Police,South Yorkshire Police,-1.315283,53.520099,On or near Edna Street,E01007366,Barnsley 025C,Violence and sexual offences,Awaiting court outcome,
fa06f2711ffa38cb40fc5e71eb2f4bb423460cdb5fa2868a8d2ab4c3584f83a3,2025-02,South Yorkshire Police,South Yorkshire Police,-1.313968,53.521188,On or near Furlong Road,E01007366,Barnsley 025C,Violence and sexual offences,Awaiting court outcome,
,2025-02,South Yorkshire Police,South Yorkshire Police,-1.331530,53.517953,On or near Ingsfield Lane,E01007367,Barnsley 025D,Anti-social behaviour,,
,2025-02,South Yorkshire Police,South Yorkshire Police,-1.331450,53.518276,On or near Springfield,E01007367,Barnsley 025D,Anti-social behaviour,,
df52dc764672830aa3c1ed02dd87ae2367f8965d11f0c8d8fb280c03fbee8e80,2025-02,South Yorkshire Police,South Yorkshire Police,-1.327426,53.516195,On or near Broomhill View,E01007367,Barnsley 025D,Burglary,Investigation complete; no suspect identified,
261d36a488ede628c357edf253e54e5439cbb545ff6d36665b5262dfa8556308,2025-02,South Yorkshire Police,South Yorkshire Police,-1.326419,53.518805,On or near Caernarvon Crescent,E01007367,Barnsley 025D,Other theft,Investigation complete; no suspect identified,
c8e34a880da1261692062b930daa80c95dc043e6cfb9035dc49c814ab73f524e,2025-02,South Yorkshire Police,South Yorkshire Police,-1.331530,53.517953,On or near Ingsfield Lane,E01007367,Barnsley 025D,Vehicle crime,Investigation complete; no suspect identified,
93d7d72be36aa7cc68424b016bc7eb9aef6896031a2e5b331d50c53ef39676d6,2025-02,South Yorkshire Police,South Yorkshire Police,-1.329550,53.517294,On or near Fern Lea Grove,E01007367,Barnsley 025D,Violence and sexual offences,Unable to prosecute suspect,
476f92b5de1c9cc81138deac9f9a88a640be2a53ec30d309cec878dc96bb7325,2025-02,South Yorkshire Police,South Yorkshire Police,-1.326908,53.520309,On or near Commonwealth View,E01007367,Barnsley 025D,Violence and sexual offences,Unable to prosecute suspect,
7306970e3810be8a221cb66c1ae35c57f2647bc6fdc082066978cde9b5172233,2025-02,South Yorkshire Police,South Yorkshire Police,-1.323381,53.518286,On or near Sports/Recreation Area,E01007368,Barnsley 025E,Other theft,Investigation complete; no suspect identified,
98931a5be9adf60a3a1dc9157b1dae9713d4e5b689d5ee64581c97bde712041d,2025-02,South Yorkshire Police,South Yorkshire Police,-1.324062,53.515322,On or near Dearne Road,E01007368,Barnsley 025E,Vehicle crime,Unable to prosecute suspect,
7aa8c256e2b652626ac3bb520798da5bbd8bc1d3bf5dfc4993afd668439357c5,2025-02,South Yorkshire Police,South Yorkshire Police,-1.324062,53.515322,On or near Dearne Road,E01007368,Barnsley 025E,Vehicle crime,Investigation complete; no suspect identified,
b27793e2b8b77c1c00492204a921e5e65d39f36062bd6cd8744950f00c948bab,2025-02,South Yorkshire Police,South Yorkshire Police,-1.322610,53.520311,On or near St Andrew'S Square,E01007368,Barnsley 025E,Violence and sexual offences,Unable to prosecute suspect,
,2025-02,South Yorkshire Police,South Yorkshire Police,-1.399100,53.519848,On or near Collindridge Road,E01007451,Barnsley 026A,Anti-social behaviour,,
7fd21e4326659f5dbf7d87b2db293f1c52b5157dfa9c53e9b0bceada7deb7cd3,2025-02,South Yorkshire Police,South Yorkshire Police,-1.400269,53.517185,On or near Elliott Avenue,E01007451,Barnsley 026A,Criminal damage and arson,Investigation complete; no suspect identified,
50d202f877fdeb99750a8aa7af56c68d968fa3c10abbc7443bb018f76a83bbe9,2025-02,South Yorkshire Police,South Yorkshire Police,-1.399550,53.518934,On or near Jardine Street,E01007451,Barnsley 026A,Criminal damage and arson,Unable to prosecute suspect,
9896010eb1415d04655297c444962f8cf2cd4db0c3e3fa13638518139701b53e,2025-02,South Yorkshire Police,South Yorkshire Police,-1.400617,53.518130,On or near Pickup Crescent,E01007451,Barnsley 026A,Criminal damage and arson,Unable to prosecute suspect,
44c74bab0e6fa8f30a452aa5942f2203b956a245b410959da5bddbd3847c3b3d,2025-02,South Yorkshire Police,South Yorkshire Police,-1.399100,53.519848,On or near Collindridge Road,E01007451,Barnsley 026A,Public order,Investigation complete; no suspect identified,
4e4215463c6fe5ab2546db040e5701f6548f1fc8eb0c6d8673d0a051d857aeec,2025-02,South Yorkshire Police,South Yorkshire Police,-1.395400,53.520207,On or near Margaret Court,E01007451,Barnsley 026A,Vehicle crime,Investigation complete; no suspect identified,
90392b8e92b7b0a15947c21030f4035061294b850d5d9b17221be301108401fe,2025-02,South Yorkshire Police,South Yorkshire Police,-1.397605,53.519985,On or near Kings Road,E01007451,Barnsley 026A,Violence and sexual offences,Unable to prosecute suspect,
0246a5cd792c658175efb80282a6f68b0fba6fa48d3f217a7b3445115228de27,2025-02,South Yorkshire Police,South Yorkshire Police,-1.400617,53.518130,On or near Pickup Crescent,E01007451,Barnsley 026A,Violence and sexual offences,Unable to prosecute suspect,
0f525a9426ccff00b3446be4b0a9cdd929815995559578816f2039d58ff9e330,2025-02,South Yorkshire Police,South Yorkshire Police,-1.401872,53.521139,On or near Kingsway,E01007451,Barnsley 026A,Violence and sexual offences,Unable to prosecute suspect,
a0bb579839fe640395d23ea008d699690180b8cc062da5e587a0088455ad93c4,2025-02,South Yorkshire Police,South Yorkshire Police,-1.404387,53.518167,On or near Wright Crescent,E01007451,Barnsley 026A,Violence and sexual offences,Investigation complete; no suspect identified,
823fc49daff071613cb6ce723fb9a58b190d504c372da25da36543d78d23364f,2025-02,South Yorkshire Police,South Yorkshire Police,-1.397004,53.521941,On or near Parking Area,E01007451,Barnsley 026A,Violence and sexual offences,Unable to prosecute suspect,
8731031dc7be72e654cb9a08868923c7944da19422dda1bde9d9d36588b8de09,2025-02,South Yorkshire Police,South Yorkshire Police,-1.397004,53.521941,On or near Parking Area,E01007451,Barnsley 026A,Violence and sexual offences,Investigation complete; no suspect identified,
2536829dafd9d0589e9e0d2e638adce4a7f3f17e38bdbd349f2508a1814255dd,2025-02,South Yorkshire Police,South Yorkshire Police,-1.395619,53.521772,On or near Mayflower Way,E01007451,Barnsley 026A,Violence and sexual offences,Investigation complete; no suspect identified,
b6c018eceb1e50aff9ecfee3c5f5d5bba8d250bac40b134781c10849cac5b373,2025-02,South Yorkshire Police,South Yorkshire Police,-1.397208,53.517106,On or near Roebuck Street,E01007451,Barnsley 026A,Violence and sexual offences,Awaiting court outcome,
,2025-02,South Yorkshire Police,South Yorkshire Police,-1.410581,53.518521,On or near Sir George Court,E01007452,Barnsley 026B,Anti-social behaviour,,
cef1594eab10ae06d464a62052e3008f00f17060304722794690b0aec85894b0,2025-02,South Yorkshire Police,South Yorkshire Police,-1.414778,53.518227,On or near Cowley Green,E01007452,Barnsley 026B,Burglary,Investigation complete; no suspect identified,
df1924691ed7d61da6fdcbaa87d560929ea80333454d04492149f8eea91d5627,2025-02,South Yorkshire Police,South Yorkshire Police,-1.411482,53.516665,On or near Tunstall Close,E01007452,Barnsley 026B,Public order,Unable to prosecute suspect,
315fc6aee6e568495be1c218952b71bc4b673ce1f7ac6b285a9847fab1aecb02,2025-02,South Yorkshire Police,South Yorkshire Police,-1.415918,53.521972,On or near Windmill Court,E01007452,Barnsley 026B,Violence and sexual offences,Unable to prosecute suspect,
8576b0f52f29bc8017bf9ca9ffe40bcd0d035c6be591f2c7fc4e939199e561ad,2025-02,South Yorkshire Police,South Yorkshire Police,-1.415918,53.521972,On or near Windmill Court,E01007452,Barnsley 026B,Violence and sexual offences,Unable to prosecute suspect,
ee8b3989bae7f3a8c0351a2d9788d458000ed950690967c2e7c91c946b971805,2025-02,South Yorkshire Police,South Yorkshire Police,-1.411482,53.516665,On or near Tunstall Close,E01007452,Barnsley 026B,Violence and sexual offences,Unable to prosecute suspect,
f2c4713d3bf0b3e4259be76bc7e34820e1b6022e97b2f40d06e8d82246e5c8bd,2025-02,South Yorkshire Police,South Yorkshire Police,-1.408494,53.518942,On or near Hough Lane,E01007452,Barnsley 026B,Violence and sexual offences,Unable to prosecute suspect,
,2025-02,South Yorkshire Police,South Yorkshire Police,-1.408222,53.520029,On or near Copeland Road,E01007453,Barnsley 026C,Anti-social behaviour,,
,2025-02,South Yorkshire Police,South Yorkshire Police,-1.410393,53.522277,On or near Tune Street,E01007453,Barnsley 026C,Anti-social behaviour,,
caa1d6fedcc9f86c67957f5748b26d35d23b3303f358fcee48c137fab8247000,2025-02,South Yorkshire Police,South Yorkshire Police,-1.408138,53.522824,On or near Summer Lane,E01007453,Barnsley 026C,Criminal damage and arson,Investigation complete; no suspect identified,
5f73f2704261e75e7cb881b61341707c47fc8d700c540bcbb8e7fd51b373ca47,2025-02,South Yorkshire Police,South Yorkshire Police,-1.410829,53.521300,On or near Loxley Avenue,E01007453,Barnsley 026C,Violence and sexual offences,Status update unavailable,
32d015c69be21643e37417a04bfe93c0699999cbb73f12cf70d0f7485d6401ee,2025-02,South Yorkshire Police,South Yorkshire Police,-1.408138,53.522824,On or near Summer Lane,E01007453,Barnsley 026C,Violence and sexual offences,Unable to prosecute suspect,
fa56c66bef87db9eee39c291945ba18702b6c0818981d135a80e43ac3c8fb5cb,2025-02,South Yorkshire Police,South Yorkshire Police,-1.404448,53.521358,On or near Wells Lane,E01007453,Barnsley 026C,Violence and sexual offences,Status update unavailable,
57ef7a02f90c9b377d4efba92a654a011e2c9186027a20346bff230969902019,2025-02,South Yorkshire Police,South Yorkshire Police,-1.404448,53.521358,On or near Wells Lane,E01007453,Barnsley 026C,Violence and sexual offences,Unable to prosecute suspect,
a297a269466b946faeeadac92bc5ca14fb8062adc367b4abc4ed0d89d88fba67,2025-02,South Yorkshire Police,South Yorkshire Police,-1.386729,53.512801,On or near Brendon Close,E01007455,Barnsley 026E,Violence and sexual offences,Status update unavailable,
,2025-02,South Yorkshire Police,South Yorkshire Police,-1.377550,53.514516,On or near Kingfisher Drive,E01032924,Barnsley 026F,Anti-social behaviour,,
,2025-02,South Yorkshire Police,South Yorkshire Police,-1.377550,53.514516,On or near Kingfisher Drive,E01032924,Barnsley 026F,Anti-social behaviour,,
,2025-02,South Yorkshire Police,South Yorkshire Police,-1.377550,53.514516,On or near Kingfisher Drive,E01032924,Barnsley 026F,Anti-social behaviour,,
85b9926559e0705db979b089f607240efd41686e6a3e5ac1fc2023431bccc0b5,2025-02,South Yorkshire Police,South Yorkshire Police,-1.383158,53.515677,On or near B6089,E01032924,Barnsley 026F,Other theft,Unable to prosecute suspect,
c19eb1ad3ced09b96a170d4d5cad8eb905414699d7801b5e4be6ca8393f4befe,2025-02,South Yorkshire Police,South Yorkshire Police,-1.374999,53.515734,On or near A6195,E01032924,Barnsley 026F,Other theft,Investigation complete; no suspect identified,
52b4fb391ea62868ca460d2f2dce197b1314e38af821c6b854ddf02f08310375,2025-02,South Yorkshire Police,South Yorkshire Police,-1.390413,53.525081,On or near Swaledale Drive,E01032924,Barnsley 026F,Public order,Local resolution,
0b95b2c1cf5c0359799e4b2402fa0f9ebbaf71d13518488d12504d829617fb6c,2025-02,South Yorkshire Police,South Yorkshire Police,-1.390305,53.525242,On or near Bayford Way,E01032924,Barnsley 026F,Public order,Unable to prosecute suspect,
b5fd4e1927d52ec1a557a366430bbb2b5edc97994e8bb20672f522f36a00c825,2025-02,South Yorkshire Police,South Yorkshire Police,-1.377550,53.514516,On or near Kingfisher Drive,E01032924,Barnsley 026F,Vehicle crime,Investigation complete; no suspect identified,
cdb26508ab83419d5094f6242c67b3114d5b62a7b6aa549883f1291020c6921d,2025-02,South Yorkshire Police,South Yorkshire Police,-1.375793,53.515028,On or near Teal Close,E01032924,Barnsley 026F,Vehicle crime,Investigation complete; no suspect identified,
438df0826c3eab908c2715cd99e7922070b09a8486bcc8029d2db3ad12495517,2025-02,South Yorkshire Police,South Yorkshire Police,-1.372102,53.514811,On or near Bittern Croft,E01032924,Barnsley 026F,Vehicle crime,Investigation complete; no suspect identified,
a6137bc5bf354dbc802a5395a8f4a2b7c865f81d6796f8b77f472b22bad56d67,2025-02,South Yorkshire Police,South Yorkshire Police,-1.372102,53.514811,On or near Bittern Croft,E01032924,Barnsley 026F,Vehicle crime,Investigation complete; no suspect identified,
88ecbe2903ac825eaaa8d8278d27b017793846b68b848752272ff7aa9e4d0803,2025-02,South Yorkshire Police,South Yorkshire Police,-1.375769,53.514632,On or near Teal Close,E01032924,Barnsley 026F,Vehicle crime,Investigation complete; no suspect identified,
19b8c161f9845e7e5863ff60901823f302fd5e019f20d262572a063a650ed9b4,2025-02,South Yorkshire Police,South Yorkshire Police,-1.377550,53.514516,On or near Kingfisher Drive,E01032924,Barnsley 026F,Vehicle crime,Investigation complete; no suspect identified,
9f599c729635f6fc380d1752031403c2747f2fbd644fc5390df9304288269e52,2025-02,South Yorkshire Police,South Yorkshire Police,-1.372102,53.514811,On or near Bittern Croft,E01032924,Barnsley 026F,Vehicle crime,Investigation complete; no suspect identified,
153d521f90eca2a01f0dfc74b1a5b7dd4730cf52b3b8686fee9fb17a86afbe44,2025-02,South Yorkshire Police,South Yorkshire Police,-1.377550,53.514516,On or near Kingfisher Drive,E01032924,Barnsley 026F,Vehicle crime,Investigation complete; no suspect identified,
37d270f3c578e292cb9f8ccfcbefd18fd2242f8b9f9ca0d94022da3fdff4226b,2025-02,South Yorkshire Police,South Yorkshire Police,-1.375793,53.515028,On or near Teal Close,E01032924,Barnsley 026F,Vehicle crime,Investigation complete; no suspect identified,
786b81905b58ce532e92eed3a64c0f56d289942c8b86860566eb100b88da3ebd,2025-02,South Yorkshire Police,South Yorkshire Police,-1.372668,53.515290,On or near Kingfisher Mews,E01032924,Barnsley 026F,Vehicle crime,Investigation complete; no suspect identified,
db3d91b465c84199057c97cc78ea82e81fc03fe3afaf22f1b314f64a13a64ea6,2025-02,South Yorkshire Police,South Yorkshire Police,-1.372102,53.514811,On or near Bittern Croft,E01032924,Barnsley 026F,Vehicle crime,Investigation complete; no suspect identified,
c2aa3b9f060a45e97930e7b61faceda616ce3d2f1fe5b67094bdfc4e8b544a98,2025-02,South Yorkshire Police,South Yorkshire Police,-1.358148,53.515042,On or near Park/Open Space,E01032924,Barnsley 026F,Vehicle crime,Investigation complete; no suspect identified,
4615397deae21de47d0c2b627c9eea2e4f011ec31f47541687feec5a7e923242,2025-02,South Yorkshire Police,South Yorkshire Police,-1.389368,53.525336,On or near Cotterdale Gardens,E01032924,Barnsley 026F,Violence and sexual offences,Investigation complete; no suspect identified,
bd4a394c302a3b128756d1aa747f30ae01674658fdd86a1ec15b3b225ae46805,2025-02,South Yorkshire Police,South Yorkshire Police,-1.390305,53.525242,On or near Bayford Way,E01032924,Barnsley 026F,Other crime,Unable to prosecute suspect,
,2025-02,South Yorkshire Police,South Yorkshire Police,-1.389824,53.517806,On or near Reginald Road,E01032925,Barnsley 026G,Anti-social behaviour,,
15cfb7669efcf709af4caa1b60667b9f46d6af3ea8efa3c5aaa2ae8ab0955dff,2025-02,South Yorkshire Police,South Yorkshire Police,-1.390916,53.519438,On or near Park Hollow,E01032925,Barnsley 026G,Public order,Unable to prosecute suspect,
a6db33f286908566c52364ab753dde0e6ebba33ee3d962dc23775d3fb682b086,2025-02,South Yorkshire Police,South Yorkshire Police,-1.386335,53.515002,On or near Conway Place,E01032925,Barnsley 026G,Violence and sexual offences,Unable to prosecute suspect,
4443a7f55406dbb3481cfff5ae05ecee4a66fdabeebc9592b063e59a5d604ce2,2025-02,South Yorkshire Police,South Yorkshire Police,-1.385497,53.517640,On or near Badsworth Close,E01032925,Barnsley 026G,Violence and sexual offences,Unable to prosecute suspect,
d3b5d0694d6570051d475442d79acb1d059773bc1ef0ae296501931f7a13645c,2025-02,South Yorkshire Police,South Yorkshire Police,-1.387414,53.517560,On or near Everill Close,E01032925,Barnsley 026G,Violence and sexual offences,Unable to prosecute suspect,
25cfcd2a363db2bac414882442fc2c4f31ce34394674d566e6fab89d67f4e23a,2025-02,South Yorkshire Police,South Yorkshire Police,-1.389824,53.517806,On or near Reginald Road,E01032925,Barnsley 026G,Violence and sexual offences,Unable to prosecute suspect,
102b57042a541018f174e1c997e7c2f6bd98b170d0e266a8d61b68367b2d4839,2025-02,South Yorkshire Police,South Yorkshire Police,-1.389824,53.517806,On or near Reginald Road,E01032925,Barnsley 026G,Violence and sexual offences,Unable to prosecute suspect,
680ed839e2f17359187aa98429d270862620f74bee6231866038c67b96686430,2025-02,South Yorkshire Police,South Yorkshire Police,-1.389824,53.517806,On or near Reginald Road,E01032925,Barnsley 026G,Violence and sexual offences,Unable to prosecute suspect,
,2025-02,South Yorkshire Police,South Yorkshire Police,-1.538337,53.490993,On or near Halifax Road,E01007421,Barnsley 027A,Anti-social behaviour,,
,2025-02,South Yorkshire Police,South Yorkshire Police,-1.499829,53.525525,On or near Park/Open Space,E01007421,Barnsley 027A,Anti-social behaviour,,
,2025-02,South Yorkshire Police,South Yorkshire Police,-1.499829,53.525525,On or near Park/Open Space,E01007421,Barnsley 027A,Anti-social behaviour,,
,2025-02,South Yorkshire Police,South Yorkshire Police,-1.539761,53.491691,On or near Hillside Way,E01007421,Barnsley 027A,Anti-social behaviour,,
93806dd4b95fe616fa1acea30e9c6f22fe34ed8cca98c8b1f7badf6bb6b491e0,2025-02,South Yorkshire Police,South Yorkshire Police,-1.537954,53.491603,On or near Home Farm Court,E01007421,Barnsley 027A,Burglary,Investigation complete; no suspect identified,
0370c7c71668cf378421ae6f5aaf000ca9721028d3689bee838063771579292f,2025-02,South Yorkshire Police,South Yorkshire Police,-1.544285,53.487241,On or near Finkle Street Lane,E01007421,Barnsley 027A,Criminal damage and arson,Investigation complete; no suspect identified,
b0f12942cf344efe2db7a2f8fc17c6274fe6c32ba1d5f01327b725e106c695d0,2025-02,South Yorkshire Police,South Yorkshire Police,-1.519747,53.524888,On or near Further/Higher Educational Building,E01007421,Barnsley 027A,Other theft,Investigation complete; no suspect identified,
2892f7908ddacc28fc077f62ae8233759feb837425bdffd7e5ec611a79646c48,2025-02,South Yorkshire Police,South Yorkshire Police,-1.555531,53.485522,On or near Soughley Lane,E01007421,Barnsley 027A,Vehicle crime,Investigation complete; no suspect identified,
13006b5cce0a69c4a268fe08bf4339b47879111e62f2f3c553a7e149b7b1601d,2025-02,South Yorkshire Police,South Yorkshire Police,-1.531440,53.521538,On or near Sports/Recreation Area,E01007421,Barnsley 027A,Vehicle crime,Investigation complete; no suspect identified,
ea9b2f691aa1813a5ffaed3aa5b7979b67687caf8a38de2a39537670e7c11756,2025-02,South Yorkshire Police,South Yorkshire Police,-1.555531,53.485522,On or near Soughley Lane,E01007421,Barnsley 027A,Vehicle crime,Investigation complete; no suspect identified,
6d9486fbbfd14225a24b2f0440d3476f0277cbc81090f261e7c671a4c3757003,2025-02,South Yorkshire Police,South Yorkshire Police,-1.539761,53.491691,On or near Hillside Way,E01007421,Barnsley 027A,Vehicle crime,Investigation complete; no suspect identified,
ba152acfcb48df1bf43e194a590648cd962950f3a68969f2a191394443b33d6d,2025-02,South Yorkshire Police,South Yorkshire Police,-1.555531,53.485522,On or near Soughley Lane,E01007421,Barnsley 027A,Vehicle crime,Investigation complete; no suspect identified,
4a4e8564065d3e3fae513c033fbaeed9e361c22c56814c974944e234daf32831,2025-02,South Yorkshire Police,South Yorkshire Police,-1.512149,53.529510,On or near Sports/Recreation Area,E01007421,Barnsley 027A,Violence and sexual offences,Unable to prosecute suspect,
de4e939c1e8b3f48a27368297e109744363a70714eb82bdcc6329cb3191aad4d,2025-02,South Yorkshire Police,South Yorkshire Police,-1.512149,53.529510,On or near Sports/Recreation Area,E01007421,Barnsley 027A,Violence and sexual offences,Unable to prosecute suspect,
20d109566ba52c9b2771d03e3c1deb182f56c2fc02d819b46209a6b91685fdcc,2025-02,South Yorkshire Police,South Yorkshire Police,-1.514023,53.485989,On or near Pea Fields Lane,E01007421,Barnsley 027A,Violence and sexual offences,Unable to prosecute suspect,
29b5b16fd4579dcf1fed6b8742b837bf9b442ec520a0629d3c22fe4a58977272,2025-02,South Yorkshire Police,South Yorkshire Police,-1.512149,53.529510,On or near Sports/Recreation Area,E01007421,Barnsley 027A,Violence and sexual offences,Unable to prosecute suspect,
fb1f11bb57f247f8a902ae822af11e4a4b0062ddbb7347eceb9d11a6a4b180fd,2025-02,South Yorkshire Police,South Yorkshire Police,-1.512149,53.529510,On or near Sports/Recreation Area,E01007421,Barnsley 027A,Violence and sexual offences,Unable to prosecute suspect,
939fbd583718d1d606747ea8056771f7f302c52419ec82d3df3ca88cb2237288,2025-02,South Yorkshire Police,South Yorkshire Police,-1.605902,53.501060,On or near Tenter Lane,E01007422,Barnsley 027B,Other theft,Unable to prosecute suspect,
d70a3dceb0e96dce3f9790527d91b8e966de94d07d79f8d5a1f07fa01a38a790,2025-02,South Yorkshire Police,South Yorkshire Police,-1.592394,53.513035,On or near Sports/Recreation Area,E01007422,Barnsley 027B,Other crime,Investigation complete; no suspect identified,
5233c9de88a218a951db6cca4d4970f071c93696772c966591c41db32d1e0777,2025-02,South Yorkshire Police,South Yorkshire Police,-1.570605,53.507518,On or near Rag Lane,E01007423,Barnsley 027C,Burglary,Investigation complete; no suspect identified,
f276b5f5e84c21b694a0401516e51e0a9f377429413026d791067ae3938762d2,2025-02,South Yorkshire Police,South Yorkshire Police,-1.562921,53.506950,On or near Fir Tree,E01007423,Barnsley 027C,Violence and sexual offences,Unable to prosecute suspect,
,2025-02,South Yorkshire Police,South Yorkshire Police,-1.703151,53.510239,On or near Flouch Mews,E01007426,Barnsley 027D,Anti-social behaviour,,
,2025-02,South Yorkshire Police,South Yorkshire Police,-1.671984,53.529644,On or near Royd Lane,E01007426,Barnsley 027D,Anti-social behaviour,,
b36a401c3e8413a29bcdbed5f43ab6966e391695b263623179b7d52eadf408c5,2025-02,South Yorkshire Police,South Yorkshire Police,-1.703151,53.510239,On or near Flouch Mews,E01007426,Barnsley 027D,Public order,Investigation complete; no suspect identified,
4ffd1d153c268a8e0e04dc2286faa7160f2cca823f088fab667cf9415c6e66a9,2025-02,South Yorkshire Police,South Yorkshire Police,-1.661408,53.548679,On or near Back Lane,E01007426,Barnsley 027D,Vehicle crime,Investigation complete; no suspect identified,
b775dadd8862cb2a3e0dc59220300bcae591ddf01d64913478ab12a220edbc9e,2025-02,South Yorkshire Police,South Yorkshire Police,-1.719646,53.537810,On or near Pennine Edge,E01007426,Barnsley 027D,Violence and sexual offences,Unable to prosecute suspect,
76e7decb647affabde32f10344393896e4969963ed1b35bad2d9b8357092764b,2025-02,South Yorkshire Police,South Yorkshire Police,-1.460203,53.495745,On or near Elm Street,E01007396,Barnsley 028A,Criminal damage and arson,Investigation complete; no suspect identified,
e1e0322f8bc409212a31652a54beb46f580c0b1ae543dceeb0da3c7fb79b75d7,2025-02,South Yorkshire Police,South Yorkshire Police,-1.464404,53.497364,On or near Supermarket,E01007396,Barnsley 028A,Vehicle crime,Investigation complete; no suspect identified,
806c19c9e1202a0c02dbefd3a59393fff27b586d75359a71c58e07f511d14524,2025-02,South Yorkshire Police,South Yorkshire Police,-1.460740,53.497365,On or near Short Street,E01007396,Barnsley 028A,Violence and sexual offences,Unable to prosecute suspect,
4247f7fde6f18f192399e5a9aee3f4a6ca9c99e562eeed866ed2cc6cacee0b5b,2025-02,South Yorkshire Police,South Yorkshire Police,-1.464041,53.497407,On or near Central Street,E01007396,Barnsley 028A,Violence and sexual offences,Unable to prosecute suspect,
16e524fc452dd7309ae12e22360438b93746c14949d2a5c54b6c62099bec9c30,2025-02,South Yorkshire Police,South Yorkshire Police,-1.460740,53.497365,On or near Short Street,E01007396,Barnsley 028A,Violence and sexual offences,Unable to prosecute suspect,
827109de696471594cda5b4324112d47e4769d35b3fa3eb148b3e7ea723b5dfc,2025-02,South Yorkshire Police,South Yorkshire Police,-1.464041,53.497407,On or near Central Street,E01007396,Barnsley 028A,Violence and sexual offences,Unable to prosecute suspect,
fe3d7fbc2f80272d6706fd1957b9188dc7b5ce247359e19483c7a4737711ccf6,2025-02,South Yorkshire Police,South Yorkshire Police,-1.461146,53.497466,On or near Princess Street,E01007396,Barnsley 028A,Violence and sexual offences,Unable to prosecute suspect,
99c6a4021facb84b2f4983be482a322607e87cf0a6570b29ac47f49ac2d5a0d9,2025-02,South Yorkshire Police,South Yorkshire Police,-1.460740,53.497365,On or near Short Street,E01007396,Barnsley 028A,Violence and sexual offences,Unable to prosecute suspect,
d637638f2dd948508b6336e10975f7d8439da2557f13f12489cb2f45cd1ce63c,2025-02,South Yorkshire Police,South Yorkshire Police,-1.460952,53.496117,On or near Chapel Street,E01007396,Barnsley 028A,Violence and sexual offences,Unable to prosecute suspect,
93761e346e9c933af83dbcbd4d51a42f86dca3c36b58cfd17f19fb15a4ca3c94,2025-02,South Yorkshire Police,South Yorkshire Police,-1.464041,53.497407,On or near Central Street,E01007396,Barnsley 028A,Violence and sexual offences,Unable to prosecute suspect,
,2025-02,South Yorkshire Police,South Yorkshire Police,-1.455767,53.499617,On or near Fearnley Road,E01007397,Barnsley 028B,Anti-social behaviour,,
,2025-02,South Yorkshire Police,South Yorkshire Police,-1.455767,53.499617,On or near Fearnley Road,E01007397,Barnsley 028B,Anti-social behaviour,,
1bce369dc9aaf444b4a6406630a59bc3ccc26b651410e04d83fc4926a6adc6d7,2025-02,South Yorkshire Police,South Yorkshire Police,-1.455862,53.499258,On or near Springfield Lane,E01007397,Barnsley 028B,Vehicle crime,Investigation complete; no suspect identified,
f87edfbcd025a42f97831069fc9113d42ae03dd10607ac599778c846919b547d,2025-02,South Yorkshire Police,South Yorkshire Police,-1.457587,53.496380,On or near Stead Lane,E01007397,Barnsley 028B,Violence and sexual offences,Unable to prosecute suspect,
b7ec2965cf70b08649049ad8a3d80b539cde171db73c6803dae78b0eeda6ffb0,2025-02,South Yorkshire Police,South Yorkshire Police,-1.464380,53.498065,On or near Tranmoor Court,E01007397,Barnsley 028B,Violence and sexual offences,Local resolution,
45482e043324183c6a4f6f0c9280e144536c3acd10959cc2b9ff2d532d87ca5f,2025-02,South Yorkshire Police,South Yorkshire Police,-1.466307,53.499440,On or near Sale Street,E01007397,Barnsley 028B,Violence and sexual offences,Investigation complete; no suspect identified,
,2025-02,South Yorkshire Police,South Yorkshire Police,-1.443236,53.510264,On or near Barnsley Road,E01007398,Barnsley 028C,Anti-social behaviour,,
,2025-02,South Yorkshire Police,South Yorkshire Police,-1.463533,53.507831,On or near Shortwood Court,E01007398,Barnsley 028C,Anti-social behaviour,,
,2025-02,South Yorkshire Police,South Yorkshire Police,-1.472428,53.521264,On or near Hall Close,E01007398,Barnsley 028C,Anti-social behaviour,,
bd82ad3015b78315e35d7195df0a8df6d9e7a7dcc4360b5b7830449db37b6bbb,2025-02,South Yorkshire Police,South Yorkshire Police,-1.443236,53.510264,On or near Barnsley Road,E01007398,Barnsley 028C,Burglary,Investigation complete; no suspect identified,
9ee85eb1473789bfd242c2cec8443b00bc63dc0ca3d61c1be822be191d6df5ea,2025-02,South Yorkshire Police,South Yorkshire Police,-1.478010,53.514987,On or near Marshfield,E01007398,Barnsley 028C,Burglary,Investigation complete; no suspect identified,
0662f6edadecbb7f791c07ce990dcfd98e943aef82673120a930c156ae0f47ff,2025-02,South Yorkshire Police,South Yorkshire Police,-1.463533,53.507831,On or near Shortwood Court,E01007398,Barnsley 028C,Other theft,Investigation complete; no suspect identified,
4bd22b4b685d4420cfa706889b87275273543dee689190728946c8c4f6b9172a,2025-02,South Yorkshire Police,South Yorkshire Police,-1.480536,53.513147,On or near Hill Top Road,E01007398,Barnsley 028C,Vehicle crime,Investigation complete; no suspect identified,
62d1ff87e11d2f3d01c8ddfe994d11ad4914f8a005f35dba0cb9b6d4c5ca4d9d,2025-02,South Yorkshire Police,South Yorkshire Police,-1.481564,53.511731,On or near Petrol Station,E01007398,Barnsley 028C,Violence and sexual offences,Investigation complete; no suspect identified,
77fa8163f52716b98c4515353febdfc83a704af47db195a28d3d80c3fb80e946,2025-02,South Yorkshire Police,South Yorkshire Police,-1.480248,53.502170,On or near Ebony Mews,E01007399,Barnsley 028D,Burglary,Investigation complete; no suspect identified,
d679787d6c54376746e2e1eba221c9df84498047ed3bb5bea0fee67f949c762d,2025-02,South Yorkshire Police,South Yorkshire Police,-1.479226,53.504368,On or near Rockingham Street,E01007399,Barnsley 028D,Criminal damage and arson,Unable to prosecute suspect,
fe05781c06f56551c782fe006981788d27716d2500eb79113a4b7d483a276ce0,2025-02,South Yorkshire Police,South Yorkshire Police,-1.481023,53.505401,On or near Wentworth Street,E01007399,Barnsley 028D,Criminal damage and arson,Investigation complete; no suspect identified,
2cb38d5685784e5c5f217466ffcb753e3a440651820c3b217ec92432441514c1,2025-02,South Yorkshire Police,South Yorkshire Police,-1.480248,53.502170,On or near Ebony Mews,E01007399,Barnsley 028D,Other theft,Investigation complete; no suspect identified,
9078317955fbf61147a14468a450a22fe0006060e4e76f25192ab9613304d990,2025-02,South Yorkshire Police,South Yorkshire Police,-1.481882,53.505413,On or near Chapel Close,E01007399,Barnsley 028D,Violence and sexual offences,Unable to prosecute suspect,
,2025-02,South Yorkshire Police,South Yorkshire Police,-1.492742,53.497487,On or near Silkstone Close,E01007424,Barnsley 028E,Anti-social behaviour,,
,2025-02,South Yorkshire Police,South Yorkshire Police,-1.476742,53.501643,On or near Rockingham Row,E01007424,Barnsley 028E,Anti-social behaviour,,
0d03e52579663d50e3dbfd22aaf5e6bedb8b6ab36f3b096ea84007eff166e108,2025-02,South Yorkshire Police,South Yorkshire Police,-1.479866,53.496470,On or near Macnaghten Road,E01007424,Barnsley 028E,Burglary,Unable to prosecute suspect,
a6b9b319dfb480de03f8b21a4530a2a200b8ac3a64e89f140ecb66b399f17fb4,2025-02,South Yorkshire Police,South Yorkshire Police,-1.493770,53.494696,On or near Stone Row Court,E01007424,Barnsley 028E,Criminal damage and arson,Unable to prosecute suspect,
a74e5c899fedc05581776c7376f44809d70e250cd3c29ccb268e0d9bfa4ce16e,2025-02,South Yorkshire Police,South Yorkshire Police,-1.493770,53.494696,On or near Stone Row Court,E01007424,Barnsley 028E,Public order,Unable to prosecute suspect,
cccae4e4c2e149d6c71178a94170698ad2360aaeff21cc83695b6d5bc2cd0efe,2025-02,South Yorkshire Police,South Yorkshire Police,-1.479866,53.496470,On or near Macnaghten Road,E01007424,Barnsley 028E,Public order,Unable to prosecute suspect,
1dd1a81e4575b2baf245e59777eea4411dae66e016fa49bd1626c222bd4cb27c,2025-02,South Yorkshire Police,South Yorkshire Police,-1.484223,53.496390,On or near Woodbourne Gardens,E01007424,Barnsley 028E,Public order,Investigation complete; no suspect identified,
82036836462b57d4f07d91063d7ef27fd9a1816e15af39611e33d1e703e2b6e8,2025-02,South Yorkshire Police,South Yorkshire Police,-1.453654,53.485747,On or near Lidgett Grange,E01007424,Barnsley 028E,Vehicle crime,Investigation complete; no suspect identified,
495b5a4295738ae0bd10fc3e671ebeda87ba256390e7bfca08353490422af738,2025-02,South Yorkshire Police,South Yorkshire Police,-1.493770,53.494696,On or near Stone Row Court,E01007424,Barnsley 028E,Violence and sexual offences,Unable to prosecute suspect,
fa1105a4296df1fe456878fa2f3ae893046509124bc58c655a89e77b1d884ec0,2025-02,South Yorkshire Police,South Yorkshire Police,-1.493770,53.494696,On or near Stone Row Court,E01007424,Barnsley 028E,Violence and sexual offences,Action to be taken by another organisation,
9b70c2f98c5984b448cb594c629dc4d3885e12f83b2b42c4e54dc7beb9ab6b8e,2025-02,South Yorkshire Police,South Yorkshire Police,-1.467201,53.496639,On or near Tankersley Lane,E01007424,Barnsley 028E,Violence and sexual offences,Investigation complete; no suspect identified,
,2025-02,South Yorkshire Police,South Yorkshire Police,-1.424860,53.495391,On or near The Croft,E01007388,Barnsley 029A,Anti-social behaviour,,
3db2807e61d40d521b7cec335afb7c3a4846e4bf708bd369edc0fe2558400a61,2025-02,South Yorkshire Police,South Yorkshire Police,-1.422112,53.493544,On or near Wentworth Road,E01007388,Barnsley 029A,Burglary,Investigation complete; no suspect identified,
699c77443a0f7a56fdbde2cd5ddca6ab764276714f19cd70044aba2e6e5cab3a,2025-02,South Yorkshire Police,South Yorkshire Police,-1.433413,53.498290,On or near Millhouses Street,E01007388,Barnsley 029A,Criminal damage and arson,Investigation complete; no suspect identified,
7b366ec5fb31f791a21a94b00c272fecc4f37494c388d7c9f8ff2ffc1ea30f3e,2025-02,South Yorkshire Police,South Yorkshire Police,-1.425784,53.488376,On or near Water Lane,E01007388,Barnsley 029A,Vehicle crime,Investigation complete; no suspect identified,
1d10b0dad69030c9afb8b84a5605c0cd03f4028eb33ef283ad44db092253c440,2025-02,South Yorkshire Police,South Yorkshire Police,-1.424604,53.502033,On or near St Helen'S Street,E01007388,Barnsley 029A,Vehicle crime,Investigation complete; no suspect identified,
06c8540b23c128d6af3ab3b739fb1d034255fbd92212a6a6e8997d75e5aaef48,2025-02,South Yorkshire Police,South Yorkshire Police,-1.421606,53.493057,On or near Parking Area,E01007388,Barnsley 029A,Vehicle crime,Investigation complete; no suspect identified,
805645eae08f1d926db0dc8481247f99c4116eb915f8fa98f08beb6f5065dcca,2025-02,South Yorkshire Police,South Yorkshire Police,-1.433413,53.498290,On or near Millhouses Street,E01007388,Barnsley 029A,Violence and sexual offences,Unable to prosecute suspect,
3064a8ac2d7319dd8501b7acbc78bc472072d245dbb90eed8350bc14f1227155,2025-02,South Yorkshire Police,South Yorkshire Police,-1.436153,53.499697,On or near Southlea Road,E01007393,Barnsley 029B,Burglary,Investigation complete; no suspect identified,
3f73abfd6a730a080ddd8447fb025400130df69933bc25ca08a657d995038a4a,2025-02,South Yorkshire Police,South Yorkshire Police,-1.432697,53.499995,On or near King Street,E01007393,Barnsley 029B,Criminal damage and arson,Investigation complete; no suspect identified,
11cc5566b71beef1ab88ea1f5aa79a972976bfe7a3b67509b265fd1179e442d4,2025-02,South Yorkshire Police,South Yorkshire Police,-1.432192,53.501682,On or near Cherry Tree Street,E01007393,Barnsley 029B,Criminal damage and arson,Investigation complete; no suspect identified,
97aee8bd523c8ef966fbc912ffc82a5781a6c40141a9b1189671ec5b25192cd0,2025-02,South Yorkshire Police,South Yorkshire Police,-1.435549,53.503244,On or near Key Avenue,E01007393,Barnsley 029B,Public order,Awaiting court outcome,
6f60c8665686de229424eb2dc2e7254bf2364432312ae955280c3e6931d42591,2025-02,South Yorkshire Police,South Yorkshire Police,-1.435549,53.503244,On or near Key Avenue,E01007393,Barnsley 029B,Violence and sexual offences,Unable to prosecute suspect,
27a41384603cb25355fd76ec9f42d518ea167909347bd11ae41ad50319d8388d,2025-02,South Yorkshire Police,South Yorkshire Police,-1.432192,53.501682,On or near Cherry Tree Street,E01007393,Barnsley 029B,Violence and sexual offences,Unable to prosecute suspect,
5396d2aa441f1e6e97be10427303c99dfcdd90287c2f65d193df34837f610631,2025-02,South Yorkshire Police,South Yorkshire Police,-1.432041,53.500567,On or near Royal Court,E01007393,Barnsley 029B,Violence and sexual offences,Unable to prosecute suspect,
3e420a4343e893986758281e24ff2b1d550ccb9cbf0ee42f2442e879e12b4139,2025-02,South Yorkshire Police,South Yorkshire Police,-1.431681,53.499298,On or near Gill Street,E01007393,Barnsley 029B,Violence and sexual offences,Awaiting court outcome,
00689518fd064c5b7e1d489c5cf5b83a7ca8f89f6c58cd7f935ccda6f96f3ceb,2025-02,South Yorkshire Police,South Yorkshire Police,-1.435773,53.502203,On or near Barber Street,E01007393,Barnsley 029B,Violence and sexual offences,Unable to prosecute suspect,
b884b57f5416fe63f3acd326e0de44d4a6cbb485fdef5a5355e3abe13bad80be,2025-02,South Yorkshire Police,South Yorkshire Police,-1.435549,53.503244,On or near Key Avenue,E01007393,Barnsley 029B,Violence and sexual offences,Awaiting court outcome,
e044f6545f2d0681301e8fe19ad22adbe7f8cfabbc9b50284d40c9cfdcf79710,2025-02,South Yorkshire Police,South Yorkshire Police,-1.436736,53.503537,On or near Greenfield Road,E01007393,Barnsley 029B,Violence and sexual offences,Unable to prosecute suspect,
7839bdd973cc696d07a98ff5b9421d52dd56483fa48e2deab6ad262c44f2079e,2025-02,South Yorkshire Police,South Yorkshire Police,-1.436736,53.503537,On or near Greenfield Road,E01007393,Barnsley 029B,Violence and sexual offences,Unable to prosecute suspect,
8bbadf1d1882fa368f8030163d5ca68144f262d1e80e847f43431a84a4f2b79b,2025-02,South Yorkshire Police,South Yorkshire Police,-1.431681,53.499298,On or near Gill Street,E01007393,Barnsley 029B,Violence and sexual offences,Unable to prosecute suspect,
478cd113858bd343bb7db89d7eccbb61466ed05007ca6e3bc5713f3d73987860,2025-02,South Yorkshire Police,South Yorkshire Police,-1.435549,53.503244,On or near Key Avenue,E01007393,Barnsley 029B,Other crime,Awaiting court outcome,
bc9512354682a0b434d2987c52a6d7af47927867f1a9caa549dea90a7d55efa1,2025-02,South Yorkshire Police,South Yorkshire Police,-1.435773,53.502203,On or near Barber Street,E01007393,Barnsley 029B,Other crime,Unable to prosecute suspect,
c81cde99f1bf59a062a54b09e8dc1460ede022127abc739662a45b48e883fa1a,2025-02,South Yorkshire Police,South Yorkshire Police,-1.420321,53.502147,On or near Welland Crescent,E01007394,Barnsley 029C,Drugs,Unable to prosecute suspect,
00ce7280286f12913107b7a2b06f86d89b03424d15e95731789b8064d8d3af04,2025-02,South Yorkshire Police,South Yorkshire Police,-1.420321,53.502147,On or near Welland Crescent,E01007394,Barnsley 029C,Other theft,Unable to prosecute suspect,
eb76400ff68bccec1a1633cb3e561698d068b79b3b7d2dc17c0a529824c3dfe2,2025-02,South Yorkshire Police,South Yorkshire Police,-1.422414,53.501267,On or near Welland Gardens,E01007394,Barnsley 029C,Other theft,Investigation complete; no suspect identified,
cc203b6569e01c1680e271b1eaa53380aed5228071daaa7550e7033785ca523c,2025-02,South Yorkshire Police,South Yorkshire Police,-1.422414,53.501267,On or near Welland Gardens,E01007394,Barnsley 029C,Vehicle crime,Investigation complete; no suspect identified,
,2025-02,South Yorkshire Police,South Yorkshire Police,-1.406471,53.506097,On or near Tingle Croft,E01007456,Barnsley 029D,Anti-social behaviour,,
bc1c9275716ff09531f93e20d2af4c8764778bd6cbaead6cee94b1e6438b4d67,2025-02,South Yorkshire Police,South Yorkshire Police,-1.415139,53.507362,On or near Fitzwilliam Street,E01007456,Barnsley 029D,Burglary,Investigation complete; no suspect identified,
8fc6294df3de0778c2b70107ff79e128705f9f9b41a79b51dd323841975dddc6,2025-02,South Yorkshire Police,South Yorkshire Police,-1.406443,53.505962,On or near Tingle Close,E01007456,Barnsley 029D,Drugs,Unable to prosecute suspect,
dec9c5ab9495574b443cbb96e3720721ab591eb60bfa91353530d7171df5f36a,2025-02,South Yorkshire Police,South Yorkshire Police,-1.409663,53.507515,On or near Old House Close,E01007456,Barnsley 029D,Other theft,Investigation complete; no suspect identified,
f4ded3a0d8c23491158630b0d5547b45850203582dac515ea117ec219c34b982,2025-02,South Yorkshire Police,South Yorkshire Police,-1.417610,53.503095,On or near Fairburn Grove,E01007456,Barnsley 029D,Public order,Unable to prosecute suspect,
63d9b0d857b2787e3efbe21fd1f6394bfccefc931e0e54faad1b46ebf083e386,2025-02,South Yorkshire Police,South Yorkshire Police,-1.418417,53.503585,On or near Saxton Close,E01007456,Barnsley 029D,Violence and sexual offences,Offender given a caution,
f59759047ba0ff18be9b38ec5c6f7ce23de14e1a2502e7d2afe3b06d5aa68e91,2025-02,South Yorkshire Police,South Yorkshire Police,-1.417610,53.503095,On or near Fairburn Grove,E01007456,Barnsley 029D,Other crime,Unable to prosecute suspect,
51fe434ea118c861537981861cba0ec13e71a420c5f63d9b45b304a351aa0fa4,2025-02,South Yorkshire Police,South Yorkshire Police,-1.427215,53.505191,On or near Wentworth Road,E01007457,Barnsley 029E,Criminal damage and arson,Unable to prosecute suspect,
47101098536821a5e3850c7032e6c9e5c39bdc2b99a81da39ca3fda0c3eb5cea,2025-02,South Yorkshire Police,South Yorkshire Police,-1.427028,53.506736,On or near Cemetery Court,E01007457,Barnsley 029E,Other theft,Unable to prosecute suspect,
4f8b2abf2f524b3e780fc24e9b5ddad44e6c1c808929aab948340744818153cd,2025-02,South Yorkshire Police,South Yorkshire Police,-1.425171,53.508031,On or near Hall Avenue,E01007457,Barnsley 029E,Vehicle crime,Investigation complete; no suspect identified,
11376ca3575fd4ebf2eb60a60c705442202d1834f87b0b44d0cc7009fc608b3d,2025-02,South Yorkshire Police,South Yorkshire Police,-1.428380,53.507120,On or near Wentworth Road,E01007457,Barnsley 029E,Violence and sexual offences,Unable to prosecute suspect,
257e50a6114e00233ceeca514d1e263a87d5756f0c12482d20e141a81826b23d,2025-02,South Yorkshire Police,South Yorkshire Police,-1.413099,53.508745,On or near Quest Avenue,E01007457,Barnsley 029E,Violence and sexual offences,Unable to prosecute suspect,
15fba6b6ece7fc07d95ecf8ae27a9b731fe647ba2aece3d748467594dabc7c6c,2025-02,South Yorkshire Police,South Yorkshire Police,-1.428380,53.507120,On or near Wentworth Road,E01007457,Barnsley 029E,Violence and sexual offences,Unable to prosecute suspect,
af46456e49db9a43eb369281e8f3dc8d1e99a121260fa81c3c57d6a57041df0c,2025-02,South Yorkshire Police,South Yorkshire Police,-1.428380,53.507120,On or near Wentworth Road,E01007457,Barnsley 029E,Violence and sexual offences,Unable to prosecute suspect,
3f5bca3c7d292ebff47bac09f5ba618dc99b2edf4bac6baf8ae34e4471876f19,2025-02,South Yorkshire Police,South Yorkshire Police,-1.425553,53.505435,On or near Allott Crescent,E01007457,Barnsley 029E,Violence and sexual offences,Unable to prosecute suspect,
fdcc45eb7e3c7c706d23802bddc0e73d6d479b3b222ac4151cccc9159538f747,2025-02,South Yorkshire Police,South Yorkshire Police,-1.428790,53.509181,On or near Roebuck Ridge,E01007457,Barnsley 029E,Violence and sexual offences,Unable to prosecute suspect,
595ffc52f3cfc6f4f989db5bfd84ab6c3feb15c94cbb01a6adcb772d267ea8b6,2025-02,South Yorkshire Police,South Yorkshire Police,-1.429731,53.506488,On or near Milton Close,E01007457,Barnsley 029E,Violence and sexual offences,Unable to prosecute suspect,
3d2fd40655fabd3958467df1dfbe8edddffbadb598633345d9eea61f9e3e901a,2025-02,South Yorkshire Police,South Yorkshire Police,-1.427215,53.505191,On or near Wentworth Road,E01007457,Barnsley 029E,Violence and sexual offences,Unable to prosecute suspect,
db4f7c83c097f445dbe648b3cc15b7328227e3e28dba6421c7ed7b7f93b190c3,2025-02,South Yorkshire Police,South Yorkshire Police,-1.437590,53.497079,On or near Milton Road,E01007389,Barnsley 030A,Public order,Unable to prosecute suspect,
6745c58c48869d5b88465dfa539d06cc16654f1a1a942981dd65a6ac9089f27f,2025-02,South Yorkshire Police,South Yorkshire Police,-1.436512,53.495393,On or near Weir Close,E01007389,Barnsley 030A,Vehicle crime,Investigation complete; no suspect identified,
100cf7ace99ce2326bef3fd7144aea3dfc074d89ed8960bdfd38adcfcb4ec966,2025-02,South Yorkshire Police,South Yorkshire Police,-1.436512,53.495393,On or near Weir Close,E01007389,Barnsley 030A,Vehicle crime,Investigation complete; no suspect identified,
2ff1d26fd3f5def0e8f27ba7e1f2870b848b370ffa04c8062a7b38601baae16e,2025-02,South Yorkshire Police,South Yorkshire Police,-1.439687,53.498077,On or near Woodcock Road,E01007389,Barnsley 030A,Violence and sexual offences,Unable to prosecute suspect,
,2025-02,South Yorkshire Police,South Yorkshire Police,-1.451268,53.496666,On or near Willow Close,E01007390,Barnsley 030B,Anti-social behaviour,,
,2025-02,South Yorkshire Police,South Yorkshire Police,-1.451231,53.499542,On or near Vernon Street,E01007390,Barnsley 030B,Anti-social behaviour,,
,2025-02,South Yorkshire Police,South Yorkshire Police,-1.449407,53.499507,On or near South View Road,E01007390,Barnsley 030B,Anti-social behaviour,,
,2025-02,South Yorkshire Police,South Yorkshire Police,-1.449407,53.499507,On or near South View Road,E01007390,Barnsley 030B,Anti-social behaviour,,
,2025-02,South Yorkshire Police,South Yorkshire Police,-1.449407,53.499507,On or near South View Road,E01007390,Barnsley 030B,Anti-social behaviour,,
,2025-02,South Yorkshire Police,South Yorkshire Police,-1.449407,53.499507,On or near South View Road,E01007390,Barnsley 030B,Anti-social behaviour,,
,2025-02,South Yorkshire Police,South Yorkshire Police,-1.446397,53.500248,On or near Broad Street,E01007390,Barnsley 030B,Anti-social behaviour,,
,2025-02,South Yorkshire Police,South Yorkshire Police,-1.449407,53.499507,On or near South View Road,E01007390,Barnsley 030B,Anti-social behaviour,,
,2025-02,South Yorkshire Police,South Yorkshire Police,-1.449407,53.499507,On or near South View Road,E01007390,Barnsley 030B,Anti-social behaviour,,
,2025-02,South Yorkshire Police,South Yorkshire Police,-1.449407,53.499507,On or near South View Road,E01007390,Barnsley 030B,Anti-social behaviour,,
43d9170c34cf868d466220740b3ce0fb30caf785829676e2219345af25dd7049,2025-02,South Yorkshire Police,South Yorkshire Police,-1.451268,53.496666,On or near Willow Close,E01007390,Barnsley 030B,Other theft,Investigation complete; no suspect identified,
5def1d8d9386e77b8cd155d9891635aa2f696d06b64d583e4031d8f4e94d95a4,2025-02,South Yorkshire Police,South Yorkshire Police,-1.446397,53.500248,On or near Broad Street,E01007390,Barnsley 030B,Possession of weapons,Investigation complete; no suspect identified,
71bca910ede97c8a34e3038534e96f6682779503a52e590bb8aceae61ddf2d72,2025-02,South Yorkshire Police,South Yorkshire Police,-1.450562,53.499934,On or near Bank Street,E01007390,Barnsley 030B,Violence and sexual offences,Unable to prosecute suspect,
24160a1e1ee61bc829be2cf891714c5678a95dcb3b596b0893ffc1003ebc8cb3,2025-02,South Yorkshire Police,South Yorkshire Police,-1.451438,53.498680,On or near Fearn House Crescent,E01007390,Barnsley 030B,Violence and sexual offences,Unable to prosecute suspect,
034f7ce0ca81fe8a91282048888ee88acb2f5eaa831ac8e21eea56a01714ce85,2025-02,South Yorkshire Police,South Yorkshire Police,-1.449407,53.499507,On or near South View Road,E01007390,Barnsley 030B,Violence and sexual offences,Unable to prosecute suspect,
33dcb200c7e1270d93d596a1cd7b9723560aa46b988d129673cae5272c5590aa,2025-02,South Yorkshire Police,South Yorkshire Police,-1.437360,53.499630,On or near George Street,E01007391,Barnsley 030C,Other theft,Status update unavailable,
20d978100e74a39af380d6f8ac25cc09394eac6a6c729bef0a9355bc01c8ae48,2025-02,South Yorkshire Police,South Yorkshire Police,-1.437383,53.500188,On or near Parking Area,E01007391,Barnsley 030C,Shoplifting,Investigation complete; no suspect identified,
6c59eea2226cc428d886b40e6298a9650ee67a13e77eae659efad069ecc09002,2025-02,South Yorkshire Police,South Yorkshire Police,-1.437383,53.500188,On or near Parking Area,E01007391,Barnsley 030C,Shoplifting,Investigation complete; no suspect identified,
e66402212b259414919fc5c9731cbc25dae0576590c6297b6271c068abd2d152,2025-02,South Yorkshire Police,South Yorkshire Police,-1.444515,53.497767,On or near Glenville Close,E01007391,Barnsley 030C,Theft from the person,Unable to prosecute suspect,
2a7cca6a49ce501cb605c218a4e67269299f6de6ebc14306cdc174097fbd34d8,2025-02,South Yorkshire Police,South Yorkshire Police,-1.449199,53.496971,On or near Redwood Close,E01007391,Barnsley 030C,Violence and sexual offences,Unable to prosecute suspect,
a8f4102cdc44b70811670abddfe1e1d06acaf0796308eaebb935299df791b068,2025-02,South Yorkshire Police,South Yorkshire Police,-1.437487,53.501438,On or near Parking Area,E01007391,Barnsley 030C,Violence and sexual offences,Awaiting court outcome,
09df16b19f3ff110a44813481eabf335e9538b3f5786b211cfebdbdb0ffcf649,2025-02,South Yorkshire Police,South Yorkshire Police,-1.437487,53.501438,On or near Parking Area,E01007391,Barnsley 030C,Violence and sexual offences,Awaiting court outcome,
57c4b90ce43085aaf2dfe7e075890b869571a1fc18ad611b6005084723239428,2025-02,South Yorkshire Police,South Yorkshire Police,-1.439785,53.500936,On or near Parking Area,E01007391,Barnsley 030C,Violence and sexual offences,Unable to prosecute suspect,
8380d8dade74fb21bbf6aba6a31db645e911f10a0a76d3634de66d4ae7ee73e3,2025-02,South Yorkshire Police,South Yorkshire Police,-1.451288,53.497421,On or near Oak Close,E01007391,Barnsley 030C,Other crime,Further investigation is not in the public interest,
a86a28fee023af5ec4f78a9d41229e242eae666ff5a4cfd4e03a76d141f76da3,2025-02,South Yorkshire Police,South Yorkshire Police,-1.451288,53.497421,On or near Oak Close,E01007391,Barnsley 030C,Other crime,Unable to prosecute suspect,
ec41fc4dce1fbff81f2108919d901120d08c87d3713465d3440b967b4eedadf0,2025-02,South Yorkshire Police,South Yorkshire Police,-1.436353,53.506241,On or near York Street,E01007392,Barnsley 030D,Criminal damage and arson,Investigation complete; no suspect identified,
c396d82c0cab3601c8d27de9bb0fdcbc3b20628fb657f89e7e6f6ddb094b82bb,2025-02,South Yorkshire Police,South Yorkshire Police,-1.437894,53.504837,On or near Greenside Lane,E01007392,Barnsley 030D,Criminal damage and arson,Awaiting court outcome,
1aa541e502412c739cd5757a4196ecaed35411a6670423553e1590e7afd32821,2025-02,South Yorkshire Police,South Yorkshire Police,-1.436353,53.506241,On or near York Street,E01007392,Barnsley 030D,Criminal damage and arson,Unable to prosecute suspect,
8cea4233ef81dd5793370401ea3e4ab904ece835dfcf431046d6229c7532d2af,2025-02,South Yorkshire Police,South Yorkshire Police,-1.440983,53.506119,On or near Cumberland Close,E01007392,Barnsley 030D,Other theft,Investigation complete; no suspect identified,
df7f5e31d078923c534f2c72a60aaee7ff4111c13ff1dc9ba0e39c9eb3a2ba35,2025-02,South Yorkshire Police,South Yorkshire Police,-1.443350,53.505007,On or near Old School Close,E01007392,Barnsley 030D,Public order,Status update unavailable,
df5944ff98feb79b886afa811e8f5b4a1141f6c44d3d5e6fa84af811eba5f4b5,2025-02,South Yorkshire Police,South Yorkshire Police,-1.440983,53.506119,On or near Cumberland Close,E01007392,Barnsley 030D,Vehicle crime,Investigation complete; no suspect identified,
07675bfe812668b8e6b7a474742b4eeb01bd4f3797c84ae733dfdbb5f1a021ec,2025-02,South Yorkshire Police,South Yorkshire Police,-1.438696,53.506953,On or near Northumberland Avenue,E01007392,Barnsley 030D,Violence and sexual offences,Unable to prosecute suspect,
803b54712a5bc761b4060818b75d3c0b1e32c43d01c6f38251ef9caf2785cd3a,2025-02,South Yorkshire Police,South Yorkshire Police,-1.438742,53.505758,On or near Cumberland Road,E01007392,Barnsley 030D,Violence and sexual offences,Unable to prosecute suspect,
c55aab4f3c46296c774aaed90f253d294adca79704678dcee9973a65a503be99,2025-02,South Yorkshire Police,South Yorkshire Police,-1.438742,53.505758,On or near Cumberland Road,E01007392,Barnsley 030D,Violence and sexual offences,Unable to prosecute suspect,
7ae79962b3c930e18411496c60984a3094776370be8421e9c26d60ec564f52db,2025-02,South Yorkshire Police,South Yorkshire Police,-1.436353,53.506241,On or near York Street,E01007392,Barnsley 030D,Violence and sexual offences,Unable to prosecute suspect,
ad9916d5be3897addb422333a54b0c0ce4df5fbcd428fe3ab1ccc048a681ec30,2025-02,South Yorkshire Police,South Yorkshire Police,-1.440420,53.506530,On or near Kingswood Crescent,E01007392,Barnsley 030D,Violence and sexual offences,Status update unavailable,
f5ba22a1be1599acf23bca958e82f6fe8898ba2cfc80681b107b832445ad2d0b,2025-02,South Yorkshire Police,South Yorkshire Police,-1.436353,53.506241,On or near York Street,E01007392,Barnsley 030D,Violence and sexual offences,Awaiting court outcome,
b2a2cd49438349201fc1b2e98766365f0b72923e5163f48e6caf12b7570736c0,2025-02,South Yorkshire Police,South Yorkshire Police,-1.439532,53.508701,On or near Guest Street,E01007392,Barnsley 030D,Other crime,Unable to prosecute suspect,
38b3e35e911d64621be7681ce033749c72be428be222cfc3b8942057c593b095,2025-02,South Yorkshire Police,South Yorkshire Police,-1.440983,53.506119,On or near Cumberland Close,E01007392,Barnsley 030D,Other crime,Investigation complete; no suspect identified,
,2025-02,South Yorkshire Police,South Yorkshire Police,-1.447976,53.500597,On or near West Street,E01007395,Barnsley 030E,Anti-social behaviour,,
,2025-02,South Yorkshire Police,South Yorkshire Police,-1.442170,53.521387,On or near Wombwell Lane,E01007395,Barnsley 030E,Anti-social behaviour,,
,2025-02,South Yorkshire Police,South Yorkshire Police,-1.441571,53.509609,On or near Silkstone View,E01007395,Barnsley 030E,Anti-social behaviour,,
1b1aa23c82c74cb7815b126b2ff8db1500e5470caa146950255606c5f1b1157d,2025-02,South Yorkshire Police,South Yorkshire Police,-1.441410,53.509213,On or near Woodlands Road,E01007395,Barnsley 030E,Other theft,Unable to prosecute suspect,
11b3b85505a3273726024242db3bf088da0eb2aa58156f32c675591f4877fe22,2025-02,South Yorkshire Police,South Yorkshire Police,-1.446363,53.514486,On or near Wentworth Road,E01007395,Barnsley 030E,Other theft,Unable to prosecute suspect,
31552aa39c6b17812758d23371d51d90b414085bab6e3437f41d092e542f20c9,2025-02,South Yorkshire Police,South Yorkshire Police,-1.447976,53.500597,On or near West Street,E01007395,Barnsley 030E,Public order,Investigation complete; no suspect identified,
779d9e552dcc690a3da44b4f1c4d56d779585c0690bb836e9f2dfd588736349e,2025-02,South Yorkshire Police,South Yorkshire Police,-1.447976,53.500597,On or near West Street,E01007395,Barnsley 030E,Public order,Awaiting court outcome,
22725e3199852ecc11376895216f57e2dc810f6af71bc1ead564540ca12800ee,2025-02,South Yorkshire Police,South Yorkshire Police,-1.447976,53.500597,On or near West Street,E01007395,Barnsley 030E,Shoplifting,Awaiting court outcome,
a758609b612e4775665f0aaf2675d9bd93bd3da3db544e8bb38933f69a8a6481,2025-02,South Yorkshire Police,South Yorkshire Police,-1.447976,53.500597,On or near West Street,E01007395,Barnsley 030E,Shoplifting,Investigation complete; no suspect identified,
301256ebe23bf063b74ef3fbc17f210e21b7e335548d892af4b8a1c7bc0b2bb9,2025-02,South Yorkshire Police,South Yorkshire Police,-1.447976,53.500597,On or near West Street,E01007395,Barnsley 030E,Shoplifting,Awaiting court outcome,
b2fa1a2f18b6817d1448109859ca87db95d29aa08888b439b17353411827ea83,2025-02,South Yorkshire Police,South Yorkshire Police,-1.447976,53.500597,On or near West Street,E01007395,Barnsley 030E,Shoplifting,Awaiting court outcome,
d9d6bd3dfef4081247e662a84cfd8f338d3bcd519ecaac12e4ca0ba64376d6a0,2025-02,South Yorkshire Police,South Yorkshire Police,-1.447976,53.500597,On or near West Street,E01007395,Barnsley 030E,Shoplifting,Awaiting court outcome,
6410838bf45ba69433dab12f2ab05804dab6c6f95a7babd7b9a3874d6bdd9b80,2025-02,South Yorkshire Police,South Yorkshire Police,-1.447976,53.500597,On or near West Street,E01007395,Barnsley 030E,Shoplifting,Awaiting court outcome,
9adbc12b8e3f6055e5c9f26036a6bb967b586601025bb9a8a12a3dbaeb7e8b29,2025-02,South Yorkshire Police,South Yorkshire Police,-1.447976,53.500597,On or near West Street,E01007395,Barnsley 030E,Shoplifting,Investigation complete; no suspect identified,
f8066715f675a96fa5a9e0437e91be612f8ccf031467724f9cb1482f22960ca3,2025-02,South Yorkshire Police,South Yorkshire Police,-1.447976,53.500597,On or near West Street,E01007395,Barnsley 030E,Shoplifting,Awaiting court outcome,
f937c7d87d2401cf69c7a3fde65cde859c91907394525e8850bf8dcb6c6243f3,2025-02,South Yorkshire Police,South Yorkshire Police,-1.447976,53.500597,On or near West Street,E01007395,Barnsley 030E,Shoplifting,Awaiting court outcome,
56d4e194d5c7f6915ba743af4f37edd91485cd8fa37f635273555ecec8553544,2025-02,South Yorkshire Police,South Yorkshire Police,-1.447976,53.500597,On or near West Street,E01007395,Barnsley 030E,Shoplifting,Awaiting court outcome,
b616cf5d070eaea5c1714ecc93bdff4f96f1ce4e95e50dc1356b139cbe757f7e,2025-02,South Yorkshire Police,South Yorkshire Police,-1.447976,53.500597,On or near West Street,E01007395,Barnsley 030E,Shoplifting,Awaiting court outcome,
85288f5e2b1649c6a060a6ad2e7a75bae9fc6dcedea09dad6ed70d84d9759b6f,2025-02,South Yorkshire Police,South Yorkshire Police,-1.447976,53.500597,On or near West Street,E01007395,Barnsley 030E,Shoplifting,Awaiting court outcome,
2ec98904d40e40777ef22eeacf4733e32196051614c0757f2b30babe97e143c4,2025-02,South Yorkshire Police,South Yorkshire Police,-1.447976,53.500597,On or near West Street,E01007395,Barnsley 030E,Shoplifting,Awaiting court outcome,
ef8613f932ebd8d812f877a33086a0144512a68a0b3ad22f7321dbcfc08895bb,2025-02,South Yorkshire Police,South Yorkshire Police,-1.449658,53.504568,On or near Mount Crescent,E01007395,Barnsley 030E,Vehicle crime,Investigation complete; no suspect identified,
c7c8bdf8bab9980957b5d4d31dce62d869b265185467b1516872cea5db3e8268,2025-02,South Yorkshire Police,South Yorkshire Police,-1.446886,53.514856,On or near Quarry Road,E01007395,Barnsley 030E,Violence and sexual offences,Unable to prosecute suspect,
6aef4935579a50ebfc22cd657431e01de41812afb0f671d4d168d3bdc7934fd5,2025-02,South Yorkshire Police,South Yorkshire Police,-1.448171,53.504157,On or near Coronation Road,E01007395,Barnsley 030E,Violence and sexual offences,Investigation complete; no suspect identified,
eb32f6f4c458ebcb4189f2488276ecd48e3dbed68732f454ef7fffcc969779b2,2025-02,South Yorkshire Police,South Yorkshire Police,-1.444969,53.514946,On or near Woodhead Drive,E01007395,Barnsley 030E,Violence and sexual offences,Unable to prosecute suspect,
3f8e4770408c9215b98d47ddc67ccf30548e46449da54a6d82f2e9ed2d7e5903,2025-02,South Yorkshire Police,South Yorkshire Police,-1.447976,53.500597,On or near West Street,E01007395,Barnsley 030E,Violence and sexual offences,Unable to prosecute suspect,
e9e3fb424b6d1261343e55aaa01a97535ee624ee32995599de91db691b0e8bc6,2025-02,South Yorkshire Police,South Yorkshire Police,-1.446040,53.502242,On or near Longfields Crescent,E01007395,Barnsley 030E,Violence and sexual offences,Unable to prosecute suspect,
da37b27b2536b56b6c1d1d9d827afd24912e8f40cad53abcf75566f612e9e3c2,2025-02,South Yorkshire Police,South Yorkshire Police,-1.061568,53.424876,On or near Mirabelle Way,E01028028,Bassetlaw 001F,Violence and sexual offences,Unable to prosecute suspect,
,2025-02,South Yorkshire Police,South Yorkshire Police,-0.961818,53.447251,On or near Middle Street,E01028023,Bassetlaw 003A,Anti-social behaviour,,
718eb9ed7cb951e9dacc712242e9d8ba2d8a105172a5f6d1a3142aa54f264ee0,2025-02,South Yorkshire Police,South Yorkshire Police,-0.994742,53.319853,On or near Pilgrim Close,E01028036,Bassetlaw 003C,Violence and sexual offences,Status update unavailable,
,2025-02,South Yorkshire Police,South Yorkshire Police,-1.129278,53.389271,On or near Parking Area,E01028029,Bassetlaw 004E,Anti-social behaviour,,
,2025-02,South Yorkshire Police,South Yorkshire Police,-1.293257,53.289778,On or near Orchard Close,E01019478,Bolsover 001A,Anti-social behaviour,,
9b5cadf1af14c7e80b4da9bf4854ff5ce226862eb424658109962578a4a0c15e,2025-02,South Yorkshire Police,South Yorkshire Police,-1.434100,53.223076,On or near Melling Close,E01019578,Chesterfield 013D,Public order,Status update unavailable,
,2025-02,South Yorkshire Police,South Yorkshire Police,-1.626522,53.305525,On or near Grindleford,E01019614,Derbyshire Dales 001B,Anti-social behaviour,,
,2025-02,South Yorkshire Police,South Yorkshire Police,-0.950221,53.633460,On or near Grange Grove,E01007632,Doncaster 001A,Anti-social behaviour,,
8259adefaa55828aac026f9094f05dc9e158b5c62f709151e039dd7bebc35d8c,2025-02,South Yorkshire Police,South Yorkshire Police,-0.950439,53.631395,On or near Church View Gardens,E01007632,Doncaster 001A,Criminal damage and arson,Investigation complete; no suspect identified,
766bb361a7eef9b754eab6e39f07a19870712444e33142e6e2f16a552006365a,2025-02,South Yorkshire Police,South Yorkshire Police,-0.950439,53.631395,On or near Church View Gardens,E01007632,Doncaster 001A,Criminal damage and arson,Investigation complete; no suspect identified,
d9f41f2665e8f721bcb125e2b5d9edbd21662de55308b4f17763f4f6cb7d2ba7,2025-02,South Yorkshire Police,South Yorkshire Police,-0.949322,53.634342,On or near The Green,E01007632,Doncaster 001A,Criminal damage and arson,Unable to prosecute suspect,
95e7831c3e66b406c31dcac1c9b783cbfb1f30e491ec2cfd80c1980c0e984631,2025-02,South Yorkshire Police,South Yorkshire Police,-0.946076,53.631680,On or near Gainford Square,E01007632,Doncaster 001A,Drugs,Unable to prosecute suspect,
1b9dff2f3815c867e1e198ffcd080d1371556193af6612aa351de846fd119cab,2025-02,South Yorkshire Police,South Yorkshire Police,-0.971510,53.638634,On or near Marsh Lane,E01007632,Doncaster 001A,Public order,Investigation complete; no suspect identified,
f2462ddf7115bc9b4f9f505d57b62aae2a2e26a8ef8b8cf6acb23d3a1cd6629e,2025-02,South Yorkshire Police,South Yorkshire Police,-0.950439,53.631395,On or near Church View Gardens,E01007632,Doncaster 001A,Violence and sexual offences,Unable to prosecute suspect,
4252d3a2bef8807cfbb09683dc637fdb00b6d3a80eb288ba709cde94217b7191,2025-02,South Yorkshire Police,South Yorkshire Police,-0.946076,53.631680,On or near Gainford Square,E01007632,Doncaster 001A,Violence and sexual offences,Status update unavailable,
f074a6ae22bfce8439070dde2e2d454f30310a46934f35de86ee77c368b43df2,2025-02,South Yorkshire Police,South Yorkshire Police,-0.950221,53.633460,On or near Grange Grove,E01007632,Doncaster 001A,Violence and sexual offences,Unable to prosecute suspect,
5720d2236bd975047d2a6d112d5541c13b7e6967982d55a43363f633c2f5da4a,2025-02,South Yorkshire Police,South Yorkshire Police,-0.945529,53.635441,On or near Haig Road,E01007633,Doncaster 001B,Criminal damage and arson,Unable to prosecute suspect,
265eb6a03d4244b8ee5cb61e7d8034d64de5b02485cee843e1e6b21868e9b862,2025-02,South Yorkshire Police,South Yorkshire Police,-0.953284,53.636786,On or near North Common Road,E01007633,Doncaster 001B,Other theft,Investigation complete; no suspect identified,
f51d0cd95a7625b466b5d2c792ee588f0acab8f294d7d8db34f947cd9b875936,2025-02,South Yorkshire Police,South Yorkshire Police,-0.953284,53.636786,On or near North Common Road,E01007633,Doncaster 001B,Public order,Unable to prosecute suspect,
2b6587af766a1d8dfd91691e28dacb300eb224ec0a3fe193764e1c0ffcdb879b,2025-02,South Yorkshire Police,South Yorkshire Police,-0.953284,53.636786,On or near North Common Road,E01007633,Doncaster 001B,Public order,Investigation complete; no suspect identified,
89d54c7a0b2081fb44259d4cda0c0367cf11c0e38fee0011f02cfd492eef0f20,2025-02,South Yorkshire Police,South Yorkshire Police,-0.943057,53.629649,On or near Locarno Road,E01007633,Doncaster 001B,Vehicle crime,Investigation complete; no suspect identified,
68e1b3980d628ec12592551933efadf83f1c414ccaa1f6a5dc9bd30585a028dc,2025-02,South Yorkshire Police,South Yorkshire Police,-0.944479,53.635675,On or near Oakmoor Grove,E01007633,Doncaster 001B,Violence and sexual offences,Unable to prosecute suspect,
a468dfb51aa8880f30c5e4f20e6c1f14e3ced0a4d539691bf78fb416546c8860,2025-02,South Yorkshire Police,South Yorkshire Police,-0.953284,53.636786,On or near North Common Road,E01007633,Doncaster 001B,Violence and sexual offences,Unable to prosecute suspect,
352841a6bdcd1706a02f0ca78e3e1f1e53e2469ea2200be5fcfb5f51e48aca57,2025-02,South Yorkshire Police,South Yorkshire Police,-0.947957,53.635715,On or near Chadwick Road,E01007633,Doncaster 001B,Violence and sexual offences,Unable to prosecute suspect,
5e24e123816f5fe4605f25d7eb1f80b7f5b7fcdc753569b906dc2de7fb07ed60,2025-02,South Yorkshire Police,South Yorkshire Police,-0.944508,53.630875,On or near High Hazel Road,E01007633,Doncaster 001B,Other crime,Unable to prosecute suspect,
,2025-02,South Yorkshire Police,South Yorkshire Police,-0.948831,53.630985,On or near The Hermitage,E01007634,Doncaster 001C,Anti-social behaviour,,
213110d48d45e17bc2cec1c1462d990e299a9203f72b45da31f7b57fb5c473fc,2025-02,South Yorkshire Police,South Yorkshire Police,-0.947965,53.628721,On or near Orchard Lane,E01007634,Doncaster 001C,Burglary,Investigation complete; no suspect identified,
b623df596c2935319e4eb9d184a0dcbe4acd626b44979473e97e3e980cf3e723,2025-02,South Yorkshire Police,South Yorkshire Police,-0.954223,53.631257,On or near Darlington Grove,E01007634,Doncaster 001C,Criminal damage and arson,Investigation complete; no suspect identified,
69a034a7afb39d3d96a98abca86a0966ad7850d5c07a07deac9dbe5867fa3d50,2025-02,South Yorkshire Police,South Yorkshire Police,-0.949528,53.629113,On or near Wembley Road,E01007634,Doncaster 001C,Drugs,Unable to prosecute suspect,
4ec6b7241a64b2ca365c271ded4ff135c00a17e4bbbb668109763cb0837dff2f,2025-02,South Yorkshire Police,South Yorkshire Police,-0.949528,53.629113,On or near Wembley Road,E01007634,Doncaster 001C,Drugs,Unable to prosecute suspect,
b78706fddb5b40f5bc1eb5ccad4c4528387739aa00f93f77eac4ffb5fd621518,2025-02,South Yorkshire Police,South Yorkshire Police,-0.948831,53.630985,On or near The Hermitage,E01007634,Doncaster 001C,Drugs,Unable to prosecute suspect,
26c0ca41c2efbcf7a63a23d0947d31d0813f87cf0b44c31a73139da70eff9414,2025-02,South Yorkshire Police,South Yorkshire Police,-0.948831,53.630985,On or near The Hermitage,E01007634,Doncaster 001C,Drugs,Unable to prosecute suspect,
0c9d2efb1c7210872b3ff9d64f25062bf7a216637dff7f794383302048a78e0a,2025-02,South Yorkshire Police,South Yorkshire Police,-0.949528,53.629113,On or near Wembley Road,E01007634,Doncaster 001C,Drugs,Unable to prosecute suspect,
0cbfa55c3e46ca3373eeb6f9bce45b2d4e28b7c9efcbe813a67492b1d1516541,2025-02,South Yorkshire Police,South Yorkshire Police,-0.948831,53.630985,On or near The Hermitage,E01007634,Doncaster 001C,Drugs,Unable to prosecute suspect,
b30aaf5fa7d96370c615c19eb34cde9e8b329220bb53327684be400f2b01bd8c,2025-02,South Yorkshire Police,South Yorkshire Police,-0.949528,53.629113,On or near Wembley Road,E01007634,Doncaster 001C,Drugs,Status update unavailable,
04940099b200c77e0e9d1536915af470e4af053a3a6406f92a8fa7e7d435df5d,2025-02,South Yorkshire Police,South Yorkshire Police,-0.949528,53.629113,On or near Wembley Road,E01007634,Doncaster 001C,Possession of weapons,Status update unavailable,
5c858e7af13772fea56b144cbe125d2116d7f3013007f613eb3764e6a26a0a6a,2025-02,South Yorkshire Police,South Yorkshire Police,-0.954223,53.631257,On or near Darlington Grove,E01007634,Doncaster 001C,Public order,Investigation complete; no suspect identified,
5c37e7f99456c43ddcd4c47cf4f288387c07a29efd3b24aeecfca4ee7368802e,2025-02,South Yorkshire Police,South Yorkshire Police,-0.943899,53.628650,On or near Silkstone Oval,E01007634,Doncaster 001C,Violence and sexual offences,Unable to prosecute suspect,
4fe3dcede4d5218af8838fb66fa9499534a436c2d86e0c3ccb82fb8e7545f0d2,2025-02,South Yorkshire Police,South Yorkshire Police,-0.948222,53.628103,On or near Vermuyden Road,E01007634,Doncaster 001C,Violence and sexual offences,Unable to prosecute suspect,
a9150fd6ed38cbeb7ee4123440454d4d2d526796e4e1c7080cbbe664f48825f5,2025-02,South Yorkshire Police,South Yorkshire Police,-0.948222,53.628103,On or near Vermuyden Road,E01007634,Doncaster 001C,Violence and sexual offences,Unable to prosecute suspect,
500a785f631124e9e1cc39b293c114261e11ae74f85355d341a6b4e8b3f2a11e,2025-02,South Yorkshire Police,South Yorkshire Police,-0.947965,53.628721,On or near Orchard Lane,E01007634,Doncaster 001C,Violence and sexual offences,Unable to prosecute suspect,
f77c9e1b78b17a4be5fba474170df967c4bbcead5ffc90ff81a3870946cb8801,2025-02,South Yorkshire Police,South Yorkshire Police,-0.954223,53.631257,On or near Darlington Grove,E01007634,Doncaster 001C,Violence and sexual offences,Unable to prosecute suspect,
751fb50c50a1c572b1d112d40a4c2f9b2b4be9f830bf1f1480fda44ef539c18e,2025-02,South Yorkshire Police,South Yorkshire Police,-0.951328,53.629677,On or near Marshland Road,E01007634,Doncaster 001C,Other crime,Unable to prosecute suspect,
,2025-02,South Yorkshire Police,South Yorkshire Police,-0.962158,53.622176,On or near Ivy Road,E01007635,Doncaster 001D,Anti-social behaviour,,
,2025-02,South Yorkshire Police,South Yorkshire Police,-0.951418,53.617516,On or near Coulman Street,E01007635,Doncaster 001D,Anti-social behaviour,,
b45049c4d1cefd710fb86f0fab892fc0c3db53831cd4e31e6740e6c653576e02,2025-02,South Yorkshire Police,South Yorkshire Police,-0.952715,53.628628,On or near Bloom Hill Grove,E01007635,Doncaster 001D,Burglary,Investigation complete; no suspect identified,
149bbcce6320b07b0fcf27e81bbc01e739ba511e1987332b4f42449306aa72b4,2025-02,South Yorkshire Police,South Yorkshire Police,-0.957559,53.622918,On or near Holly Road,E01007635,Doncaster 001D,Criminal damage and arson,Offender given a caution,
a1a6bd8f59d652be4ee00a3eaa59c54180171c2ff391f13ca1ed432a5da46cf3,2025-02,South Yorkshire Police,South Yorkshire Police,-0.956696,53.622353,On or near Maple Road,E01007635,Doncaster 001D,Criminal damage and arson,Unable to prosecute suspect,
b59123dc85039f5ad9aba1c2500ad48b8432078536659c494b56f39ea72fbc7c,2025-02,South Yorkshire Police,South Yorkshire Police,-0.957559,53.622918,On or near Holly Road,E01007635,Doncaster 001D,Drugs,Unable to prosecute suspect,
a15b3de02ebd1271a5966d0208ebf0d30d7f324a45f6a7d0af0de3d27ccb6f3f,2025-02,South Yorkshire Police,South Yorkshire Police,-0.958770,53.622838,On or near Willow Avenue,E01007635,Doncaster 001D,Drugs,Unable to prosecute suspect,
6d436665bd2fb93c5d709827002be126a57efe9a0b0bb9b308aa4a953147444c,2025-02,South Yorkshire Police,South Yorkshire Police,-0.957372,53.621900,On or near Cedar Road,E01007635,Doncaster 001D,Drugs,Unable to prosecute suspect,
34adb602d7baeef227579a944dfb816360ac9fab0067e4c17f4529d04cc4991c,2025-02,South Yorkshire Police,South Yorkshire Police,-0.957372,53.621900,On or near Cedar Road,E01007635,Doncaster 001D,Drugs,Unable to prosecute suspect,
6964ea09026c20558f9f41c3449a67931682fe4cca91967404f065b9801aa612,2025-02,South Yorkshire Police,South Yorkshire Police,-0.957559,53.622918,On or near Holly Road,E01007635,Doncaster 001D,Drugs,Unable to prosecute suspect,
bd7ea8500b7da2b58019ad2bf9e4957a36be1d49eaf92cebf384cdf4ee102e7b,2025-02,South Yorkshire Police,South Yorkshire Police,-0.957372,53.621900,On or near Cedar Road,E01007635,Doncaster 001D,Drugs,Unable to prosecute suspect,
e3508f124f79dd6b3f79b094dd43efe6403a1fd6ac14af995b019f3569981b45,2025-02,South Yorkshire Police,South Yorkshire Police,-0.958770,53.622838,On or near Willow Avenue,E01007635,Doncaster 001D,Drugs,Unable to prosecute suspect,
da0354e4a3ededec83eff34cfe24d9fddc71e30daaf49ce8aff751c2645f8251,2025-02,South Yorkshire Police,South Yorkshire Police,-0.957372,53.621900,On or near Cedar Road,E01007635,Doncaster 001D,Drugs,Unable to prosecute suspect,
e98f3e8669ae4dfeadf1c31af44562e7526c2ad50ae88525c1d57ce65139a768,2025-02,South Yorkshire Police,South Yorkshire Police,-0.957372,53.621900,On or near Cedar Road,E01007635,Doncaster 001D,Drugs,Unable to prosecute suspect,
6b2e35ece5066258ab06bb4e338d47207e99e6702cec2aabcb2abdc0d6bc6040,2025-02,South Yorkshire Police,South Yorkshire Police,-0.956081,53.622743,On or near Willow Grove,E01007635,Doncaster 001D,Drugs,Unable to prosecute suspect,
5075b0e8ca8f69678fc7b36c4bfccf512a3b6168ce68e9ae09bf9aec84cf606e,2025-02,South Yorkshire Police,South Yorkshire Police,-0.957372,53.621900,On or near Cedar Road,E01007635,Doncaster 001D,Drugs,Unable to prosecute suspect,
74ce8cebb1aceb8eb9b906b123cfbbf70833e528f28ffb394183ee3fb2b78fe8,2025-02,South Yorkshire Police,South Yorkshire Police,-0.956081,53.622743,On or near Willow Grove,E01007635,Doncaster 001D,Drugs,Unable to prosecute suspect,
aa3b0e6d5d193c4044907ca353c3e5a0444bebe5aac3de2d5a26351ed36eca94,2025-02,South Yorkshire Police,South Yorkshire Police,-0.957559,53.622918,On or near Holly Road,E01007635,Doncaster 001D,Drugs,Unable to prosecute suspect,
509ce43c740421c202d18edb81689b0c3821cc9b3dc8e0d52684f651d4a83920,2025-02,South Yorkshire Police,South Yorkshire Police,-0.957559,53.622918,On or near Holly Road,E01007635,Doncaster 001D,Drugs,Unable to prosecute suspect,
a4875732c188164007adf7c07aab23a61127510ced17a9c3ec16ecb062a4a573,2025-02,South Yorkshire Police,South Yorkshire Police,-0.957372,53.621900,On or near Cedar Road,E01007635,Doncaster 001D,Drugs,Unable to prosecute suspect,
c2cef0dc380a12f10edf33836216416a7966bf713166bc5ec409a86c1ff2e8da,2025-02,South Yorkshire Police,South Yorkshire Police,-0.956081,53.622743,On or near Willow Grove,E01007635,Doncaster 001D,Drugs,Unable to prosecute suspect,
0e8c7a197627e06eb43baf9ff60dbc0dab7be77aff3d98ade7b76a7bb2f59789,2025-02,South Yorkshire Police,South Yorkshire Police,-0.957559,53.622918,On or near Holly Road,E01007635,Doncaster 001D,Drugs,Unable to prosecute suspect,
6501153aca533890dedbca6e6de099d9892a6894d71def587cfcb332214bf5d1,2025-02,South Yorkshire Police,South Yorkshire Police,-0.956081,53.622743,On or near Willow Grove,E01007635,Doncaster 001D,Drugs,Unable to prosecute suspect,
ff161883b75bd9e67c854d100c08943db7e964b49b7066b735ba44abf1150ad7,2025-02,South Yorkshire Police,South Yorkshire Police,-0.957559,53.622918,On or near Holly Road,E01007635,Doncaster 001D,Drugs,Unable to prosecute suspect,
4ebc357d9fd0da8ccf52d39805985325f52c942ef0073ee60c13fc3579e60807,2025-02,South Yorkshire Police,South Yorkshire Police,-0.957372,53.621900,On or near Cedar Road,E01007635,Doncaster 001D,Drugs,Unable to prosecute suspect,
afb19a0d320b2370856092ab5ecaad171f61292d32d4edd0762d5c9ee77a968b,2025-02,South Yorkshire Police,South Yorkshire Police,-0.956081,53.622743,On or near Willow Grove,E01007635,Doncaster 001D,Public order,Unable to prosecute suspect,
7575e5ded36abd634cef09be8819e82e5c8135b441f7b8f50596885d9f225b56,2025-02,South Yorkshire Police,South Yorkshire Police,-0.957559,53.622918,On or near Holly Road,E01007635,Doncaster 001D,Public order,Unable to prosecute suspect,
3935faf0308f15f9a4d19a0a4280978730e56d2972a3eae284a766695093b652,2025-02,South Yorkshire Police,South Yorkshire Police,-0.949948,53.625584,On or near Newfields Drive,E01007635,Doncaster 001D,Robbery,Status update unavailable,
b058aa5de8038bd91124cb2a3ed7f55f4ff7279ce529d030b95bbf2c5522c2ee,2025-02,South Yorkshire Police,South Yorkshire Police,-0.951418,53.617516,On or near Coulman Street,E01007635,Doncaster 001D,Violence and sexual offences,Unable to prosecute suspect,
ef659e68d5a47ef019a96b268ed84011a6a11763c121cfc0392b11b100cefd7b,2025-02,South Yorkshire Police,South Yorkshire Police,-0.951418,53.617516,On or near Coulman Street,E01007635,Doncaster 001D,Violence and sexual offences,Unable to prosecute suspect,
f85ce8d4ea3c8c14df89d10224a063ec0a2008143d6769fca4b21b0d3d8793d9,2025-02,South Yorkshire Police,South Yorkshire Police,-0.958770,53.622838,On or near Willow Avenue,E01007635,Doncaster 001D,Violence and sexual offences,Status update unavailable,
95d3b8f7aabc77d3761e7c41d4538c2246993a84bda070d9713c44f0fabcea59,2025-02,South Yorkshire Police,South Yorkshire Police,-0.962158,53.622176,On or near Ivy Road,E01007635,Doncaster 001D,Violence and sexual offences,Awaiting court outcome,
b0999faa824f1c2c4729778f5b07a25aa1082b5679fe09db5b1c738e78ab9a01,2025-02,South Yorkshire Police,South Yorkshire Police,-0.951418,53.617516,On or near Coulman Street,E01007635,Doncaster 001D,Violence and sexual offences,Unable to prosecute suspect,
aa0a17fcd6769dcb344248f7d34103685009b4c3a6e8c807309ea74781412f13,2025-02,South Yorkshire Police,South Yorkshire Police,-0.957559,53.622918,On or near Holly Road,E01007635,Doncaster 001D,Violence and sexual offences,Unable to prosecute suspect,
60dc9b02f31c1099a43c647657f051339bf39329cee2659ceb6421f6a4b47f64,2025-02,South Yorkshire Police,South Yorkshire Police,-0.956696,53.622353,On or near Maple Road,E01007635,Doncaster 001D,Other crime,Unable to prosecute suspect,
07ac0e267801717ddbbf0988ff05433147a8be549241586ee830c91d5c951608,2025-02,South Yorkshire Police,South Yorkshire Police,-0.957372,53.621900,On or near Cedar Road,E01007635,Doncaster 001D,Other crime,Unable to prosecute suspect,
,2025-02,South Yorkshire Police,South Yorkshire Police,-1.177637,53.622942,On or near Wellingtonia Drive,E01007487,Doncaster 002A,Anti-social behaviour,,
,2025-02,South Yorkshire Police,South Yorkshire Police,-1.175965,53.621870,On or near East View,E01007487,Doncaster 002A,Anti-social behaviour,,
,2025-02,South Yorkshire Police,South Yorkshire Police,-1.180782,53.622172,On or near Wordsworth Avenue,E01007487,Doncaster 002A,Anti-social behaviour,,
,2025-02,South Yorkshire Police,South Yorkshire Police,-1.170770,53.621546,On or near Church Field Road,E01007487,Doncaster 002A,Anti-social behaviour,,
,2025-02,South Yorkshire Police,South Yorkshire Police,-1.180782,53.622172,On or near Wordsworth Avenue,E01007487,Doncaster 002A,Anti-social behaviour,,
bf80286029f032072e5225fa67c6ecd97b43ab89db927d3e6adbb042570ee235,2025-02,South Yorkshire Police,South Yorkshire Police,-1.170770,53.621546,On or near Church Field Road,E01007487,Doncaster 002A,Burglary,Investigation complete; no suspect identified,
4aebbc1ecd3a702668e75b5848012d2f86f80252696181022fcde0eade913e0c,2025-02,South Yorkshire Police,South Yorkshire Police,-1.172469,53.620515,On or near Beech Road,E01007487,Doncaster 002A,Burglary,Investigation complete; no suspect identified,
c43ccb1a06531d46bc9cedbca1f25354ba8f0bdbd938b2fef2cc721623eb61ea,2025-02,South Yorkshire Police,South Yorkshire Police,-1.182157,53.626883,On or near Ryecroft Road,E01007487,Doncaster 002A,Public order,Investigation complete; no suspect identified,
f2cf7e6fa5035643ae25790eb16958414770664df13231cb194a27b89161774b,2025-02,South Yorkshire Police,South Yorkshire Police,-1.173662,53.622896,On or near Ings Lane,E01007487,Doncaster 002A,Violence and sexual offences,Unable to prosecute suspect,
3d9b2ee37d425f3c2291fe16fee0ba8b0315cc14b5f7cf053f2049ac050d8862,2025-02,South Yorkshire Police,South Yorkshire Police,-1.182157,53.626883,On or near Ryecroft Road,E01007487,Doncaster 002A,Violence and sexual offences,Unable to prosecute suspect,
db341115469617d47485991daf0a858b1c9512ba24ffabaff1cc98f344cba6e4,2025-02,South Yorkshire Police,South Yorkshire Police,-1.182157,53.626883,On or near Ryecroft Road,E01007487,Doncaster 002A,Violence and sexual offences,Local resolution,
5995bdb3ad752635f2d6ebf6caba6a7f322ddb0aef6a6480374faa7926098dde,2025-02,South Yorkshire Police,South Yorkshire Police,-1.182157,53.626883,On or near Ryecroft Road,E01007487,Doncaster 002A,Violence and sexual offences,Local resolution,
0d03c5611ecb18c532aa810e6d11bf0223431f8cc1b370a3541253886810f7ec,2025-02,South Yorkshire Police,South Yorkshire Police,-1.177637,53.622942,On or near Wellingtonia Drive,E01007487,Doncaster 002A,Violence and sexual offences,Unable to prosecute suspect,
66439d42e8851a9c15d1e69101394e3a478532f36eb6c6be1c80bf36b219562d,2025-02,South Yorkshire Police,South Yorkshire Police,-1.182157,53.626883,On or near Ryecroft Road,E01007487,Doncaster 002A,Violence and sexual offences,Unable to prosecute suspect,
f060a0bc21269d1cce17508355c7a1b56122c2162449168201dd5501487ac972,2025-02,South Yorkshire Police,South Yorkshire Police,-1.171894,53.621302,On or near Willow Road,E01007487,Doncaster 002A,Violence and sexual offences,Unable to prosecute suspect,
14f57570fdcbf264b18ebf43f28a47a66a6d0c739bbfd0ef4f8d56633a2ad567,2025-02,South Yorkshire Police,South Yorkshire Police,-1.180782,53.622172,On or near Wordsworth Avenue,E01007487,Doncaster 002A,Violence and sexual offences,Investigation complete; no suspect identified,
b8093c3a5f223b73c3406656ebff94e294acc988d67355283cafbcc19bbabe9c,2025-02,South Yorkshire Police,South Yorkshire Police,-1.182157,53.626883,On or near Ryecroft Road,E01007487,Doncaster 002A,Violence and sexual offences,Unable to prosecute suspect,
cc465dc818cd56549397d5751e054cab00314054b7f4e837942ce047976d9af4,2025-02,South Yorkshire Police,South Yorkshire Police,-1.173662,53.622896,On or near Ings Lane,E01007487,Doncaster 002A,Violence and sexual offences,Unable to prosecute suspect,
3367c05eba9cd782229b8d94007f81673f090ea7448dbc0a884cfb0507042266,2025-02,South Yorkshire Police,South Yorkshire Police,-1.182157,53.626883,On or near Ryecroft Road,E01007487,Doncaster 002A,Violence and sexual offences,Unable to prosecute suspect,
,2025-02,South Yorkshire Police,South Yorkshire Police,-1.146235,53.589186,On or near Holme Lane,E01007488,Doncaster 002B,Anti-social behaviour,,
,2025-02,South Yorkshire Police,South Yorkshire Police,-1.180011,53.594051,On or near North Park Lane,E01007488,Doncaster 002B,Anti-social behaviour,,
,2025-02,South Yorkshire Police,South Yorkshire Police,-1.064922,53.605818,On or near Braithwaite Lane,E01007488,Doncaster 002B,Anti-social behaviour,,
,2025-02,South Yorkshire Police,South Yorkshire Police,-1.064922,53.605818,On or near Braithwaite Lane,E01007488,Doncaster 002B,Anti-social behaviour,,
81589397f5c3295e797fb18f665cdeec49d97c62c8df5e12f1d1bfab1bae4c18,2025-02,South Yorkshire Police,South Yorkshire Police,-1.134833,53.616366,On or near Coniston Road,E01007488,Doncaster 002B,Burglary,Investigation complete; no suspect identified,
708e6bc4ae36ff244a940243db825adc9a841b1e2a0a43eda1de68e53fb89c13,2025-02,South Yorkshire Police,South Yorkshire Police,-1.135082,53.615280,On or near Windsor Close,E01007488,Doncaster 002B,Burglary,Investigation complete; no suspect identified,
9061474c9357a95bd8b834d092de4548f508a9e87c7538e9c77f9deb2453e946,2025-02,South Yorkshire Police,South Yorkshire Police,-1.100352,53.637640,On or near Fenwick Common Lane,E01007488,Doncaster 002B,Criminal damage and arson,Investigation complete; no suspect identified,
1b5d528be280bf1255a44d265063c62345472dba37b823f652f2f6391dfe9827,2025-02,South Yorkshire Police,South Yorkshire Police,-1.063565,53.598850,On or near Top Lane,E01007488,Doncaster 002B,Criminal damage and arson,Investigation complete; no suspect identified,
23862ebdab0762509708d8c1573ccf518c62c814bd0247da4d7a3e7a69c092af,2025-02,South Yorkshire Police,South Yorkshire Police,-1.146235,53.589186,On or near Holme Lane,E01007488,Doncaster 002B,Public order,Awaiting court outcome,
a9714d3241c37e3833c2dbb3504355654755dd2721432bc67e7016f6617f5502,2025-02,South Yorkshire Police,South Yorkshire Police,-1.135082,53.615280,On or near Windsor Close,E01007488,Doncaster 002B,Vehicle crime,Investigation complete; no suspect identified,
21d9d7342d7a66f79461516230e78b7467ea920534e971e8c6bcbfb9d5384917,2025-02,South Yorkshire Police,South Yorkshire Police,-1.135539,53.615823,On or near Richmond Drive,E01007488,Doncaster 002B,Vehicle crime,Status update unavailable,
b646a8f8ed144fece66ca00f8174f0c04921f88ce6f92b357fc3b96da337e6ff,2025-02,South Yorkshire Police,South Yorkshire Police,-1.105473,53.589994,On or near Airey Lane,E01007488,Doncaster 002B,Violence and sexual offences,Unable to prosecute suspect,
d576d11f573be84fdbbf81544b75846584842dadec6b810a8da39459b856fa0b,2025-02,South Yorkshire Police,South Yorkshire Police,-1.169732,53.595077,On or near North Park Lane,E01007488,Doncaster 002B,Violence and sexual offences,Status update unavailable,
54920c2ac985951676ac63f4ee27630d3bc66738106d4a5c0a6e3a53f9565d1a,2025-02,South Yorkshire Police,South Yorkshire Police,-1.181966,53.589843,On or near Sports/Recreation Area,E01007488,Doncaster 002B,Other crime,Unable to prosecute suspect,
,2025-02,South Yorkshire Police,South Yorkshire Police,-1.153383,53.617181,On or near Supermarket,E01007489,Doncaster 002C,Anti-social behaviour,,
,2025-02,South Yorkshire Police,South Yorkshire Police,-1.154364,53.617899,On or near Hilton Street,E01007489,Doncaster 002C,Anti-social behaviour,,
,2025-02,South Yorkshire Police,South Yorkshire Police,-1.152083,53.618548,On or near St Peters Drive,E01007489,Doncaster 002C,Anti-social behaviour,,
,2025-02,South Yorkshire Police,South Yorkshire Police,-1.154364,53.617899,On or near Hilton Street,E01007489,Doncaster 002C,Anti-social behaviour,,
99164de2a6b401953d72a38305bf9bdfb3deebfdc294af053be4ed18a0efa361,2025-02,South Yorkshire Police,South Yorkshire Police,-1.153530,53.620266,On or near Selby Road,E01007489,Doncaster 002C,Burglary,Awaiting court outcome,
1941504ff98f7327900947d2414a01912d64e44d1af0d80bddc852bf234130f7,2025-02,South Yorkshire Police,South Yorkshire Police,-1.158271,53.619050,On or near Beeston Lane,E01007489,Doncaster 002C,Criminal damage and arson,Investigation complete; no suspect identified,
a9ec3caf586865f5ed2479b2093f37084e39ccb9cb234dab40a9ab503024f4d0,2025-02,South Yorkshire Police,South Yorkshire Police,-1.153383,53.617181,On or near Supermarket,E01007489,Doncaster 002C,Criminal damage and arson,Investigation complete; no suspect identified,
dc75b5eb6845e6d97b1b35b81e732af05d20a948567eacb1e4c0828c04015aed,2025-02,South Yorkshire Police,South Yorkshire Police,-1.154364,53.617899,On or near Hilton Street,E01007489,Doncaster 002C,Other theft,Unable to prosecute suspect,
e453ec785cc7c7cdd67fd4be0dac5c2c5253c8a6549389d13e50bb6f90111fe0,2025-02,South Yorkshire Police,South Yorkshire Police,-1.153383,53.617181,On or near Supermarket,E01007489,Doncaster 002C,Public order,Investigation complete; no suspect identified,
37867f94873e627414802ba5d06329675755c0354d2d891137e87dcc574cb055,2025-02,South Yorkshire Police,South Yorkshire Police,-1.148326,53.616670,On or near Poplar Grove,E01007489,Doncaster 002C,Public order,Unable to prosecute suspect,
bbb946825191faa9e0cfb2e2f6e7b0e9a129f10ded1407c4039a6bee15e581f7,2025-02,South Yorkshire Police,South Yorkshire Police,-1.153383,53.617181,On or near Supermarket,E01007489,Doncaster 002C,Public order,Investigation complete; no suspect identified,
363c317f42f818e30b921b9464f883c63353b4a12a70c01b09d2c234778991e8,2025-02,South Yorkshire Police,South Yorkshire Police,-1.153530,53.620266,On or near Selby Road,E01007489,Doncaster 002C,Shoplifting,Investigation complete; no suspect identified,
6639cb2f442cf95f99570bf0f898db31e9f4ad7eaf6b27e4c92b178187f3025c,2025-02,South Yorkshire Police,South Yorkshire Police,-1.153383,53.617181,On or near Supermarket,E01007489,Doncaster 002C,Shoplifting,Investigation complete; no suspect identified,
38d96a097034d6964ef7c2045a4a775a0d76c551204510f358ed7876f74a1e4b,2025-02,South Yorkshire Police,South Yorkshire Police,-1.153530,53.620266,On or near Selby Road,E01007489,Doncaster 002C,Shoplifting,Awaiting court outcome,
eea04e957da49f7a37026a5fce4c74a42f6b9408cf1360688157d27f9ba21d0c,2025-02,South Yorkshire Police,South Yorkshire Police,-1.153383,53.617181,On or near Supermarket,E01007489,Doncaster 002C,Shoplifting,Investigation complete; no suspect identified,
81e52ad5a53d0b129f8f3869f20027b92df7eb7858f0366b929f3435f2e6cb7f,2025-02,South Yorkshire Police,South Yorkshire Police,-1.153383,53.617181,On or near Supermarket,E01007489,Doncaster 002C,Shoplifting,Awaiting court outcome,
63f605313f4cd95fdc2bee3b3f0ad6100444b55fb35ea386cfe0c24c7e75e057,2025-02,South Yorkshire Police,South Yorkshire Police,-1.153530,53.620266,On or near Selby Road,E01007489,Doncaster 002C,Shoplifting,Investigation complete; no suspect identified,
8a7ba572fae93ab5f49feb6a4bf3041050ecb8439a0a454fc5fc1c777f80b064,2025-02,South Yorkshire Police,South Yorkshire Police,-1.153383,53.617181,On or near Supermarket,E01007489,Doncaster 002C,Shoplifting,Investigation complete; no suspect identified,
f691a0c53142dc6eb7524df33c3d92852737fd558ed17c91d8c2976bb6754b6f,2025-02,South Yorkshire Police,South Yorkshire Police,-1.153383,53.617181,On or near Supermarket,E01007489,Doncaster 002C,Shoplifting,Awaiting court outcome,
539d4cd94561deb7cfccfcd3b1dad12992f2c24a0fce61e3fe1d3dd809c47572,2025-02,South Yorkshire Police,South Yorkshire Police,-1.153383,53.617181,On or near Supermarket,E01007489,Doncaster 002C,Shoplifting,Awaiting court outcome,
028ec2a2f138cdda35b92769677e81f2b99378bf17278dff375eef648bc3f541,2025-02,South Yorkshire Police,South Yorkshire Police,-1.153383,53.617181,On or near Supermarket,E01007489,Doncaster 002C,Shoplifting,Investigation complete; no suspect identified,
d616af69e7b83e33f9f1561af74404290c6e0486ae8defc85caf6decd04c0921,2025-02,South Yorkshire Police,South Yorkshire Police,-1.153383,53.617181,On or near Supermarket,E01007489,Doncaster 002C,Shoplifting,Awaiting court outcome,
89d76530fb241caa656094521fa7f08bdc0cec82c1bf05b8b7d7a0a148a599fb,2025-02,South Yorkshire Police,South Yorkshire Police,-1.153383,53.617181,On or near Supermarket,E01007489,Doncaster 002C,Shoplifting,Awaiting court outcome,
e559f465f75e090f47d52f7c96c26d9385bc9f1e57ee797d20a8aa7ffb110c6a,2025-02,South Yorkshire Police,South Yorkshire Police,-1.153530,53.620266,On or near Selby Road,E01007489,Doncaster 002C,Shoplifting,Investigation complete; no suspect identified,
cf5356bd05b0caa2b618d8edc228e6fca51628d251f007f42c2cd7a892c0b2a4,2025-02,South Yorkshire Police,South Yorkshire Police,-1.153530,53.620266,On or near Selby Road,E01007489,Doncaster 002C,Shoplifting,Investigation complete; no suspect identified,
6e2e81faddbfc718a95b75e8f5738081342ca4261c61d5c2e9e227a825486e3a,2025-02,South Yorkshire Police,South Yorkshire Police,-1.152083,53.618548,On or near St Peters Drive,E01007489,Doncaster 002C,Violence and sexual offences,Investigation complete; no suspect identified,
42574c60cdb965fa560382a1ddb018c1da37b0a6fb36dabd86f15aeba6644b22,2025-02,South Yorkshire Police,South Yorkshire Police,-1.151338,53.616502,On or near Spa Terrace,E01007489,Doncaster 002C,Violence and sexual offences,Unable to prosecute suspect,
75bbf1bbfd2adfb56060017e33989004548084a7b13c4d4526db12a7750909c3,2025-02,South Yorkshire Police,South Yorkshire Police,-1.144869,53.617921,On or near King'S Terrace,E01007489,Doncaster 002C,Violence and sexual offences,Offender given a caution,
0a30af126ade78d0f270fd05befb3b1947b87c1c7dd53a50438b60cc9586b94a,2025-02,South Yorkshire Police,South Yorkshire Police,-1.145679,53.617496,On or near Belvedere Close,E01007489,Doncaster 002C,Violence and sexual offences,Unable to prosecute suspect,
60c3cfef7189362f1b09ad571b70bfa9ce131489768340cf86124c2600325651,2025-02,South Yorkshire Police,South Yorkshire Police,-1.148326,53.616670,On or near Poplar Grove,E01007489,Doncaster 002C,Violence and sexual offences,Unable to prosecute suspect,
10bf9130164bdd99bac9a8c02dc413b07584e4dc4147f950a6540fcd74e29805,2025-02,South Yorkshire Police,South Yorkshire Police,-1.152083,53.618548,On or near St Peters Drive,E01007489,Doncaster 002C,Violence and sexual offences,Local resolution,
c67d24eb8434487d39c2b2afb46ffe52eacb1e5b3b62b4c20a666ef44892a0ed,2025-02,South Yorkshire Police,South Yorkshire Police,-1.152083,53.618548,On or near St Peters Drive,E01007489,Doncaster 002C,Violence and sexual offences,Unable to prosecute suspect,
,2025-02,South Yorkshire Police,South Yorkshire Police,-1.157408,53.607102,On or near Sports/Recreation Area,E01007490,Doncaster 002D,Anti-social behaviour,,
,2025-02,South Yorkshire Police,South Yorkshire Police,-1.159341,53.616181,On or near Park Avenue,E01007490,Doncaster 002D,Anti-social behaviour,,
,2025-02,South Yorkshire Police,South Yorkshire Police,-1.159341,53.616181,On or near Park Avenue,E01007490,Doncaster 002D,Anti-social behaviour,,
,2025-02,South Yorkshire Police,South Yorkshire Police,-1.159341,53.616181,On or near Park Avenue,E01007490,Doncaster 002D,Anti-social behaviour,,
,2025-02,South Yorkshire Police,South Yorkshire Police,-1.180973,53.618551,On or near Yew Tree Court,E01007490,Doncaster 002D,Anti-social behaviour,,
,2025-02,South Yorkshire Police,South Yorkshire Police,-1.163788,53.615278,On or near Marian Crescent,E01007490,Doncaster 002D,Anti-social behaviour,,
,2025-02,South Yorkshire Police,South Yorkshire Police,-1.183500,53.619198,On or near Cedar Walk,E01007490,Doncaster 002D,Anti-social behaviour,,
,2025-02,South Yorkshire Police,South Yorkshire Police,-1.188185,53.603509,On or near The Abbe'S Close,E01007490,Doncaster 002D,Anti-social behaviour,,
c704983e7b19c1a4c124dd35d67d78bfa56ddbf844f4d37d6e3e5098ced2fffd,2025-02,South Yorkshire Police,South Yorkshire Police,-1.182074,53.618676,On or near High Street,E01007490,Doncaster 002D,Vehicle crime,Investigation complete; no suspect identified,
a48ace34a560f64bed7744a1f7f62f529cb07edac3c30c0fc803e07bf5a23098,2025-02,South Yorkshire Police,South Yorkshire Police,-1.159341,53.616181,On or near Park Avenue,E01007490,Doncaster 002D,Vehicle crime,Investigation complete; no suspect identified,
6ec1b6d8dfb9de393a022bfa4f9e96b080df3bfae74782da20123cf23640b242,2025-02,South Yorkshire Police,South Yorkshire Police,-1.159341,53.616181,On or near Park Avenue,E01007490,Doncaster 002D,Vehicle crime,Unable to prosecute suspect,
96598765edf0a8a1e2129b962c8609f3de4d3b9d5efa2d2422f1e1909fbfa994,2025-02,South Yorkshire Police,South Yorkshire Police,-1.163624,53.600185,On or near Park/Open Space,E01007490,Doncaster 002D,Violence and sexual offences,Investigation complete; no suspect identified,
8c8efe3ffb60929171f76f31aecac5b6e3684ecde53e814491de64df8bd3534d,2025-02,South Yorkshire Police,South Yorkshire Police,-1.162894,53.613887,On or near Davis Road,E01007490,Doncaster 002D,Violence and sexual offences,Unable to prosecute suspect,
bb96d708960c9424962feeb492c1354cf0bc891bc607ff0950e3232855a1c4b3,2025-02,South Yorkshire Police,South Yorkshire Police,-1.168263,53.605278,On or near Sutton Road,E01007490,Doncaster 002D,Violence and sexual offences,Local resolution,
d2ac10dd4166cd4b1f938011e7f563387cd0b71165b6826de5e3791097195567,2025-02,South Yorkshire Police,South Yorkshire Police,-1.163788,53.615278,On or near Marian Crescent,E01007490,Doncaster 002D,Violence and sexual offences,Unable to prosecute suspect,
,2025-02,South Yorkshire Police,South Yorkshire Police,-1.157572,53.608600,On or near Manor Way,E01007491,Doncaster 002E,Anti-social behaviour,,
,2025-02,South Yorkshire Police,South Yorkshire Police,-1.158981,53.610741,On or near Manor Road,E01007491,Doncaster 002E,Anti-social behaviour,,
,2025-02,South Yorkshire Police,South Yorkshire Police,-1.159392,53.614357,On or near Bathhouse Lane,E01007491,Doncaster 002E,Anti-social behaviour,,
,2025-02,South Yorkshire Police,South Yorkshire Police,-1.159392,53.614357,On or near Bathhouse Lane,E01007491,Doncaster 002E,Anti-social behaviour,,
084c7898f7543d4a4da6b70898f54b7d05b907401347649869eed9258f61d7df,2025-02,South Yorkshire Police,South Yorkshire Police,-1.159392,53.614357,On or near Bathhouse Lane,E01007491,Doncaster 002E,Criminal damage and arson,Investigation complete; no suspect identified,
4fd90e0123c7c3897a82c6fa3a045ac0124f9c415db39c36fc24c16b773fa403,2025-02,South Yorkshire Police,South Yorkshire Police,-1.158037,53.612595,On or near The Avenue,E01007491,Doncaster 002E,Criminal damage and arson,Investigation complete; no suspect identified,
8296f3e2c7c19bdd1725610bd14cf5f703179f345e1829c6d716a1ec67753fcf,2025-02,South Yorkshire Police,South Yorkshire Police,-1.157363,53.609237,On or near Sutton Road,E01007491,Doncaster 002E,Drugs,Investigation complete; no suspect identified,
95685ae309c91e286273f527a0c581de678b1488c88115464d95507bc21e405e,2025-02,South Yorkshire Police,South Yorkshire Police,-1.159392,53.614357,On or near Bathhouse Lane,E01007491,Doncaster 002E,Vehicle crime,Investigation complete; no suspect identified,
f3f0fc0e2a958be4f26d7b68d5986d9f234487d576de50300804ac86d8bc5207,2025-02,South Yorkshire Police,South Yorkshire Police,-1.158037,53.612595,On or near The Avenue,E01007491,Doncaster 002E,Violence and sexual offences,Unable to prosecute suspect,
2f5867747e0453dda7a455eb2620afd348e04d148378805ea0d9b63e84c77481,2025-02,South Yorkshire Police,South Yorkshire Police,-1.159316,53.610599,On or near Victoria Road,E01007491,Doncaster 002E,Violence and sexual offences,Unable to prosecute suspect,
2bc38ed8871b3566b7580136ff6ad1cebe38ed5f288f1536a3aabf1d36105033,2025-02,South Yorkshire Police,South Yorkshire Police,-1.159973,53.613309,On or near Mary Road,E01007491,Doncaster 002E,Violence and sexual offences,Unable to prosecute suspect,
40630bfdf1a0046548eefd83e48dca536e4dead296e71ae3b3cfc7a93c9c1ab9,2025-02,South Yorkshire Police,South Yorkshire Police,-1.158037,53.612595,On or near The Avenue,E01007491,Doncaster 002E,Violence and sexual offences,Unable to prosecute suspect,
a81bfdfeb130d21e866f75014b9ced1876622e790b35110f7bbacdecc5fe132d,2025-02,South Yorkshire Police,South Yorkshire Police,-1.158981,53.610741,On or near Manor Road,E01007491,Doncaster 002E,Violence and sexual offences,Unable to prosecute suspect,
38b6561784f08b5642b465f19ac08706d3bc9dd2c73791950fb50fa4c97e2624,2025-02,South Yorkshire Police,South Yorkshire Police,-1.160070,53.610667,On or near Park Road,E01007491,Doncaster 002E,Violence and sexual offences,Awaiting court outcome,
4a23c6e3a03f1023335a62be73933826081571076e100a44c0ad2fc449f75b7e,2025-02,South Yorkshire Police,South Yorkshire Police,-1.159392,53.614357,On or near Bathhouse Lane,E01007491,Doncaster 002E,Violence and sexual offences,Unable to prosecute suspect,
20dc5e0c782157a459fe60756f865f91d216cb082f3289f0ef912b39f286920e,2025-02,South Yorkshire Police,South Yorkshire Police,-1.160070,53.610667,On or near Park Road,E01007491,Doncaster 002E,Violence and sexual offences,Status update unavailable,
4a66c6a6cbc21028f54446fe37092018c0fccdf275bad9e73d636b96ccb2ef11,2025-02,South Yorkshire Police,South Yorkshire Police,-1.159485,53.612722,On or near Avenue Road,E01007491,Doncaster 002E,Other crime,Unable to prosecute suspect,
6d3dca762014a6cc5963d2a9f59b27cb2f735f5529710ac49eb998bd7712330c,2025-02,South Yorkshire Police,South Yorkshire Police,-1.142393,53.614776,On or near Rushy Moor Avenue,E01007492,Doncaster 002F,Criminal damage and arson,Unable to prosecute suspect,
77bdbe14a4c1a08a98b9eb675935ee506d348542ea5552b2fcac087b47664d80,2025-02,South Yorkshire Police,South Yorkshire Police,-1.150796,53.614863,On or near Park/Open Space,E01007492,Doncaster 002F,Public order,Investigation complete; no suspect identified,
c51c23361e8cc0cd99f9fdb4ea2c9c213e88adfb427bdfedb19818a053277f66,2025-02,South Yorkshire Police,South Yorkshire Police,-1.138184,53.615860,On or near Newmarche Drive,E01007492,Doncaster 002F,Vehicle crime,Investigation complete; no suspect identified,
4511315583ef9bdc5f3f71e30c617ad60b9f6ec18dd0d9f1118dc73636c0eb60,2025-02,South Yorkshire Police,South Yorkshire Police,-1.138379,53.614432,On or near Norbreck Road,E01007492,Doncaster 002F,Vehicle crime,Investigation complete; no suspect identified,
888e634f470e00a62945851ba8ca6cc127d08fe0af5d593ad9b6f8a27f2a6819,2025-02,South Yorkshire Police,South Yorkshire Police,-1.139019,53.617160,On or near Moss Road,E01007492,Doncaster 002F,Violence and sexual offences,Unable to prosecute suspect,
ace379c45ff6182fbdda1c473bdc14faa17234e1d6c98f80002069a60e94734f,2025-02,South Yorkshire Police,South Yorkshire Police,-1.144812,53.615521,On or near Highfield Road,E01007492,Doncaster 002F,Violence and sexual offences,Unable to prosecute suspect,
f7861040394aa5c1fc3d94116e0191ebb51d0ef2a9eb56ba4922e8de43a482f9,2025-02,South Yorkshire Police,South Yorkshire Police,-1.138184,53.615860,On or near Newmarche Drive,E01007492,Doncaster 002F,Violence and sexual offences,Unable to prosecute suspect,
299a30c0ab915cc0a547cf57872fcb46962ec27031fb1bcb2cc5b5f958e11f8d,2025-02,South Yorkshire Police,South Yorkshire Police,-1.145683,53.615060,On or near Westfield Crescent,E01007492,Doncaster 002F,Violence and sexual offences,Unable to prosecute suspect,
06474c14aa99cde6b9c5994e055e11fbbafbac820e20ec4d91512ba9e55bb9ac,2025-02,South Yorkshire Police,South Yorkshire Police,-1.141631,53.615112,On or near Rushy Moor Lane,E01007492,Doncaster 002F,Violence and sexual offences,Unable to prosecute suspect,
612d29d73ab73e6114a29767f72028f8b3735f6dae17b9ca58b4cd8aa9059181,2025-02,South Yorkshire Police,South Yorkshire Police,-1.152312,53.616177,On or near Market Place,E01007492,Doncaster 002F,Violence and sexual offences,Investigation complete; no suspect identified,
f3fcfb3a08e767c0832a710c4abcc6579c360df68454d9cc98e332b41f731c0d,2025-02,South Yorkshire Police,South Yorkshire Police,-1.153887,53.610750,On or near Doncaster Road,E01007492,Doncaster 002F,Violence and sexual offences,Unable to prosecute suspect,
bcf8386156c7ab1a24a4e35baeb8cb4f11e9955c965f0dbb47616ef942689347,2025-02,South Yorkshire Police,South Yorkshire Police,-1.152937,53.613664,On or near Lakeside Rise,E01007492,Doncaster 002F,Other crime,Unable to prosecute suspect,
1e0f15391881c91cb0b025eaf7c3c7d1707e1915dad316cb028359cfda834863,2025-02,South Yorkshire Police,South Yorkshire Police,-1.139019,53.617160,On or near Moss Road,E01007492,Doncaster 002F,Other crime,Unable to prosecute suspect,
,2025-02,South Yorkshire Police,South Yorkshire Police,-1.184552,53.631312,On or near Ryecroft Avenue,E01007493,Doncaster 002G,Anti-social behaviour,,
,2025-02,South Yorkshire Police,South Yorkshire Police,-1.184552,53.631312,On or near Ryecroft Avenue,E01007493,Doncaster 002G,Anti-social behaviour,,
,2025-02,South Yorkshire Police,South Yorkshire Police,-1.176674,53.632814,On or near Hall Lane,E01007493,Doncaster 002G,Anti-social behaviour,,
,2025-02,South Yorkshire Police,South Yorkshire Police,-0.962790,53.619844,On or near Cherry Tree Drive,E01007636,Doncaster 003A,Anti-social behaviour,,
d90daf6c87c1d1e19cd3543665a1d761c4b262b652c684ba39e5d6ea1a5041b2,2025-02,South Yorkshire Police,South Yorkshire Police,-0.958793,53.620690,On or near Willow Road,E01007636,Doncaster 003A,Criminal damage and arson,Investigation complete; no suspect identified,
8663ffc4821650c038345bb088ffbd00310e2da73f28ae641e95889a7295ef5c,2025-02,South Yorkshire Police,South Yorkshire Police,-0.961634,53.618279,On or near Peatland Mews,E01007636,Doncaster 003A,Drugs,Unable to prosecute suspect,
b99f27db1df36267584a5025ed036706ca787d778cdcc76214c7608e4321eab6,2025-02,South Yorkshire Police,South Yorkshire Police,-0.959513,53.620310,On or near Alexandra Street,E01007636,Doncaster 003A,Drugs,Unable to prosecute suspect,
a8ebd16d3bfe527bd83b85023d9ca13365461615d352e3cf9c2850b936f03b8a,2025-02,South Yorkshire Police,South Yorkshire Police,-0.964942,53.617768,On or near Highfield Crescent,E01007636,Doncaster 003A,Violence and sexual offences,Status update unavailable,
a8a33a9e32fd7f7c289d813ab35313b7e8b514347932743a39cae3f2b52479f2,2025-02,South Yorkshire Police,South Yorkshire Police,-0.958793,53.620690,On or near Willow Road,E01007636,Doncaster 003A,Violence and sexual offences,Status update unavailable,
ffb705ae2be01342d3dd1245fc53053a164ce06acd390efb3da64d9dce152d41,2025-02,South Yorkshire Police,South Yorkshire Police,-0.958038,53.616944,On or near Inglenook Drive,E01007637,Doncaster 003B,Burglary,Unable to prosecute suspect,
50fb906ff89fb7edd98d7431d98fc641b4099dfbbcd8dc4f264058a23417e5f7,2025-02,South Yorkshire Police,South Yorkshire Police,-0.957951,53.618634,On or near King Edward Crescent,E01007637,Doncaster 003B,Violence and sexual offences,Investigation complete; no suspect identified,
,2025-02,South Yorkshire Police,South Yorkshire Police,-0.958134,53.612442,On or near St Nicholas Mews,E01007638,Doncaster 003C,Anti-social behaviour,,
,2025-02,South Yorkshire Police,South Yorkshire Police,-0.957593,53.609875,On or near Tithe Barn Lane,E01007638,Doncaster 003C,Anti-social behaviour,,
,2025-02,South Yorkshire Police,South Yorkshire Police,-0.955279,53.609927,On or near Glebe Road,E01007638,Doncaster 003C,Anti-social behaviour,,
c84aa977648df625b93a2c0ce4e0029287e859955127489bcdb93c8a0abfa893,2025-02,South Yorkshire Police,South Yorkshire Police,-0.954571,53.611665,On or near Haynes Green,E01007638,Doncaster 003C,Burglary,Investigation complete; no suspect identified,
bc341dbd3b4b2a9218738dbfd7b08cc7b5dd28e3d52ca28df99b19c2d6c27ae4,2025-02,South Yorkshire Police,South Yorkshire Police,-0.955704,53.612286,On or near Tennyson Avenue,E01007638,Doncaster 003C,Burglary,Local resolution,
833e9e2c6bb6592998aee7a0c9e616cac583c9ed3b3ac736f0ec42f1c3a5c0c3,2025-02,South Yorkshire Police,South Yorkshire Police,-0.958271,53.610574,On or near Rainbow Close,E01007638,Doncaster 003C,Burglary,Unable to prosecute suspect,
4b552ff410817fecf9c36e3ea28d0f32a5b5517dc9f68a3ea1e706ee7d1b776b,2025-02,South Yorkshire Police,South Yorkshire Police,-0.953035,53.609602,On or near Haynes Road,E01007638,Doncaster 003C,Drugs,Local resolution,
12f45bf70fd4088f908e84f4bbcd303d30340e280910186a3b67b5dc63199cff,2025-02,South Yorkshire Police,South Yorkshire Police,-0.958134,53.612442,On or near St Nicholas Mews,E01007638,Doncaster 003C,Public order,Awaiting court outcome,
60de39acdc1b7235234a75cfc539794d32e51d116035ba008da770bfd04cad77,2025-02,South Yorkshire Police,South Yorkshire Police,-0.955704,53.612286,On or near Tennyson Avenue,E01007638,Doncaster 003C,Public order,Unable to prosecute suspect,
20ef7e14344825a74c4cead4801021791be0a0f03c0350ef826d956798031948,2025-02,South Yorkshire Police,South Yorkshire Police,-0.958134,53.612442,On or near St Nicholas Mews,E01007638,Doncaster 003C,Public order,Awaiting court outcome,
4ae9faa825e9c885bf7ec50ad5f374f067d9c9faf70759df182aeb065ed80759,2025-02,South Yorkshire Police,South Yorkshire Police,-0.958134,53.612442,On or near St Nicholas Mews,E01007638,Doncaster 003C,Violence and sexual offences,Awaiting court outcome,
dc0320ff6af2710107d0f5e8f23bb591fc16203f10e990f619e51513c69f685c,2025-02,South Yorkshire Police,South Yorkshire Police,-0.953035,53.609602,On or near Haynes Road,E01007638,Doncaster 003C,Violence and sexual offences,Unable to prosecute suspect,
61fc90e440c22a7bbff4c8366f11af2b01127722ea9864ef829e7da3b0dc7778,2025-02,South Yorkshire Police,South Yorkshire Police,-0.951454,53.611799,On or near Houps Road,E01007638,Doncaster 003C,Violence and sexual offences,Unable to prosecute suspect,
c06a79275554d9eff21ffa574ca8dbc0b97e253bf1b41d36c26bc2e8445a1b7a,2025-02,South Yorkshire Police,South Yorkshire Police,-0.958134,53.612442,On or near St Nicholas Mews,E01007638,Doncaster 003C,Violence and sexual offences,Awaiting court outcome,
846c07297a20f2d2c6bf979d9a6474feb2b10df4d8b0ce10d24906ea9c9f9183,2025-02,South Yorkshire Police,South Yorkshire Police,-0.958083,53.605916,On or near Beech Tree Avenue,E01007638,Doncaster 003C,Violence and sexual offences,Unable to prosecute suspect,
d0739643c90b5ad0dac844e71c3d0da5d4e263a268701a6e8690187d7a224991,2025-02,South Yorkshire Police,South Yorkshire Police,-0.952992,53.609494,On or near Haynes Gardens,E01007638,Doncaster 003C,Violence and sexual offences,Unable to prosecute suspect,
bc738d1ab8a2b2e5efe7aaacf4609a923d9b2bf49e1f5c7ce77074e066975f0a,2025-02,South Yorkshire Police,South Yorkshire Police,-0.958083,53.605916,On or near Beech Tree Avenue,E01007638,Doncaster 003C,Violence and sexual offences,Unable to prosecute suspect,
54fb831a512ce7490743ed8a4383dfadf2a2762f3941f3b43198ce1181a3d7d9,2025-02,South Yorkshire Police,South Yorkshire Police,-0.955704,53.612286,On or near Tennyson Avenue,E01007638,Doncaster 003C,Other crime,Unable to prosecute suspect,
c25791ea72301085b8929df7f323df9571f9b22ae2d430415e25b0d54affe203,2025-02,South Yorkshire Police,South Yorkshire Police,-0.969785,53.611356,On or near Windlass Close,E01007639,Doncaster 003D,Burglary,Investigation complete; no suspect identified,
c9f0220c6b8337fcb7cdc7b535dd24ebf172a94b0722454920f4234e38fdd128,2025-02,South Yorkshire Police,South Yorkshire Police,-0.964609,53.610377,On or near Orchard Street,E01007639,Doncaster 003D,Burglary,Investigation complete; no suspect identified,
14e1e22ef0ccf125143a3c881d492568387bc0c4ea907d75319b10ef98d875f7,2025-02,South Yorkshire Police,South Yorkshire Police,-0.963915,53.612178,On or near Chapel Lane,E01007639,Doncaster 003D,Criminal damage and arson,Investigation complete; no suspect identified,
b2a375483a6314790e9259db3f9747a4c9e1891c2a218ef96da56586c423371b,2025-02,South Yorkshire Police,South Yorkshire Police,-0.962103,53.610247,On or near Horse Fair Green,E01007639,Doncaster 003D,Criminal damage and arson,Unable to prosecute suspect,
edddaa947e80e3b584dd97561a256f8f621908eb26ecdc9798094ba5fca6e1cc,2025-02,South Yorkshire Police,South Yorkshire Police,-0.963915,53.612178,On or near Chapel Lane,E01007639,Doncaster 003D,Shoplifting,Further investigation is not in the public interest,
0a1857c72d395effe6e25081ab82e0f26f4a0b12dda64dd845a52c0770a544e9,2025-02,South Yorkshire Police,South Yorkshire Police,-0.960648,53.609794,On or near Supermarket,E01007639,Doncaster 003D,Vehicle crime,Investigation complete; no suspect identified,
76ef65cba4a0b15a9444ddf48e0737a1b18213f7ad3f9181664c8d0523f4474c,2025-02,South Yorkshire Police,South Yorkshire Police,-0.965226,53.611092,On or near Belle Vue Terrace,E01007639,Doncaster 003D,Vehicle crime,Investigation complete; no suspect identified,
c7f8420c06316f02890a36c964404a7dd3a45a14f368921dfac88292ae9ecf45,2025-02,South Yorkshire Police,South Yorkshire Police,-0.967428,53.613179,On or near Foundry Lane,E01007639,Doncaster 003D,Vehicle crime,Investigation complete; no suspect identified,
36ebfe10ec5c8b88434c76d259335b077712db21c389744c9855fea16cc6dead,2025-02,South Yorkshire Police,South Yorkshire Police,-0.963085,53.609042,On or near South Parade,E01007639,Doncaster 003D,Vehicle crime,Investigation complete; no suspect identified,
8fd146675fc761feb9a8b37b74dfe5ccdeb3a24187394db1652516dac821c276,2025-02,South Yorkshire Police,South Yorkshire Police,-0.968601,53.612182,On or near Rope Walk,E01007639,Doncaster 003D,Violence and sexual offences,Unable to prosecute suspect,
d901ec4648304da86ee572c379ac48e79d599024c8e331e71f94c04f6eff01d8,2025-02,South Yorkshire Police,South Yorkshire Police,-0.963738,53.610154,On or near Fairtree Walk,E01007639,Doncaster 003D,Violence and sexual offences,Investigation complete; no suspect identified,
6608045efebf95d4b1f55f6077441294956fc6b279accc0b5179eed2d548692e,2025-02,South Yorkshire Police,South Yorkshire Police,-0.964609,53.610377,On or near Orchard Street,E01007639,Doncaster 003D,Violence and sexual offences,Unable to prosecute suspect,
6521c2a7cd724c7f38f3870c90f2191321f9cc6f3ce8299c61ac73e6b9635c61,2025-02,South Yorkshire Police,South Yorkshire Police,-0.962103,53.610247,On or near Horse Fair Green,E01007639,Doncaster 003D,Violence and sexual offences,Unable to prosecute suspect,
63b8bbe7885d5fb8424c52704ff44b6d41accc64d6b78847b5efe402e1559c4d,2025-02,South Yorkshire Police,South Yorkshire Police,-0.970366,53.616647,On or near Station Court,E01007639,Doncaster 003D,Violence and sexual offences,Unable to prosecute suspect,
a43b92ec347d6ab3e61db9e3a82545ba2d191d5fb48e292ab441d3948a209fd9,2025-02,South Yorkshire Police,South Yorkshire Police,-0.963738,53.610154,On or near Fairtree Walk,E01007639,Doncaster 003D,Violence and sexual offences,Status update unavailable,
7203ae56344360ded3da6eff596aa0ddb2f0bb1b3037c4792630a63190e95c03,2025-02,South Yorkshire Police,South Yorkshire Police,-0.963915,53.612178,On or near Chapel Lane,E01007639,Doncaster 003D,Violence and sexual offences,Investigation complete; no suspect identified,
0cb546b2d45779dda4c508077ac35aa8e3456111b6c5cd8848d026c541e2146b,2025-02,South Yorkshire Police,South Yorkshire Police,-0.966351,53.612702,On or near Browns Lane,E01007639,Doncaster 003D,Violence and sexual offences,Unable to prosecute suspect,
2d7c9fa188424e779312af1e95774fedaf3f64f02cf5d52d88ea012021909f09,2025-02,South Yorkshire Police,South Yorkshire Police,-0.963738,53.610154,On or near Fairtree Walk,E01007639,Doncaster 003D,Violence and sexual offences,Unable to prosecute suspect,
960c390c13d97685998ab738248fa5f2499e3c1ece5452db8636d8c849a71fbd,2025-02,South Yorkshire Police,South Yorkshire Police,-0.962853,53.611701,On or near The Green,E01007639,Doncaster 003D,Other crime,Unable to prosecute suspect,
,2025-02,South Yorkshire Police,South Yorkshire Police,-0.969303,53.603829,On or near Grampian Way,E01007640,Doncaster 003E,Anti-social behaviour,,
,2025-02,South Yorkshire Police,South Yorkshire Police,-0.975139,53.617461,On or near Lyndhurst Close,E01007640,Doncaster 003E,Anti-social behaviour,,
,2025-02,South Yorkshire Police,South Yorkshire Police,-0.975139,53.617461,On or near Lyndhurst Close,E01007640,Doncaster 003E,Anti-social behaviour,,
,2025-02,South Yorkshire Police,South Yorkshire Police,-0.975139,53.617461,On or near Lyndhurst Close,E01007640,Doncaster 003E,Anti-social behaviour,,
,2025-02,South Yorkshire Police,South Yorkshire Police,-0.978358,53.616859,On or near Shopping Area,E01007640,Doncaster 003E,Anti-social behaviour,,
37485eaef51ddafe05c02a5c9922633713bf372b5f8e16d90a5caafdb4d03a04,2025-02,South Yorkshire Police,South Yorkshire Police,-0.970736,53.607041,On or near Snake Lane,E01007640,Doncaster 003E,Other theft,Investigation complete; no suspect identified,
6e599a541d7f41523462f753efbba78680652aeeed7b1672f00cfa424d41d5bb,2025-02,South Yorkshire Police,South Yorkshire Police,-0.971332,53.623585,On or near Land Ends Road,E01007640,Doncaster 003E,Other theft,Unable to prosecute suspect,
e046df76769fc002f1ccc53c9a95c640551272215028b4b3e3951b4a0df809a0,2025-02,South Yorkshire Police,South Yorkshire Police,-0.964289,53.604298,On or near Hatfield Road,E01007640,Doncaster 003E,Public order,Unable to prosecute suspect,
92904d95a52f655e7fc30ea7e09713b52795f70f4875ba54e592bbcdcbef646a,2025-02,South Yorkshire Police,South Yorkshire Police,-0.977785,53.617169,On or near Supermarket,E01007640,Doncaster 003E,Shoplifting,Investigation complete; no suspect identified,
802b53575f4a932878fd0e91c9fe5906214de404d384533b04854fc62b9a59a1,2025-02,South Yorkshire Police,South Yorkshire Police,-0.977785,53.617169,On or near Supermarket,E01007640,Doncaster 003E,Shoplifting,Investigation complete; no suspect identified,
3edd4cc1d6521989efe636c35196630c42841fce4e513103b301f6ea3a4024dc,2025-02,South Yorkshire Police,South Yorkshire Police,-0.970849,53.604246,On or near Quantock Close,E01007640,Doncaster 003E,Vehicle crime,Investigation complete; no suspect identified,
951af7ea3412b221d5fa3157c8fa29b63d2d6450c066786ba1740947e0c1a5d1,2025-02,South Yorkshire Police,South Yorkshire Police,-0.970849,53.604246,On or near Quantock Close,E01007640,Doncaster 003E,Vehicle crime,Investigation complete; no suspect identified,
da2dd5aeb775fb5ba976c1819f9d05ecfe56ba10e5db9bd05ae00ea5d889f601,2025-02,South Yorkshire Police,South Yorkshire Police,-0.970849,53.604246,On or near Quantock Close,E01007640,Doncaster 003E,Vehicle crime,Investigation complete; no suspect identified,
5c46a605d8b86043b19bd88c668a7fe52bc5d2264f7f0b7abeda01adea596e72,2025-02,South Yorkshire Police,South Yorkshire Police,-0.963523,53.606574,On or near West Street,E01007640,Doncaster 003E,Vehicle crime,Investigation complete; no suspect identified,
42adc24e9d576103c707708ae9ecc9dcf8114306987fdfd0e68377e4e8b40f00,2025-02,South Yorkshire Police,South Yorkshire Police,-0.965129,53.605797,On or near Canal View,E01007640,Doncaster 003E,Vehicle crime,Investigation complete; no suspect identified,
eac0a91f13c285f88d57ed8af757443abd9c4eb7b090541ec0716a9b765e06da,2025-02,South Yorkshire Police,South Yorkshire Police,-0.972380,53.615882,On or near Parking Area,E01007640,Doncaster 003E,Violence and sexual offences,Status update unavailable,
84b16a1ef9653eb565f144b5384296d1c117bd07f34e2b6b36390784062870f9,2025-02,South Yorkshire Police,South Yorkshire Police,-0.972380,53.615882,On or near Parking Area,E01007640,Doncaster 003E,Violence and sexual offences,Status update unavailable,
b40b86a573aaf4110a66246e3c644e604414a7f8b05b7350891ce1d224b3bf03,2025-02,South Yorkshire Police,South Yorkshire Police,-0.972380,53.615882,On or near Parking Area,E01007640,Doncaster 003E,Violence and sexual offences,Status update unavailable,
54bbfc8dbc4c4ff51cc3409d7f666e073ef6c28485c947ca2dd49ccbe475ffda,2025-02,South Yorkshire Police,South Yorkshire Police,-0.972380,53.615882,On or near Parking Area,E01007640,Doncaster 003E,Violence and sexual offences,Status update unavailable,
38796ea93ab72fa62386a647e7b891687003bc8f019f4b669fda0995f63d038c,2025-02,South Yorkshire Police,South Yorkshire Police,-0.964289,53.604298,On or near Hatfield Road,E01007640,Doncaster 003E,Other crime,Unable to prosecute suspect,
e4607259fe467d968cbdbcd05a8d38b61f81f01317f9b21c4a50464b5d93049f,2025-02,South Yorkshire Police,South Yorkshire Police,-0.977257,53.614252,On or near Alpha Court,E01007640,Doncaster 003E,Other crime,Unable to prosecute suspect,
1bf7331c635d148443b56674c03d01c7d85740771bf3c842eba88b5649ef2f44,2025-02,South Yorkshire Police,South Yorkshire Police,-0.954094,53.604667,On or near Axholme Green,E01007641,Doncaster 003F,Criminal damage and arson,Investigation complete; no suspect identified,
9508d9c30729b4e0bebbbe0dd4907ac2168425f4ba826a02fa1b72f5ef326329,2025-02,South Yorkshire Police,South Yorkshire Police,-0.954094,53.604667,On or near Axholme Green,E01007641,Doncaster 003F,Drugs,Unable to prosecute suspect,
ebc629fa4bcc4958abf8dac63851d27cdd4f21b247123459b8b14d018ab9b22e,2025-02,South Yorkshire Police,South Yorkshire Police,-0.949664,53.604125,On or near St Georges Close,E01007641,Doncaster 003F,Other theft,Awaiting court outcome,
510ce80fdbce461d0da6c717edfb33e7d2e06399fa528c4246d92fbb15eb0d24,2025-02,South Yorkshire Police,South Yorkshire Police,-0.961305,53.607031,On or near Park Crescent,E01007641,Doncaster 003F,Vehicle crime,Investigation complete; no suspect identified,
6c8d166afcb01459e4ebfa6fc9f6f77d8825c5a104c8c73e76cc44da5f70ea8d,2025-02,South Yorkshire Police,South Yorkshire Police,-0.949664,53.604125,On or near St Georges Close,E01007641,Doncaster 003F,Violence and sexual offences,Unable to prosecute suspect,
38b40517fc1b1b0b8dee126d679a69855436950d23c344210024172a8f8f72d2,2025-02,South Yorkshire Police,South Yorkshire Police,-0.949664,53.604125,On or near St Georges Close,E01007641,Doncaster 003F,Violence and sexual offences,Investigation complete; no suspect identified,
8a3a5422d6133177818c3e31238e5702f29af1b878ef19a6fe32f23724a21fd8,2025-02,South Yorkshire Police,South Yorkshire Police,-0.958643,53.606496,On or near Elm Tree Grove,E01007641,Doncaster 003F,Violence and sexual offences,Unable to prosecute suspect,
399c9a18adfef1dc77aa6747a58a06319445957958b2e199a5bd74e4633bb412,2025-02,South Yorkshire Police,South Yorkshire Police,-0.949664,53.604125,On or near St Georges Close,E01007641,Doncaster 003F,Other crime,Unable to prosecute suspect,
8e667307f897ba94ce9e9ef9d8075b2aa64316713ee568d63560ffe2b4c3252f,2025-02,South Yorkshire Police,South Yorkshire Police,-0.953170,53.605370,On or near Foxhill Road,E01007642,Doncaster 003G,Drugs,Unable to prosecute suspect,
4c03ccebcd577d2e3fca55ceffda7c373dd0d6143e5b25c5bcec3f4386f40bdd,2025-02,South Yorkshire Police,South Yorkshire Police,-0.951848,53.605016,On or near Mowbray Road,E01007642,Doncaster 003G,Violence and sexual offences,Unable to prosecute suspect,
704d24b636a9dfcdd714a03318283873eabe41b384049016a8b1a48add063c6e,2025-02,South Yorkshire Police,South Yorkshire Police,-0.951848,53.605016,On or near Mowbray Road,E01007642,Doncaster 003G,Violence and sexual offences,Status update unavailable,
380c95517b5c0b82afe8c01c47e2c86e4731aa1b584dfb7a9f5e56ce3bc051b0,2025-02,South Yorkshire Police,South Yorkshire Police,-0.952810,53.606472,On or near Miller Close,E01007642,Doncaster 003G,Other crime,Unable to prosecute suspect,
,2025-02,South Yorkshire Police,South Yorkshire Police,-1.033626,53.642072,On or near Kirk Lane,E01007625,Doncaster 004A,Anti-social behaviour,,
3ce3f3bb5b5ec78d80b8050f0a8959e9443de388bd437b04040794fef9fc81e6,2025-02,South Yorkshire Police,South Yorkshire Police,-1.059667,53.638963,On or near West Lane,E01007625,Doncaster 004A,Other crime,Unable to prosecute suspect,
,2025-02,South Yorkshire Police,South Yorkshire Police,-1.029906,53.591230,On or near Fenton Close,E01007626,Doncaster 004B,Anti-social behaviour,,
,2025-02,South Yorkshire Police,South Yorkshire Police,-1.028886,53.590925,On or near Parking Area,E01007626,Doncaster 004B,Anti-social behaviour,,
,2025-02,South Yorkshire Police,South Yorkshire Police,-1.030761,53.591506,On or near Thorncliff Drive,E01007626,Doncaster 004B,Anti-social behaviour,,
,2025-02,South Yorkshire Police,South Yorkshire Police,-1.030761,53.591506,On or near Thorncliff Drive,E01007626,Doncaster 004B,Anti-social behaviour,,
,2025-02,South Yorkshire Police,South Yorkshire Police,-1.028234,53.600924,On or near Fleets Close,E01007626,Doncaster 004B,Anti-social behaviour,,
,2025-02,South Yorkshire Police,South Yorkshire Police,-1.030545,53.593042,On or near Barrier Mews,E01007626,Doncaster 004B,Anti-social behaviour,,
93935d0284b5a8a31adbfbee36e0bda094d510a24ce81bb52948d8369664f1a0,2025-02,South Yorkshire Police,South Yorkshire Police,-1.029815,53.591939,On or near Sharleston Drive,E01007626,Doncaster 004B,Criminal damage and arson,Investigation complete; no suspect identified,
243b1aa864e3fa0384d375e179db2c33926c836734b2e059bf057b3fc92779da,2025-02,South Yorkshire Police,South Yorkshire Police,-1.028218,53.589751,On or near Petrol Station,E01007626,Doncaster 004B,Criminal damage and arson,Investigation complete; no suspect identified,
1c0aa770c167c032ddc3ac41065f43d7c1782ca1a7b08a849bbe4ef3a91d7ef8,2025-02,South Yorkshire Police,South Yorkshire Police,-1.029815,53.591939,On or near Sharleston Drive,E01007626,Doncaster 004B,Criminal damage and arson,Investigation complete; no suspect identified,
89e431897ccbce00493c0d257a31c8c966a4ee33697cedfd38ff42a7250320b4,2025-02,South Yorkshire Police,South Yorkshire Police,-1.030761,53.591506,On or near Thorncliff Drive,E01007626,Doncaster 004B,Public order,Unable to prosecute suspect,
4ded3c78c116470022edf58c3fa02b8291bdad9480f65322f95792d78295addf,2025-02,South Yorkshire Police,South Yorkshire Police,-1.062353,53.595587,On or near Low Lane,E01007626,Doncaster 004B,Public order,Investigation complete; no suspect identified,
49e7f77871e47af5796dda12f151ac206fc84452bf3101e1b0c4b9f2e5a679fb,2025-02,South Yorkshire Police,South Yorkshire Police,-1.030863,53.595660,On or near Church Road,E01007626,Doncaster 004B,Public order,Investigation complete; no suspect identified,
0d532d242bc1ecb11fa7f0d4120cb5eabe143f717b71b4b0a1ef20a238e69bfa,2025-02,South Yorkshire Police,South Yorkshire Police,-1.032232,53.600543,On or near Water Lane,E01007626,Doncaster 004B,Robbery,Investigation complete; no suspect identified,
e32bcac9edf3660943acab01101cf892c1f1151edc4ca5f0680bcc7ee5545f92,2025-02,South Yorkshire Police,South Yorkshire Police,-1.032232,53.600543,On or near Water Lane,E01007626,Doncaster 004B,Vehicle crime,Investigation complete; no suspect identified,
4fb92c906056e8b8fa9b0d5d357bab23ae6164f3eb123b52638642462c116a17,2025-02,South Yorkshire Police,South Yorkshire Police,-1.030545,53.593042,On or near Barrier Mews,E01007626,Doncaster 004B,Vehicle crime,Unable to prosecute suspect,
986b45061d5c43b133687408ebc22e74ff04e350f381338e78276a09919e895a,2025-02,South Yorkshire Police,South Yorkshire Police,-1.034824,53.593562,On or near Oldfield Close,E01007626,Doncaster 004B,Violence and sexual offences,Unable to prosecute suspect,
0c447d4c9c02f63748ce23ea11ed9d5acd337323c530b6a423260fee98ea9a96,2025-02,South Yorkshire Police,South Yorkshire Police,-1.032211,53.596821,On or near Further/Higher Educational Building,E01007626,Doncaster 004B,Violence and sexual offences,Awaiting court outcome,
63533b6ef3a562c08856862e3a9b7bf4b7e2be0fe3ccec3cba2310402c2f9c45,2025-02,South Yorkshire Police,South Yorkshire Police,-1.026270,53.600872,On or near Briars Lane,E01007626,Doncaster 004B,Violence and sexual offences,Awaiting court outcome,
1d3fdc10b65411862a889e719d195c1ba1513e2d37aebb68b038c9116a526b2c,2025-02,South Yorkshire Police,South Yorkshire Police,-1.034449,53.600066,On or near West End,E01007626,Doncaster 004B,Violence and sexual offences,Investigation complete; no suspect identified,
7be0b251499e1881fd8021d89b92aef2f9bc92bb8b908fe8510d8ba5de6bfe91,2025-02,South Yorkshire Police,South Yorkshire Police,-1.028886,53.590925,On or near Parking Area,E01007626,Doncaster 004B,Violence and sexual offences,Unable to prosecute suspect,
c6d49f1da574d8ccddeb31ea0c6eb31b798fb029fd683cb033a564581a65ccde,2025-02,South Yorkshire Police,South Yorkshire Police,-1.030863,53.595660,On or near Church Road,E01007626,Doncaster 004B,Violence and sexual offences,Unable to prosecute suspect,
c1ee455ff0977666cc46845db93c417a9a7ce76eeb86f3a25dbcfea366e00e50,2025-02,South Yorkshire Police,South Yorkshire Police,-1.030545,53.593042,On or near Barrier Mews,E01007626,Doncaster 004B,Violence and sexual offences,Unable to prosecute suspect,
a8efec1d06f4e603ca5005347b3817de3b69f7cedb380e5b1fa49dfb1d6cbf74,2025-02,South Yorkshire Police,South Yorkshire Police,-1.028886,53.590925,On or near Parking Area,E01007626,Doncaster 004B,Violence and sexual offences,Unable to prosecute suspect,
2ede4ae5e76725b1629bd5a52e53fd9ab446453d1fedf5e905db68b7aa65c642,2025-02,South Yorkshire Police,South Yorkshire Police,-1.032232,53.600543,On or near Water Lane,E01007626,Doncaster 004B,Violence and sexual offences,Unable to prosecute suspect,
7d8c063208ab9356700ea198ea2c78de62dd19d1a7818606a1306dc960b75144,2025-02,South Yorkshire Police,South Yorkshire Police,-1.034449,53.600066,On or near West End,E01007626,Doncaster 004B,Other crime,Unable to prosecute suspect,
a5edc278d772e508f022e155a37daea0372b97f5facc5d7d0f9c47600da9a689,2025-02,South Yorkshire Police,South Yorkshire Police,-1.030545,53.593042,On or near Barrier Mews,E01007626,Doncaster 004B,Other crime,Unable to prosecute suspect,
017b59a1d70e9f036e74e37f988f60d89a912d5e3b99758c3d57ef7218725884,2025-02,South Yorkshire Police,South Yorkshire Police,-1.030545,53.593042,On or near Barrier Mews,E01007626,Doncaster 004B,Other crime,Unable to prosecute suspect,
,2025-02,South Yorkshire Police,South Yorkshire Police,-1.022828,53.600080,On or near Thorne Road,E01007627,Doncaster 004C,Anti-social behaviour,,
27108c90b98d99e03beb6c532e9a9340938e713888bf278c17701c8719e24236,2025-02,South Yorkshire Police,South Yorkshire Police,-1.021885,53.600360,On or near Holme Gardens,E01007627,Doncaster 004C,Burglary,Investigation complete; no suspect identified,
905d90666eb1595fb24ae1993f4ec8d7d68433a814fb3f8c45fce5adae6a7b0a,2025-02,South Yorkshire Police,South Yorkshire Police,-1.019798,53.601709,On or near Ramskir Lane,E01007627,Doncaster 004C,Criminal damage and arson,Investigation complete; no suspect identified,
90707e897de8ca28054572b3ae3ab53c30e050eb1abe6d8af96991ecb13b74e7,2025-02,South Yorkshire Police,South Yorkshire Police,-1.018658,53.598751,On or near Cedar Grove,E01007627,Doncaster 004C,Other theft,Unable to prosecute suspect,
24c89e11dc10d949cf832523cb5230eb402a281284ec3aaecd15182b53be57f7,2025-02,South Yorkshire Police,South Yorkshire Police,-1.020078,53.601361,On or near Lord Porter Avenue,E01007627,Doncaster 004C,Possession of weapons,Status update unavailable,
b41e48f34a62c7b7f9e0b9bdca55771bf6f7a3bdd79a8437444149b5f6681a2c,2025-02,South Yorkshire Police,South Yorkshire Police,-1.022828,53.600080,On or near Thorne Road,E01007627,Doncaster 004C,Shoplifting,Unable to prosecute suspect,
3176783846759eb32d87a7824664dd045b070b2d7391142427cf2c586a4c684a,2025-02,South Yorkshire Police,South Yorkshire Police,-1.022828,53.600080,On or near Thorne Road,E01007627,Doncaster 004C,Shoplifting,Unable to prosecute suspect,
efb548dcd8f232be83850120c38572118772e46606e6d1d50737cd7e0c996298,2025-02,South Yorkshire Police,South Yorkshire Police,-1.024497,53.601109,On or near Stony Close,E01007627,Doncaster 004C,Vehicle crime,Investigation complete; no suspect identified,
81e7e9e2d77e927e143b23d8c4e6f9430702e290e9de986b1735ee5d296dac03,2025-02,South Yorkshire Police,South Yorkshire Police,-1.022226,53.598664,On or near Nutfields Grove,E01007627,Doncaster 004C,Vehicle crime,Investigation complete; no suspect identified,
656485093174f81b10a53a42831d217451acdd83988d5ce3df713d0f2f21f39d,2025-02,South Yorkshire Police,South Yorkshire Police,-1.014810,53.601749,On or near Polton Close,E01007627,Doncaster 004C,Violence and sexual offences,Status update unavailable,
d783644510adaa767188d9873ead0c043a5721df8eba4c7d08ecb2cabcb0d7ed,2025-02,South Yorkshire Police,South Yorkshire Police,-1.020078,53.601361,On or near Lord Porter Avenue,E01007627,Doncaster 004C,Violence and sexual offences,Unable to prosecute suspect,
e71bef023ef1e931f4d73a7064abe2dd6ee47a95f021856d631f4ca29248405d,2025-02,South Yorkshire Police,South Yorkshire Police,-1.021997,53.597060,On or near Sports/Recreation Area,E01007627,Doncaster 004C,Violence and sexual offences,Unable to prosecute suspect,
e252159080a750437fb5f8f87f5d4f120a328cf3af12534a826e373101d50ee9,2025-02,South Yorkshire Police,South Yorkshire Police,-1.016750,53.601531,On or near New Park Estate,E01007627,Doncaster 004C,Violence and sexual offences,Unable to prosecute suspect,
6858a9673f5745ac6184f0d698730ecb439e566b06ada0c2219911782497e847,2025-02,South Yorkshire Police,South Yorkshire Police,-1.022728,53.598533,On or near Dr Anderson Avenue,E01007627,Doncaster 004C,Violence and sexual offences,Awaiting court outcome,
e42a233c818bd49ba38286c1e05a0be953a04adbf8ec0b1b0e757cad9923e7c2,2025-02,South Yorkshire Police,South Yorkshire Police,-1.014810,53.601749,On or near Polton Close,E01007627,Doncaster 004C,Violence and sexual offences,Unable to prosecute suspect,
f0bb49379dcb11fe3293119a598a8a73e0c488d50218762b4b7d16b3faf81098,2025-02,South Yorkshire Police,South Yorkshire Police,-1.016750,53.601531,On or near New Park Estate,E01007627,Doncaster 004C,Other crime,Investigation complete; no suspect identified,
9ef70bebd3806afed6157bbdd4c4fe3afb7906b03f09e3035f59fdf7cfd784ce,2025-02,South Yorkshire Police,South Yorkshire Police,-1.020217,53.598638,On or near Beech Crescent,E01007627,Doncaster 004C,Other crime,Awaiting court outcome,
4b4ce58acda31296c8b29bff2b26a388873a053404fda2305ed119fd863c5905,2025-02,South Yorkshire Police,South Yorkshire Police,-1.016750,53.601531,On or near New Park Estate,E01007627,Doncaster 004C,Other crime,Offender given a caution,
,2025-02,South Yorkshire Police,South Yorkshire Police,-1.030459,53.598785,On or near New Green,E01007628,Doncaster 004D,Anti-social behaviour,,
,2025-02,South Yorkshire Police,South Yorkshire Police,-1.030459,53.598785,On or near New Green,E01007628,Doncaster 004D,Anti-social behaviour,,
,2025-02,South Yorkshire Police,South Yorkshire Police,-1.030427,53.600169,On or near Field Road,E01007628,Doncaster 004D,Anti-social behaviour,,
,2025-02,South Yorkshire Police,South Yorkshire Police,-1.030427,53.600169,On or near Field Road,E01007628,Doncaster 004D,Anti-social behaviour,,
fccf0c1f344c9ae9b9a2bd931ff232d53fad44e00d77591797d84d5276534c05,2025-02,South Yorkshire Police,South Yorkshire Police,-1.028002,53.596527,On or near Junction Road,E01007628,Doncaster 004D,Other theft,Investigation complete; no suspect identified,
ffca360b0dd0c9e390d2492f119abbac6e30b0e668b99bbce220bafb8adcf129,2025-02,South Yorkshire Police,South Yorkshire Police,-1.030459,53.598785,On or near New Green,E01007628,Doncaster 004D,Public order,Investigation complete; no suspect identified,
65115611878690a4445992ad4a2697accfeb89842e0028f92ba44a23aac06b8b,2025-02,South Yorkshire Police,South Yorkshire Police,-1.028002,53.596527,On or near Junction Road,E01007628,Doncaster 004D,Vehicle crime,Investigation complete; no suspect identified,
430a906526e4a85663d8d262d2a10c15f029f7fc8f224ac991a04a86412d394c,2025-02,South Yorkshire Police,South Yorkshire Police,-1.028002,53.596527,On or near Junction Road,E01007628,Doncaster 004D,Vehicle crime,Investigation complete; no suspect identified,
3a49c8ef921d2b721052b6b3acb7b4e9f0606648e34039d6fc3527b211a5d6ab,2025-02,South Yorkshire Police,South Yorkshire Police,-1.030459,53.598785,On or near New Green,E01007628,Doncaster 004D,Violence and sexual offences,Unable to prosecute suspect,
045f6e24dc1e924a11e6f517233ed8be6439afe5bb9d4752bb43cbbcf19c152d,2025-02,South Yorkshire Police,South Yorkshire Police,-1.030459,53.598785,On or near New Green,E01007628,Doncaster 004D,Violence and sexual offences,Investigation complete; no suspect identified,
68894baabf1aea3e3cfbfc6c2f0026c328c44d3c543e6c7a4f9f65133f35aeec,2025-02,South Yorkshire Police,South Yorkshire Police,-1.026748,53.597847,On or near Kenneth Avenue,E01007628,Doncaster 004D,Violence and sexual offences,Investigation complete; no suspect identified,
eee2b2886d225dfce19b4f05fa72e4c89b8a3761989a306d7360255c6bdbe688,2025-02,South Yorkshire Police,South Yorkshire Police,-1.029211,53.596509,On or near Princess Avenue,E01007628,Doncaster 004D,Violence and sexual offences,Unable to prosecute suspect,
bb2b96df8e8cfaa891689782c2d4b60c8a3ef905f655548f7f6b5929c692c559,2025-02,South Yorkshire Police,South Yorkshire Police,-1.030459,53.598785,On or near New Green,E01007628,Doncaster 004D,Violence and sexual offences,Unable to prosecute suspect,
b37b03c2476a89b62daddae2de877bee88b0bbd22d6e917e4d7b05ba839c88c1,2025-02,South Yorkshire Police,South Yorkshire Police,-1.029224,53.599242,On or near Back Lane,E01007628,Doncaster 004D,Violence and sexual offences,Unable to prosecute suspect,
07dd1f38a63e07b6bda3245d0572ff4557677aded93f66857ddcdf7125c5a856,2025-02,South Yorkshire Police,South Yorkshire Police,-1.027566,53.597098,On or near Turnberry Mews,E01007628,Doncaster 004D,Violence and sexual offences,Investigation complete; no suspect identified,
59016a335493227684133ee76dc63f1b97070db6efd7c5e1f28f4c55ea4c16f2,2025-02,South Yorkshire Police,South Yorkshire Police,-1.030459,53.598785,On or near New Green,E01007628,Doncaster 004D,Violence and sexual offences,Unable to prosecute suspect,
a5a1f500e114cee30463c63055826ee00332daa7ae265bc3ee6b185a74bf6ed1,2025-02,South Yorkshire Police,South Yorkshire Police,-1.030459,53.598785,On or near New Green,E01007628,Doncaster 004D,Violence and sexual offences,Unable to prosecute suspect,
,2025-02,South Yorkshire Police,South Yorkshire Police,-1.024573,53.594539,On or near East Lane,E01007629,Doncaster 004E,Anti-social behaviour,,
,2025-02,South Yorkshire Police,South Yorkshire Police,-1.022089,53.590186,On or near Waggons Way,E01007629,Doncaster 004E,Anti-social behaviour,,
aaf90b6cbaa7267963a0bce2b061cd20daeb9d797ccb6e5b64b116cf52dfe40c,2025-02,South Yorkshire Police,South Yorkshire Police,-1.028156,53.593121,On or near Stanley Gardens,E01007629,Doncaster 004E,Criminal damage and arson,Investigation complete; no suspect identified,
7995fe2b68e70b7beb3ac5dc3ff7e6af38b90b8de21c229db9dbf7926cdc15ff,2025-02,South Yorkshire Police,South Yorkshire Police,-1.028156,53.593121,On or near Stanley Gardens,E01007629,Doncaster 004E,Criminal damage and arson,Investigation complete; no suspect identified,
6700031aee3290c31b05295e511dc9ef15bd466abacf8f16488a913b2048e920,2025-02,South Yorkshire Police,South Yorkshire Police,-1.024573,53.594539,On or near East Lane,E01007629,Doncaster 004E,Criminal damage and arson,Investigation complete; no suspect identified,
580f588ef144c1fbe53133ffd91f2107d72a25e907e736da5440a6b05d7331b1,2025-02,South Yorkshire Police,South Yorkshire Police,-1.024573,53.594539,On or near East Lane,E01007629,Doncaster 004E,Public order,Unable to prosecute suspect,
585cc4daf3bfa97a6d282f7b76b56e4e93ea54fd5dbf623511f0ea18a3dc12d6,2025-02,South Yorkshire Police,South Yorkshire Police,-1.027602,53.592245,On or near Stanley Road,E01007629,Doncaster 004E,Vehicle crime,Investigation complete; no suspect identified,
5137372d1f6daa04847549dd23edb3e587cf7fe9ec8f59013ae62dfbb3ec4837,2025-02,South Yorkshire Police,South Yorkshire Police,-1.026130,53.592511,On or near Emerson Avenue,E01007629,Doncaster 004E,Violence and sexual offences,Unable to prosecute suspect,
5cf033aeab8532ca226e1a6913bf1484b42397079d5f79bd70417222891c23f3,2025-02,South Yorkshire Police,South Yorkshire Police,-1.028156,53.593121,On or near Stanley Gardens,E01007629,Doncaster 004E,Violence and sexual offences,Unable to prosecute suspect,
fc3b6502a24c15fe1ee770c393d94e73d5acfdc6b68155b244a4c33856361ef0,2025-02,South Yorkshire Police,South Yorkshire Police,-1.026130,53.592511,On or near Emerson Avenue,E01007629,Doncaster 004E,Violence and sexual offences,Unable to prosecute suspect,
a812ccfa0a43603c222d7693a5d1b309d88dae59dc5453e08d115ba71685f097,2025-02,South Yorkshire Police,South Yorkshire Police,-1.024573,53.594539,On or near East Lane,E01007629,Doncaster 004E,Violence and sexual offences,Unable to prosecute suspect,
79568f01b554e5f3bb1ec503a9cb712971cb855acc75107d86660ad6b2713746,2025-02,South Yorkshire Police,South Yorkshire Police,-1.028156,53.593121,On or near Stanley Gardens,E01007629,Doncaster 004E,Violence and sexual offences,Awaiting court outcome,
20542c351ebf40d1cc7ebca681aa47da6b56594786d135570773ae80d7860f26,2025-02,South Yorkshire Police,South Yorkshire Police,-1.024573,53.594539,On or near East Lane,E01007629,Doncaster 004E,Violence and sexual offences,Unable to prosecute suspect,
947c473809d39c3fcddd836531c865a66b8332593e57206238be9061b21e135e,2025-02,South Yorkshire Police,South Yorkshire Police,-1.026995,53.589714,On or near King Georges Court,E01007629,Doncaster 004E,Violence and sexual offences,Status update unavailable,
c1a990f99525491f2b700b011767f0e5abefe5794bb19401ea20a1e893727bb9,2025-02,South Yorkshire Police,South Yorkshire Police,-1.022978,53.594247,On or near Bootham Crescent,E01007629,Doncaster 004E,Other crime,Status update unavailable,
,2025-02,South Yorkshire Police,South Yorkshire Police,-1.212717,53.589462,On or near Crabgate Drive,E01007468,Doncaster 005A,Anti-social behaviour,,
,2025-02,South Yorkshire Police,South Yorkshire Police,-1.213541,53.587382,On or near A1,E01007468,Doncaster 005A,Anti-social behaviour,,
8f95a482ccd9e96f7d5460f6b65920b917f8dc0035eebd8a2d503e2cd93e36ba,2025-02,South Yorkshire Police,South Yorkshire Police,-1.212717,53.589462,On or near Crabgate Drive,E01007468,Doncaster 005A,Burglary,Awaiting court outcome,
d5283916a9f689e2a1eb0a66c3f81c64b550c57f37cef69f58ba2323f61fc6d6,2025-02,South Yorkshire Police,South Yorkshire Police,-1.213541,53.587382,On or near A1,E01007468,Doncaster 005A,Vehicle crime,Investigation complete; no suspect identified,
1dd66ee5e6ae8f74aae4c77550d782185dc50bffff693fcb4977f389155ff5fa,2025-02,South Yorkshire Police,South Yorkshire Police,-1.213541,53.587382,On or near A1,E01007468,Doncaster 005A,Vehicle crime,Unable to prosecute suspect,
5d52ea7196eae3cd11bd97ea516597e48378d77e4f57a090f41b8c9190bdfec5,2025-02,South Yorkshire Police,South Yorkshire Police,-1.213541,53.587382,On or near A1,E01007468,Doncaster 005A,Vehicle crime,Investigation complete; no suspect identified,
4269259fff85bdc82c9aa26205efa20c10bbe892512be9bf27f85a0df9bb5410,2025-02,South Yorkshire Police,South Yorkshire Police,-1.211602,53.586057,On or near Howden Avenue,E01007468,Doncaster 005A,Violence and sexual offences,Unable to prosecute suspect,
94a374f25b86f293a7b629a0168ec8aeb39e981e7e3df3404c5bbc1e3310632b,2025-02,South Yorkshire Police,South Yorkshire Police,-1.208513,53.589695,On or near Lavenham Place,E01007468,Doncaster 005A,Violence and sexual offences,Awaiting court outcome,
8fc6125fafee9ee3e7ba44817ee123f7c4d73a148284297a03d483111becd57f,2025-02,South Yorkshire Police,South Yorkshire Police,-1.211602,53.586057,On or near Howden Avenue,E01007468,Doncaster 005A,Violence and sexual offences,Unable to prosecute suspect,
603e7ac374cef76b0bd0022e2c05eb4d36c512cd54eb386eed12de8e031831b0,2025-02,South Yorkshire Police,South Yorkshire Police,-1.211602,53.586057,On or near Howden Avenue,E01007468,Doncaster 005A,Violence and sexual offences,Unable to prosecute suspect,
9e0436650af79c2036814be86c0e7ae43353f24700fef8c27b4383776588b321,2025-02,South Yorkshire Police,South Yorkshire Police,-1.207520,53.591881,On or near Spennithorne Road,E01007468,Doncaster 005A,Violence and sexual offences,Unable to prosecute suspect,
ed6afbc8295003c8c82b23e9fb9b64643704c9fdfa456a1f6a07ef2c661a7ca1,2025-02,South Yorkshire Police,South Yorkshire Police,-1.211602,53.586057,On or near Howden Avenue,E01007468,Doncaster 005A,Violence and sexual offences,Unable to prosecute suspect,
a837e2932b02e119f7ed4ec91c750d4ff24e572040838653174c6ad2de5873af,2025-02,South Yorkshire Police,South Yorkshire Police,-1.211602,53.586057,On or near Howden Avenue,E01007468,Doncaster 005A,Violence and sexual offences,Unable to prosecute suspect,
4571b533fd66656af7ef8c91dc0074c3764c57bf3a37c55f7f0095cc07a7dba9,2025-02,South Yorkshire Police,South Yorkshire Police,-1.212717,53.589462,On or near Crabgate Drive,E01007468,Doncaster 005A,Violence and sexual offences,Unable to prosecute suspect,
014a4e0b3aac28e213cdadc5931e12d8c9e9fce55535324d8fbe2347c1efa69f,2025-02,South Yorkshire Police,South Yorkshire Police,-1.213541,53.587382,On or near A1,E01007468,Doncaster 005A,Violence and sexual offences,Unable to prosecute suspect,
adde1a0ff23c9053247f7fb595d5209ad7d1239c1b3abc49b63e37a68ab39ad3,2025-02,South Yorkshire Police,South Yorkshire Police,-1.208513,53.589695,On or near Lavenham Place,E01007468,Doncaster 005A,Other crime,Unable to prosecute suspect,
,2025-02,South Yorkshire Police,South Yorkshire Police,-1.195822,53.586536,On or near Hawthorne Crescent,E01007469,Doncaster 005B,Anti-social behaviour,,
,2025-02,South Yorkshire Police,South Yorkshire Police,-1.198477,53.586725,On or near South Drive Farm,E01007469,Doncaster 005B,Anti-social behaviour,,
5a532c0cb8172606ddafb8f7888393790bb0e0f1ca9a18d0de4ce54b52ddc7a2,2025-02,South Yorkshire Police,South Yorkshire Police,-1.195685,53.590580,On or near Acacia Road,E01007469,Doncaster 005B,Drugs,Status update unavailable,
29b0da79c61bbdcdb90ec1922e837a0e7eea802eaf894a9e80f506fe7b953533,2025-02,South Yorkshire Police,South Yorkshire Police,-1.195685,53.590580,On or near Acacia Road,E01007469,Doncaster 005B,Public order,Unable to prosecute suspect,
b70901624154e3974d390bc76815a67f6b7d1a48962e7375603abef447e71892,2025-02,South Yorkshire Police,South Yorkshire Police,-1.195779,53.587201,On or near Birch Avenue,E01007469,Doncaster 005B,Violence and sexual offences,Unable to prosecute suspect,
cd84523c8d0e9ae0a6fb20d5c2d0b625b7cd4adaac37943329021f2ff9818a29,2025-02,South Yorkshire Police,South Yorkshire Police,-1.195685,53.590580,On or near Acacia Road,E01007469,Doncaster 005B,Violence and sexual offences,Unable to prosecute suspect,
,2025-02,South Yorkshire Police,South Yorkshire Police,-1.190043,53.587773,On or near Charles Street,E01007470,Doncaster 005C,Anti-social behaviour,,
6a1e974c61a0fc9ce60d2564857fc488905a93b65b56c4dbf280092a787a1f38,2025-02,South Yorkshire Police,South Yorkshire Police,-1.194746,53.589900,On or near Crossfield Lane,E01007470,Doncaster 005C,Burglary,Investigation complete; no suspect identified,
b7af3c7418bb6755bd19bcac728add3e36a9fba3d24a3ea2dbe7997732efb920,2025-02,South Yorkshire Police,South Yorkshire Police,-1.190523,53.587939,On or near Poplar Road,E01007470,Doncaster 005C,Burglary,Investigation complete; no suspect identified,
335c99d4e44a2e1ffe9ee7a2773758fa1dcd25ac62f813dba1334553c075a91f,2025-02,South Yorkshire Police,South Yorkshire Police,-1.194746,53.589900,On or near Crossfield Lane,E01007470,Doncaster 005C,Criminal damage and arson,Investigation complete; no suspect identified,
52a6243fb601c35ed2e690bad2281cceee70b1a6d7e69f496dc5b8e593e07c01,2025-02,South Yorkshire Police,South Yorkshire Police,-1.190043,53.587773,On or near Charles Street,E01007470,Doncaster 005C,Other theft,Unable to prosecute suspect,
ca80e6cf29800b6902fb615eab7c94c521470cfebaa8aa903fc94f2cdab09886,2025-02,South Yorkshire Police,South Yorkshire Police,-1.191576,53.588988,On or near Mansfield Crescent,E01007470,Doncaster 005C,Vehicle crime,Investigation complete; no suspect identified,
a43e632d636132194c9ae5426aebeebd03aa4d4977c76ae1b7af98b9d048b8a4,2025-02,South Yorkshire Police,South Yorkshire Police,-1.197061,53.587317,On or near Briar Road,E01007470,Doncaster 005C,Violence and sexual offences,Unable to prosecute suspect,
d668874b14333e8e4fc2f67d8ae5b07e016d9d1abb0ea0b052d69296beb0fa39,2025-02,South Yorkshire Police,South Yorkshire Police,-1.197061,53.587317,On or near Briar Road,E01007470,Doncaster 005C,Violence and sexual offences,Unable to prosecute suspect,
efeb8e90f266e4a967134cd924c1e2d3a3d8dc4566f7c770ae0d7889af4dc6cc,2025-02,South Yorkshire Police,South Yorkshire Police,-1.192863,53.589617,On or near Elm Road,E01007470,Doncaster 005C,Other crime,Offender given a caution,
,2025-02,South Yorkshire Police,South Yorkshire Police,-1.186246,53.585671,On or near Chestnut Avenue,E01007472,Doncaster 005D,Anti-social behaviour,,
80c801a5506cfbe4154516d2928ba9e6edf0537213894be4d722fe208ccd42cf,2025-02,South Yorkshire Police,South Yorkshire Police,-1.186246,53.585671,On or near Chestnut Avenue,E01007472,Doncaster 005D,Burglary,Investigation complete; no suspect identified,
0aa92809681dd2e4141ca77697c2922d814f300768367eef475a075105815fc4,2025-02,South Yorkshire Police,South Yorkshire Police,-1.187418,53.588349,On or near George Street,E01007472,Doncaster 005D,Burglary,Investigation complete; no suspect identified,
a723d39d43f1c0a8e921e11b73f4cddc3f35365e4f51c12768f51ce4de88ff36,2025-02,South Yorkshire Police,South Yorkshire Police,-1.184964,53.583982,On or near Bullcroft Close,E01007472,Doncaster 005D,Criminal damage and arson,Investigation complete; no suspect identified,
1c01b6aa985d5e5dfcd7450a772618455c82700e95a06bce2938567f2adec568,2025-02,South Yorkshire Police,South Yorkshire Police,-1.186428,53.588019,On or near Edward Road,E01007472,Doncaster 005D,Public order,Investigation complete; no suspect identified,
124048dace1f0815a4a99961379a20dec5d3ede230e219e418043c2d327a9277,2025-02,South Yorkshire Police,South Yorkshire Police,-1.186428,53.588019,On or near Edward Road,E01007472,Doncaster 005D,Public order,Unable to prosecute suspect,
bc27db403f91f87517833fc2bc5c6ffb8df0b4094a83e73549a7dd3452f71137,2025-02,South Yorkshire Police,South Yorkshire Police,-1.187418,53.588349,On or near George Street,E01007472,Doncaster 005D,Robbery,Investigation complete; no suspect identified,
66b61eef741fa887c78449215b9913560588b00ca6ef4ffb86e34c8180cdd774,2025-02,South Yorkshire Police,South Yorkshire Police,-1.182949,53.586674,On or near Grasmere Road,E01007472,Doncaster 005D,Vehicle crime,Investigation complete; no suspect identified,
2c9a7f65fd00cf1b3fda8120cf9e5ec44afa63525e93c4ea5de15cf0977147f4,2025-02,South Yorkshire Police,South Yorkshire Police,-1.185682,53.589847,On or near Lodge Road,E01007472,Doncaster 005D,Vehicle crime,Investigation complete; no suspect identified,
47435d1ec58e6606e727cdb7e015723e5b1537f343538fb9c0d77b3853a63113,2025-02,South Yorkshire Police,South Yorkshire Police,-1.185682,53.589847,On or near Lodge Road,E01007472,Doncaster 005D,Violence and sexual offences,Unable to prosecute suspect,
6e2378657192021860489cabeb5e0b55fb031a793baf7605d6662822cc4a8d53,2025-02,South Yorkshire Police,South Yorkshire Police,-1.185682,53.589847,On or near Lodge Road,E01007472,Doncaster 005D,Violence and sexual offences,Unable to prosecute suspect,
1f73713eee0671ac165d19390c920fbc3a0092805c505e32a1baa805e176a74c,2025-02,South Yorkshire Police,South Yorkshire Police,-1.184559,53.585417,On or near Langdale Road,E01007472,Doncaster 005D,Violence and sexual offences,Unable to prosecute suspect,
41668797c8e51842b73ffcf2da0f174028a19dffa1d955e3fd9f24bd4f7d24b1,2025-02,South Yorkshire Police,South Yorkshire Police,-1.184559,53.585417,On or near Langdale Road,E01007472,Doncaster 005D,Violence and sexual offences,Unable to prosecute suspect,
49027393b5f2f434f7547810a0c5ac6a5230ae0fa224ac32c0abea6840c9498b,2025-02,South Yorkshire Police,South Yorkshire Police,-1.184964,53.583982,On or near Bullcroft Close,E01007472,Doncaster 005D,Violence and sexual offences,Unable to prosecute suspect,
e3643bab9a5472038be477c5fe3a19a415e25d144aa653167ac66bf9530855bf,2025-02,South Yorkshire Police,South Yorkshire Police,-1.187418,53.588349,On or near George Street,E01007472,Doncaster 005D,Violence and sexual offences,Investigation complete; no suspect identified,
ba2772536459c7cfbcbdb35bb1c03f9c277a2d36ad1ee7a45f01a99f316ddf9d,2025-02,South Yorkshire Police,South Yorkshire Police,-1.187418,53.588349,On or near George Street,E01007472,Doncaster 005D,Violence and sexual offences,Unable to prosecute suspect,
,2025-02,South Yorkshire Police,South Yorkshire Police,-1.182057,53.585157,On or near Hackett Close,E01007473,Doncaster 005E,Anti-social behaviour,,
,2025-02,South Yorkshire Police,South Yorkshire Police,-1.182057,53.585157,On or near Hackett Close,E01007473,Doncaster 005E,Anti-social behaviour,,
f43d7778b6753f98b0dd61b1680d8a762ab5a8b69cb300ea3260374ac4a4b0f5,2025-02,South Yorkshire Police,South Yorkshire Police,-1.175434,53.581606,On or near Askern Road,E01007473,Doncaster 005E,Burglary,Investigation complete; no suspect identified,
50e7a87ca3c41d3d0f1ceb002a757ef9a432544cc91b5aad6fb9fd06a2d32c17,2025-02,South Yorkshire Police,South Yorkshire Police,-1.178514,53.584783,On or near Owston Road,E01007473,Doncaster 005E,Criminal damage and arson,Investigation complete; no suspect identified,
6842c4e3a92c11513ce80623b91fc727cde565fbac316764deca271962ee8e31,2025-02,South Yorkshire Police,South Yorkshire Police,-1.177192,53.577385,On or near Brooklands Road,E01007473,Doncaster 005E,Vehicle crime,Investigation complete; no suspect identified,
6f26b38fa0b3a2c83e036c2ea4b59ed6444716ef34581ac3cf4d6611dfd10db8,2025-02,South Yorkshire Police,South Yorkshire Police,-1.177192,53.577385,On or near Brooklands Road,E01007473,Doncaster 005E,Vehicle crime,Investigation complete; no suspect identified,
8c46ff93b771c6b2307bb7b16c93978ad04922be458803ba87379d6ce2129641,2025-02,South Yorkshire Police,South Yorkshire Police,-1.176455,53.586548,On or near New Street,E01007473,Doncaster 005E,Vehicle crime,Investigation complete; no suspect identified,
7cbc81c3d2791741bb17f01e83486956ebbc79b71b25ca5cfb95f570f2f3bb9e,2025-02,South Yorkshire Police,South Yorkshire Police,-1.180715,53.585795,On or near Borrowdale Close,E01007473,Doncaster 005E,Violence and sexual offences,Investigation complete; no suspect identified,
b31b277ebfbc12497da7197e64d00828501b3e406ac6d2dc73682263576c2567,2025-02,South Yorkshire Police,South Yorkshire Police,-1.180715,53.585795,On or near Borrowdale Close,E01007473,Doncaster 005E,Violence and sexual offences,Unable to prosecute suspect,
6d9bd6ecd590c9375f19f26119cd24a28cf6697cd42b437c478ccbd99e3b46dd,2025-02,South Yorkshire Police,South Yorkshire Police,-1.180715,53.585795,On or near Borrowdale Close,E01007473,Doncaster 005E,Violence and sexual offences,Unable to prosecute suspect,
b17fdff50955d3c450c6c4bedaf38e2f5894e4c10e2f0a1d05843d16bd7ba0df,2025-02,South Yorkshire Police,South Yorkshire Police,-1.182057,53.585157,On or near Hackett Close,E01007473,Doncaster 005E,Violence and sexual offences,Unable to prosecute suspect,
3f2314ac6b20820cf01ad7324dd7f6706472ced30ca945672244b96420f4648a,2025-02,South Yorkshire Police,South Yorkshire Police,-1.178514,53.584783,On or near Owston Road,E01007473,Doncaster 005E,Violence and sexual offences,Investigation complete; no suspect identified,
cbc51028a45a1f00df51e30ba6beb0534161145ae1867b2c5a44aad7797df966,2025-02,South Yorkshire Police,South Yorkshire Police,-1.182057,53.585157,On or near Hackett Close,E01007473,Doncaster 005E,Violence and sexual offences,Investigation complete; no suspect identified,
618f6cab89570d3d1acd8347404fcae764d04e2545108c0eded0e793d9e8521f,2025-02,South Yorkshire Police,South Yorkshire Police,-1.180715,53.585795,On or near Borrowdale Close,E01007473,Doncaster 005E,Violence and sexual offences,Unable to prosecute suspect,
,2025-02,South Yorkshire Police,South Yorkshire Police,-1.182089,53.582677,On or near High Street,E01007474,Doncaster 005F,Anti-social behaviour,,
,2025-02,South Yorkshire Police,South Yorkshire Police,-1.187578,53.585537,On or near Conference/Exhibition Centre,E01007474,Doncaster 005F,Anti-social behaviour,,
7aae1594d00df3bc4b72d57917d9a508d5c276e3e41f64ce3e4bf9ae813cc386,2025-02,South Yorkshire Police,South Yorkshire Police,-1.186086,53.582983,On or near Chapel Street,E01007474,Doncaster 005F,Burglary,Investigation complete; no suspect identified,
3ac4cba0905359fb7db3fe754ab36d5d822f01b4b01f341d1f2809e9419de344,2025-02,South Yorkshire Police,South Yorkshire Police,-1.188794,53.583549,On or near Skellow Road,E01007474,Doncaster 005F,Burglary,Investigation complete; no suspect identified,
93ec0cb8cbc856c9663a57efb3662209083732b438dbe06bb7883a5c29b3eda9,2025-02,South Yorkshire Police,South Yorkshire Police,-1.186086,53.582983,On or near Chapel Street,E01007474,Doncaster 005F,Criminal damage and arson,Investigation complete; no suspect identified,
995a045f2a34ff61fd152803050b760730e70bbff9e4553a5c75da184503e7d1,2025-02,South Yorkshire Police,South Yorkshire Police,-1.190597,53.584047,On or near Sandyfields View,E01007474,Doncaster 005F,Drugs,Unable to prosecute suspect,
0c7f5d83239ac04fe31fd95bc7dd06d58da6212e0aec8d4a3f3ed45c4c7178d7,2025-02,South Yorkshire Police,South Yorkshire Police,-1.182379,53.582310,On or near Supermarket,E01007474,Doncaster 005F,Other theft,Awaiting court outcome,
4fcd0756bf000cca9cf18afe376aa3450a07c440b0430b4644d676d011bc9b25,2025-02,South Yorkshire Police,South Yorkshire Police,-1.191080,53.583286,On or near Repton Road,E01007474,Doncaster 005F,Possession of weapons,Unable to prosecute suspect,
91e40c545a7772f0bca8f77fbe487d5a80c4abc7079be2a27fdeb2feb0bfae2b,2025-02,South Yorkshire Police,South Yorkshire Police,-1.186086,53.582983,On or near Chapel Street,E01007474,Doncaster 005F,Shoplifting,Investigation complete; no suspect identified,
81af85c4c526d7962317dbf0c55129efa4934dbebe06712bb5866c61b5e00f86,2025-02,South Yorkshire Police,South Yorkshire Police,-1.182379,53.582310,On or near Supermarket,E01007474,Doncaster 005F,Shoplifting,Unable to prosecute suspect,
a7f6e0bc794ff5ae994fbf74c671d2f370312049b6b342c25b2b51b4cb0c045b,2025-02,South Yorkshire Police,South Yorkshire Police,-1.182379,53.582310,On or near Supermarket,E01007474,Doncaster 005F,Vehicle crime,Investigation complete; no suspect identified,
31e31c7803674ce37168f797e544f78573c0c8f98bbde1ff444e0185e6d7cdf5,2025-02,South Yorkshire Police,South Yorkshire Police,-1.182379,53.582310,On or near Supermarket,E01007474,Doncaster 005F,Vehicle crime,Status update unavailable,
6e594d2fc7d0e9b3b5cc8050614f869167646dd14d67ffa65db38ad26a6fd929,2025-02,South Yorkshire Police,South Yorkshire Police,-1.182862,53.584138,On or near Croasdale Gardens,E01007474,Doncaster 005F,Violence and sexual offences,Unable to prosecute suspect,
4e78fbd5ebb9fcdfad734578700faa30ad80fbf382006b8ecd0e703055c87f44,2025-02,South Yorkshire Police,South Yorkshire Police,-1.190597,53.584047,On or near Sandyfields View,E01007474,Doncaster 005F,Violence and sexual offences,Investigation complete; no suspect identified,
82bd63530b04813b4a087954900256252b58662e081919819b09cb78d03e3db8,2025-02,South Yorkshire Police,South Yorkshire Police,-1.182862,53.584138,On or near Croasdale Gardens,E01007474,Doncaster 005F,Violence and sexual offences,Unable to prosecute suspect,
1378093fd583496e194ff880cdadd4a42f7187e94717b79aeebe8bcde9f3a32e,2025-02,South Yorkshire Police,South Yorkshire Police,-1.194054,53.584996,On or near French Street,E01007474,Doncaster 005F,Violence and sexual offences,Unable to prosecute suspect,
5cc1636bb1d1f7a09d22a153a989ab52fb8227d11966f29f9c652916d0f3f43c,2025-02,South Yorkshire Police,South Yorkshire Police,-1.182862,53.584138,On or near Croasdale Gardens,E01007474,Doncaster 005F,Violence and sexual offences,Unable to prosecute suspect,
46dd1b9f55df1b0a1cb6799ba5ef08c06ac17fadd6d32c75e2725d30c16e5712,2025-02,South Yorkshire Police,South Yorkshire Police,-1.185401,53.584821,On or near Buttermere Close,E01007474,Doncaster 005F,Other crime,Investigation complete; no suspect identified,
cfd131dc596958daa65549eaa7fafad37b58e08594198089bb00cd710340b429,2025-02,South Yorkshire Police,South Yorkshire Police,-1.014913,53.583035,On or near Abbey Way,E01007554,Doncaster 006A,Criminal damage and arson,Investigation complete; no suspect identified,
6a44ec5b2825cd1d2b0ebebe05d83980f0a995ea62aef3540c6c5462eef32519,2025-02,South Yorkshire Police,South Yorkshire Police,-1.014235,53.581655,On or near Glencoe Close,E01007554,Doncaster 006A,Other theft,Investigation complete; no suspect identified,
4d4083bd1e916f114abc494ea67d05ae756ecdfa337b65a648fa3cd59dd2e410,2025-02,South Yorkshire Police,South Yorkshire Police,-1.013342,53.581737,On or near Prescott Grove,E01007554,Doncaster 006A,Vehicle crime,Investigation complete; no suspect identified,
,2025-02,South Yorkshire Police,South Yorkshire Police,-1.014733,53.577803,On or near Abbey Gardens,E01007555,Doncaster 006B,Anti-social behaviour,,
,2025-02,South Yorkshire Police,South Yorkshire Police,-1.007618,53.575245,On or near Ash Hill Road,E01007555,Doncaster 006B,Anti-social behaviour,,
,2025-02,South Yorkshire Police,South Yorkshire Police,-1.016383,53.576998,On or near Sheep Dip Lane,E01007555,Doncaster 006B,Anti-social behaviour,,
31ebebc6bcee0ad4161f680ad51b4100ed7dd5cd6985a147fc3ea77204d5ec11,2025-02,South Yorkshire Police,South Yorkshire Police,-1.018449,53.577752,On or near St Edwins Drive,E01007555,Doncaster 006B,Criminal damage and arson,Investigation complete; no suspect identified,
dd644dd2a184c2b226e12a2cccd1015627f1cf4ef52ffe89dfc9273292035a39,2025-02,South Yorkshire Police,South Yorkshire Police,-1.012009,53.578688,On or near Thompson Nook,E01007555,Doncaster 006B,Criminal damage and arson,Investigation complete; no suspect identified,
903b87b3c6180af44e600f4f672648fc3460ba936cdb3a99c2ba263f36896932,2025-02,South Yorkshire Police,South Yorkshire Police,-1.016383,53.576998,On or near Sheep Dip Lane,E01007555,Doncaster 006B,Shoplifting,Unable to prosecute suspect,
18315b7454b2a62582bc6c13c009a80b11e4f2ebc43f1166c968ed102fa7f7c1,2025-02,South Yorkshire Police,South Yorkshire Police,-1.018449,53.577752,On or near St Edwins Drive,E01007555,Doncaster 006B,Violence and sexual offences,Investigation complete; no suspect identified,
41ec6c44c82001df1133e5cbe75d3f41fc17d1ceab0b3da23d1350b7c159333a,2025-02,South Yorkshire Police,South Yorkshire Police,-1.017488,53.581439,On or near Canterbury Road,E01007555,Doncaster 006B,Violence and sexual offences,Unable to prosecute suspect,
be82ffa1f34974056edd1b7f14a2ed24390ddea295006e5233aa48d5f3cf488a,2025-02,South Yorkshire Police,South Yorkshire Police,-1.014250,53.580360,On or near Inverness Road,E01007555,Doncaster 006B,Violence and sexual offences,Status update unavailable,
,2025-02,South Yorkshire Police,South Yorkshire Police,-1.021046,53.572560,On or near Broadway Nook,E01007556,Doncaster 006C,Anti-social behaviour,,
,2025-02,South Yorkshire Police,South Yorkshire Police,-1.021046,53.572560,On or near Broadway Nook,E01007556,Doncaster 006C,Anti-social behaviour,,
,2025-02,South Yorkshire Police,South Yorkshire Police,-1.021046,53.572560,On or near Broadway Nook,E01007556,Doncaster 006C,Anti-social behaviour,,
232290401f3ead8f8773cb745b61b69a85164ad8e6ec4a24cc41d6da0b668a8d,2025-02,South Yorkshire Police,South Yorkshire Police,-1.021905,53.573286,On or near Ingram Road,E01007556,Doncaster 006C,Burglary,Investigation complete; no suspect identified,
0e8174fa26251989318ca5e5010d26723501832d2b98b101ca9c5afc6b4b20f3,2025-02,South Yorkshire Police,South Yorkshire Police,-1.022119,53.576443,On or near Ashfield Road,E01007556,Doncaster 006C,Criminal damage and arson,Unable to prosecute suspect,
a3d9141a3ad7a2ac94e98b3826afb74e3ac788004610c4f8d492ef7ff1b252d6,2025-02,South Yorkshire Police,South Yorkshire Police,-1.024337,53.583787,On or near Hazel Road,E01007556,Doncaster 006C,Violence and sexual offences,Unable to prosecute suspect,
9910dc7c2eac828ddc0e44238c7ef2ce2c3db6ae70256e15c4e2402288047f58,2025-02,South Yorkshire Police,South Yorkshire Police,-1.018398,53.578687,On or near St Edwins Close,E01007556,Doncaster 006C,Violence and sexual offences,Unable to prosecute suspect,
94e4b6bb46e42d2b422c1163f797e8ee334144acf8274145d5201d0705c23a87,2025-02,South Yorkshire Police,South Yorkshire Police,-1.022216,53.574224,On or near Ingram Grove,E01007556,Doncaster 006C,Violence and sexual offences,Unable to prosecute suspect,
8e57afd73865d2ed4352e00918d8968ad8bad9d757ea18d81f45a058c5f5bf41,2025-02,South Yorkshire Police,South Yorkshire Police,-1.024337,53.583787,On or near Hazel Road,E01007556,Doncaster 006C,Violence and sexual offences,Unable to prosecute suspect,
,2025-02,South Yorkshire Police,South Yorkshire Police,-1.028730,53.562124,On or near High Street,E01007561,Doncaster 006D,Anti-social behaviour,,
029b665697c6b3d573743876ab4f8d51c11be68cdd946599fd75f516305710fb,2025-02,South Yorkshire Police,South Yorkshire Police,-1.028730,53.562124,On or near High Street,E01007561,Doncaster 006D,Burglary,Awaiting court outcome,
93a70afbf9dd1ead9a09694d0c083da1e5fb5c1e05c15d3d80678e9fa2a94573,2025-02,South Yorkshire Police,South Yorkshire Police,-1.027708,53.565235,On or near St James Avenue,E01007561,Doncaster 006D,Public order,Unable to prosecute suspect,
,2025-02,South Yorkshire Police,South Yorkshire Police,-1.016126,53.570488,On or near Shenley Close,E01007562,Doncaster 006E,Anti-social behaviour,,
,2025-02,South Yorkshire Police,South Yorkshire Police,-1.020197,53.570090,On or near Petrol Station,E01007562,Doncaster 006E,Anti-social behaviour,,
,2025-02,South Yorkshire Police,South Yorkshire Police,-1.029256,53.566209,On or near Parking Area,E01007562,Doncaster 006E,Anti-social behaviour,,
,2025-02,South Yorkshire Police,South Yorkshire Police,-1.019250,53.580356,On or near Mews Court,E01007563,Doncaster 006F,Anti-social behaviour,,
,2025-02,South Yorkshire Police,South Yorkshire Police,-1.021101,53.584453,On or near Supermarket,E01007563,Doncaster 006F,Anti-social behaviour,,
,2025-02,South Yorkshire Police,South Yorkshire Police,-1.025684,53.585631,On or near St. Edwin Reach,E01007563,Doncaster 006F,Anti-social behaviour,,
,2025-02,South Yorkshire Police,South Yorkshire Police,-1.015130,53.582174,On or near Petrol Station,E01007563,Doncaster 006F,Anti-social behaviour,,
a7d3f33f7f0c63a113e08cb0e76ccee5853e2395af95136b2368aee47f66c47d,2025-02,South Yorkshire Police,South Yorkshire Police,-1.025684,53.585631,On or near St. Edwin Reach,E01007563,Doncaster 006F,Burglary,Investigation complete; no suspect identified,
19e15823ac7010f12d86076eb02d832e41a94920d028f74d7ae47b0adcfaec05,2025-02,South Yorkshire Police,South Yorkshire Police,-1.025684,53.585631,On or near St. Edwin Reach,E01007563,Doncaster 006F,Criminal damage and arson,Investigation complete; no suspect identified,
ee544d4c238eb1aad9f669e67ef4de68245e783ca2541b5d43be3bb42dc85d5b,2025-02,South Yorkshire Police,South Yorkshire Police,-1.020014,53.581289,On or near Hampton Road,E01007563,Doncaster 006F,Criminal damage and arson,Unable to prosecute suspect,
37ecefe7bae3ad0aa766b420cebf4589bdf035459b847c099b033d2b584c2d22,2025-02,South Yorkshire Police,South Yorkshire Police,-1.019664,53.582688,On or near Crabtree Road,E01007563,Doncaster 006F,Criminal damage and arson,Investigation complete; no suspect identified,
eb37ab825776474274bb446f25a94132af9055648b24c787e27570ad0592ebea,2025-02,South Yorkshire Police,South Yorkshire Police,-1.015130,53.582174,On or near Petrol Station,E01007563,Doncaster 006F,Criminal damage and arson,Investigation complete; no suspect identified,
3d7554f59e126abee867ba520be10309bb5c4640928eeee09261fda0372f2dfa,2025-02,South Yorkshire Police,South Yorkshire Police,-1.019250,53.580356,On or near Mews Court,E01007563,Doncaster 006F,Criminal damage and arson,Unable to prosecute suspect,
3f8f14b85d07828e13947bc00d59331b080d30227d7c0167e68c8415af2ce856,2025-02,South Yorkshire Police,South Yorkshire Police,-1.015130,53.582174,On or near Petrol Station,E01007563,Doncaster 006F,Other theft,Investigation complete; no suspect identified,
3af1faead34c68c8c5d3cef9950edfbe6670aded50055d4191b5b54162da966e,2025-02,South Yorkshire Police,South Yorkshire Police,-1.022101,53.584443,On or near Parking Area,E01007563,Doncaster 006F,Other theft,Investigation complete; no suspect identified,
3dac94b04b183def74b36a51bdb469d5e0c6fb202b2b178efc7f2c119fdce101,2025-02,South Yorkshire Police,South Yorkshire Police,-1.015130,53.582174,On or near Petrol Station,E01007563,Doncaster 006F,Other theft,Investigation complete; no suspect identified,
0621d80d5f9578c3466a47d9e385b571f5a5c0586c079d51226b2e0f5bc43357,2025-02,South Yorkshire Police,South Yorkshire Police,-1.025684,53.585631,On or near St. Edwin Reach,E01007563,Doncaster 006F,Possession of weapons,Unable to prosecute suspect,
42947f1e27b6362d69853f6e50e5aee434ac8b81be66446f7cf5a1444e3872f5,2025-02,South Yorkshire Police,South Yorkshire Police,-1.015130,53.582174,On or near Petrol Station,E01007563,Doncaster 006F,Public order,Investigation complete; no suspect identified,
b9aa85d06151443bdc3f5302addbe27829150358a091f8b8e9f1670cd3b70e04,2025-02,South Yorkshire Police,South Yorkshire Police,-1.022203,53.580686,On or near Parks Road,E01007563,Doncaster 006F,Violence and sexual offences,Status update unavailable,
e267390d51b874465fa4b77134f590405c7ef9c4176c591aa37f182e12391d67,2025-02,South Yorkshire Police,South Yorkshire Police,-1.015130,53.582174,On or near Petrol Station,E01007563,Doncaster 006F,Violence and sexual offences,Investigation complete; no suspect identified,
5a0db90fdf55dbe1cc03244fc6c862d5d5efc7fa6bfde75c69551597896577cd,2025-02,South Yorkshire Police,South Yorkshire Police,-1.019664,53.582688,On or near Crabtree Road,E01007563,Doncaster 006F,Violence and sexual offences,Investigation complete; no suspect identified,
f968150ed868cd2351e7d9fc38d498247f764c6661d0196bed7a2601414b4017,2025-02,South Yorkshire Police,South Yorkshire Police,-1.019250,53.580356,On or near Mews Court,E01007563,Doncaster 006F,Violence and sexual offences,Unable to prosecute suspect,
432d7deae27e2ba0cf9d860d265edc7b372a36817f3bd4e5666d44a6144f12fa,2025-02,South Yorkshire Police,South Yorkshire Police,-1.066298,53.566737,On or near Rainford Square,E01007621,Doncaster 007A,Burglary,Unable to prosecute suspect,
4d0f27be9280149ba790df685c99de9b12082e292564af37c0808b42fd197cf8,2025-02,South Yorkshire Police,South Yorkshire Police,-1.067969,53.565573,On or near King George Square,E01007621,Doncaster 007A,Burglary,Investigation complete; no suspect identified,
6c6fa2774e61f52c1037cba98c2391ef6305018f313928bb0536736e594bc902,2025-02,South Yorkshire Police,South Yorkshire Police,-1.065384,53.569822,On or near Doncaster Road,E01007621,Doncaster 007A,Criminal damage and arson,Investigation complete; no suspect identified,
50e402ac71921bb16eaad4022cb808fcc2098a563d120141288f52e159f754cb,2025-02,South Yorkshire Police,South Yorkshire Police,-1.065384,53.569822,On or near Doncaster Road,E01007621,Doncaster 007A,Possession of weapons,Awaiting court outcome,
7b214bf1343e1f5b53068e3fa33210d14e0930b3289c4f61e7975599c6d00148,2025-02,South Yorkshire Police,South Yorkshire Police,-1.062605,53.565064,On or near Eccleston Road,E01007621,Doncaster 007A,Vehicle crime,Investigation complete; no suspect identified,
7c6f773ee5e72f1af2a1b2ee020fb41f23fd863e3a63bf1ec02e1db40b95a9af,2025-02,South Yorkshire Police,South Yorkshire Police,-1.068595,53.567322,On or near Kiln Court,E01007621,Doncaster 007A,Violence and sexual offences,Unable to prosecute suspect,
0d527251715c3881fc2190ee12db83a0a1d88708fcc78c4efdc18a66c8046446,2025-02,South Yorkshire Police,South Yorkshire Police,-1.058708,53.557644,On or near Hurlstone Close,E01007622,Doncaster 007B,Burglary,Investigation complete; no suspect identified,
610156d21eb214a3b8ec1eb9fb6f6e1e42d85ca770826387b4401a9e9f4c135c,2025-02,South Yorkshire Police,South Yorkshire Police,-1.067368,53.562701,On or near Cowley Place,E01007622,Doncaster 007B,Vehicle crime,Investigation complete; no suspect identified,
dc424365f1904f7518186c00ee8da3992d0ff7e90d00a065fb197d0882b17da6,2025-02,South Yorkshire Police,South Yorkshire Police,-1.066806,53.559407,On or near Thirlmere Gardens,E01007623,Doncaster 007C,Burglary,Investigation complete; no suspect identified,
91ed0fb5cb38209a7c448e6c3f8a56e4eef92e94274d94ea21848f46bb4a6941,2025-02,South Yorkshire Police,South Yorkshire Police,-1.071659,53.559130,On or near Camellia Drive,E01007623,Doncaster 007C,Burglary,Awaiting court outcome,
96bf22b59f5b438901b1ab855655a5e62303f119844e8511d0954f13ca21b286,2025-02,South Yorkshire Police,South Yorkshire Police,-1.066806,53.559407,On or near Thirlmere Gardens,E01007623,Doncaster 007C,Burglary,Investigation complete; no suspect identified,
4b1343ab86c0652eeb4710baa7d2b2bbd2d943d915a225738872b034e5ad60cb,2025-02,South Yorkshire Police,South Yorkshire Police,-1.066806,53.559407,On or near Thirlmere Gardens,E01007623,Doncaster 007C,Criminal damage and arson,Unable to prosecute suspect,
358068f4d21ff62bc9acfac07d689e2513d7011db43b4e407bc5a54d22c9e5a2,2025-02,South Yorkshire Police,South Yorkshire Police,-1.073378,53.558532,On or near Gardenia Road,E01007623,Doncaster 007C,Criminal damage and arson,Investigation complete; no suspect identified,
dd5fdaca1ca8e328156cac81547e433f96f689a056e76acab23c289866717aca,2025-02,South Yorkshire Police,South Yorkshire Police,-1.071808,53.562637,On or near The Beeches,E01007623,Doncaster 007C,Criminal damage and arson,Investigation complete; no suspect identified,
6bcdc07ec21fd014d4773c4df682e11fe3477ff53a45d112bdb5d52bba1c6ae0,2025-02,South Yorkshire Police,South Yorkshire Police,-1.071808,53.562637,On or near The Beeches,E01007623,Doncaster 007C,Criminal damage and arson,Investigation complete; no suspect identified,
d533972cf54a31e6d747bb6c2c049ec614585d693ec3a7f648b0d6dbbf436c13,2025-02,South Yorkshire Police,South Yorkshire Police,-1.071659,53.559130,On or near Camellia Drive,E01007623,Doncaster 007C,Drugs,Investigation complete; no suspect identified,
1f44aa6b5e7a7292e0a5ee60a4aeb4c9ad2a8bf09786b730a4fa650017893e3e,2025-02,South Yorkshire Police,South Yorkshire Police,-1.068826,53.562299,On or near Supermarket,E01007623,Doncaster 007C,Shoplifting,Awaiting court outcome,
a8da7e1cffa2404bdb31abccd81003c669f13c5c8cd36cebbf44d660b0e3eb8a,2025-02,South Yorkshire Police,South Yorkshire Police,-1.068826,53.562299,On or near Supermarket,E01007623,Doncaster 007C,Shoplifting,Awaiting court outcome,
a2bfd08d0ea1a2504360aa9ea0f4b4fb24095d93aa64eafd7b7daeb8319723f3,2025-02,South Yorkshire Police,South Yorkshire Police,-1.068826,53.562299,On or near Supermarket,E01007623,Doncaster 007C,Shoplifting,Investigation complete; no suspect identified,
70d77f2775d459c7f8d744db7b326c1e763463ff3b493de3a51f265dc4bdc829,2025-02,South Yorkshire Police,South Yorkshire Police,-1.071808,53.562637,On or near The Beeches,E01007623,Doncaster 007C,Violence and sexual offences,Investigation complete; no suspect identified,
41ba2c814fef19cb27aa5415ed4ceaf80a17e7b1d8faba67d082ee943aeebe2e,2025-02,South Yorkshire Police,South Yorkshire Police,-1.065693,53.559910,On or near Derwent Drive,E01007623,Doncaster 007C,Violence and sexual offences,Unable to prosecute suspect,
d2e252c393fe25bc031ec6f96a92f671f0b33ce1ca1038317f90f125484bcf88,2025-02,South Yorkshire Police,South Yorkshire Police,-1.071808,53.562637,On or near The Beeches,E01007623,Doncaster 007C,Violence and sexual offences,Awaiting court outcome,
b39afddef423d3c5ea2af4be020f6c58cd5546ec4b603ac7a6f0a0c123f62844,2025-02,South Yorkshire Police,South Yorkshire Police,-1.066806,53.559407,On or near Thirlmere Gardens,E01007623,Doncaster 007C,Violence and sexual offences,Investigation complete; no suspect identified,
2cd4b2d4aed5dabd6ae5b6adfcfd6f6eb657eac8c7fd77fe969a99de9356ce88,2025-02,South Yorkshire Police,South Yorkshire Police,-1.066806,53.559407,On or near Thirlmere Gardens,E01007623,Doncaster 007C,Other crime,Awaiting court outcome,
,2025-02,South Yorkshire Police,South Yorkshire Police,-1.074056,53.563400,On or near Parking Area,E01007624,Doncaster 007D,Anti-social behaviour,,
,2025-02,South Yorkshire Police,South Yorkshire Police,-1.074056,53.563400,On or near Parking Area,E01007624,Doncaster 007D,Anti-social behaviour,,
491c23ce4540341b7bd90f8e186fb17864edfcca65a0911991ffe7c2c3aa5ca8,2025-02,South Yorkshire Police,South Yorkshire Police,-1.078663,53.558456,On or near Sandall Carr Road,E01007624,Doncaster 007D,Burglary,Investigation complete; no suspect identified,
0ec0d1803dcdf077870d9e103eb92c522ba4c35a91e70b18a946cbb06b93d173,2025-02,South Yorkshire Police,South Yorkshire Police,-1.085908,53.559204,On or near Long Sandall,E01007624,Doncaster 007D,Burglary,Investigation complete; no suspect identified,
70faa304c711561e3fa8a896c15d1d20421d22fb2165a28d6caaed4a358f3d93,2025-02,South Yorkshire Police,South Yorkshire Police,-1.078816,53.564614,On or near Nunnington Way,E01007624,Doncaster 007D,Criminal damage and arson,Unable to prosecute suspect,
88fce6a53e360cafd9df1574e7ad8bb84f0ab75d35db65ebbab5a1280c044d59,2025-02,South Yorkshire Police,South Yorkshire Police,-1.070307,53.578067,On or near Partridge Road,E01007624,Doncaster 007D,Public order,Investigation complete; no suspect identified,
6c5d89aa77569367dc62e2b100ee6bb2110b0ed7e259c06609d8a296ec0e55e1,2025-02,South Yorkshire Police,South Yorkshire Police,-1.073993,53.563516,On or near Kirk Sandall,E01007624,Doncaster 007D,Robbery,Unable to prosecute suspect,
b8a1903762428ce9447a36bde629b5db214ebe7fd7e5c9b0d6c01b831bd050c6,2025-02,South Yorkshire Police,South Yorkshire Police,-1.070156,53.579451,On or near Kipling Road,E01007624,Doncaster 007D,Vehicle crime,Investigation complete; no suspect identified,
19f08dd767c5b21a59d0dcc192fa2acfe2af13454ae64305ef4a81495ce5b7bc,2025-02,South Yorkshire Police,South Yorkshire Police,-1.071975,53.579842,On or near Arren Close,E01007624,Doncaster 007D,Violence and sexual offences,Status update unavailable,
7fb6d42dc52b6a9b87cd9bc0fb399ce32f734b2d52b9dc1bedad47d70369fdf4,2025-02,South Yorkshire Police,South Yorkshire Police,-1.071975,53.579842,On or near Arren Close,E01007624,Doncaster 007D,Violence and sexual offences,Status update unavailable,
ba1f483c4673dab692901a508bf5812a5f20d999fc3651427f8ba3fa4ad44ab7,2025-02,South Yorkshire Police,South Yorkshire Police,-1.068737,53.578756,On or near Marlowe Road,E01007630,Doncaster 007E,Burglary,Investigation complete; no suspect identified,
818c9dcffe63e2301f03d2e6a72630fa83c85523940c5cb393b834340a085255,2025-02,South Yorkshire Police,South Yorkshire Police,-1.068737,53.578756,On or near Marlowe Road,E01007630,Doncaster 007E,Criminal damage and arson,Investigation complete; no suspect identified,
ca0c6a8d50cc236fb8821cce03049aaf0b6bf8ad71b2d70431e0d1dc190bfca5,2025-02,South Yorkshire Police,South Yorkshire Police,-1.066483,53.572051,On or near Pinfold Court,E01007630,Doncaster 007E,Drugs,Unable to prosecute suspect,
cb244ad1915afe02a1f85593b5802118727a6fee51467b15e8e666e95f56d58a,2025-02,South Yorkshire Police,South Yorkshire Police,-1.067167,53.575949,On or near Top Road,E01007630,Doncaster 007E,Vehicle crime,Investigation complete; no suspect identified,
3d7d7062f9d848f09ebee9da900eb74c539ccfa556f707901fa6731b72b8edfd,2025-02,South Yorkshire Police,South Yorkshire Police,-1.068737,53.578756,On or near Marlowe Road,E01007630,Doncaster 007E,Violence and sexual offences,Unable to prosecute suspect,
772c8c4b1ed997b171440149a9f39195c8b81de11d8b5e6b0c467cb490167d17,2025-02,South Yorkshire Police,South Yorkshire Police,-1.063583,53.578767,On or near Sports/Recreation Area,E01007630,Doncaster 007E,Violence and sexual offences,Investigation complete; no suspect identified,
47be306355ca61b1b175ba1c9a2d52241f3b26e6306573eaeb4a3dabadafb307,2025-02,South Yorkshire Police,South Yorkshire Police,-1.065104,53.577047,On or near Talbot Circle,E01007630,Doncaster 007E,Other crime,Unable to prosecute suspect,
90e74c04bf5ce1dc26d0fa4d24d63c198cd824d695bceaf0fbcc4654b338c4ad,2025-02,South Yorkshire Police,South Yorkshire Police,-1.057000,53.574053,On or near Oldfield Close,E01007631,Doncaster 007F,Burglary,Investigation complete; no suspect identified,
4bc4cee11ee641f1ece1b6e009ce14b6fa24be2ebaa579ba6830e562a121a057,2025-02,South Yorkshire Police,South Yorkshire Police,-1.056232,53.573948,On or near Newfield Close,E01007631,Doncaster 007F,Violence and sexual offences,Unable to prosecute suspect,
3f2115f603c87fda614b3a679f4a1c24f75a00c88840619e3dc7c96c7092bd09,2025-02,South Yorkshire Police,South Yorkshire Police,-1.056232,53.573948,On or near Newfield Close,E01007631,Doncaster 007F,Violence and sexual offences,Status update unavailable,
,2025-02,South Yorkshire Police,South Yorkshire Police,-0.989370,53.581151,On or near Old Thorne Road,E01007553,Doncaster 008A,Anti-social behaviour,,
8fe30b6385222a3d0b3b07db56211ce1f840a756586f7ed92f36141021bdff32,2025-02,South Yorkshire Police,South Yorkshire Police,-1.002329,53.579264,On or near Station Road,E01007553,Doncaster 008A,Criminal damage and arson,Investigation complete; no suspect identified,
cf7738845532f15cbd0bed3e7ff2b412ea470ff0aa89add5b48291e711e0186b,2025-02,South Yorkshire Police,South Yorkshire Police,-0.989370,53.581151,On or near Old Thorne Road,E01007553,Doncaster 008A,Violence and sexual offences,Unable to prosecute suspect,
2c38ddb1f041b8e5a075bd3ca05219e6df09330cf7d25fcf18691e565be75221,2025-02,South Yorkshire Police,South Yorkshire Police,-1.004058,53.578964,On or near Brabbs Avenue,E01007553,Doncaster 008A,Violence and sexual offences,Status update unavailable,
fe7bc3b58c89458f043aec431c43a49554afdd6e4c7d5636b59c9178dfe70863,2025-02,South Yorkshire Police,South Yorkshire Police,-1.001427,53.575850,On or near Manor Road,E01007553,Doncaster 008A,Violence and sexual offences,Unable to prosecute suspect,
d5c1f2ed3b77c031dc53117fa17fd7ef4d4bd01fbe1829447b1158faeb2ed577,2025-02,South Yorkshire Police,South Yorkshire Police,-1.001427,53.575850,On or near Manor Road,E01007553,Doncaster 008A,Violence and sexual offences,Unable to prosecute suspect,
042fb7b207ccdf843188d8e170c26639dd7cc5eed362f570bc4a6423872db54c,2025-02,South Yorkshire Police,South Yorkshire Police,-1.004663,53.579553,On or near Priory Gardens,E01007553,Doncaster 008A,Violence and sexual offences,Unable to prosecute suspect,
,2025-02,South Yorkshire Police,South Yorkshire Police,-0.970015,53.573309,On or near Stone Hill,E01007557,Doncaster 008B,Anti-social behaviour,,
5adddbf9c8762411b7e5db106a0bc6fc19c27dfeac9d4a47992e057c658bb86c,2025-02,South Yorkshire Police,South Yorkshire Police,-0.972428,53.544782,On or near Hampden Crescent,E01007557,Doncaster 008B,Drugs,Unable to prosecute suspect,
fb4a086145b9c09608adc285bcbe5d0ca164e878399da630f8362c775fe163de,2025-02,South Yorkshire Police,South Yorkshire Police,-1.019099,53.552284,On or near Rake Bridge Road,E01007557,Doncaster 008B,Other theft,Local resolution,
657e85f36528000be0a569c138369eb081fa43dfcb2d58082162310bf47fff39,2025-02,South Yorkshire Police,South Yorkshire Police,-0.971436,53.547101,On or near Prison,E01007557,Doncaster 008B,Other theft,Investigation complete; no suspect identified,
4f00c3f28b6153df5aceecf257f8459a7e89d8679d78a1b70dc027eef65fe861,2025-02,South Yorkshire Police,South Yorkshire Police,-0.971436,53.547101,On or near Prison,E01007557,Doncaster 008B,Possession of weapons,Action to be taken by another organisation,
81e7b77b757dfa9ce82c36ef9b6e73588968f7f15641b3c13acfd32048e4f2b3,2025-02,South Yorkshire Police,South Yorkshire Police,-0.971436,53.547101,On or near Prison,E01007557,Doncaster 008B,Possession of weapons,Action to be taken by another organisation,
989545078d621dfcba12c7e8dd527c1e0b7d01995579cd3e7bba5a3d963d7362,2025-02,South Yorkshire Police,South Yorkshire Police,-0.971436,53.547101,On or near Prison,E01007557,Doncaster 008B,Public order,Action to be taken by another organisation,
3e106b385483136f9df12d27f4df0a071ea34427ec239ff38511d7367e0ca92b,2025-02,South Yorkshire Police,South Yorkshire Police,-0.971436,53.547101,On or near Prison,E01007557,Doncaster 008B,Public order,Awaiting court outcome,
e7bdf2ba774cc5ac6584d78effe553d0957bffc85f312f3eb0e1067752fbd92b,2025-02,South Yorkshire Police,South Yorkshire Police,-0.970039,53.577903,On or near Parking Area,E01007557,Doncaster 008B,Vehicle crime,Investigation complete; no suspect identified,
913e6ef5a7cc6fa2cb44b253cb5a48d037d78de54bfe67f146e286dfc7a80104,2025-02,South Yorkshire Police,South Yorkshire Police,-0.971436,53.547101,On or near Prison,E01007557,Doncaster 008B,Violence and sexual offences,Action to be taken by another organisation,
3da87fe8d6be65b8e07777515f31a1683a24d03a180cc8e9b8840edbc2b78ab9,2025-02,South Yorkshire Police,South Yorkshire Police,-0.972428,53.544782,On or near Hampden Crescent,E01007557,Doncaster 008B,Violence and sexual offences,Unable to prosecute suspect,
b3ec77924c35163fdaf9cd9885917c7d6d17dee4b795581ad323c1a78e1be6db,2025-02,South Yorkshire Police,South Yorkshire Police,-0.971436,53.547101,On or near Prison,E01007557,Doncaster 008B,Violence and sexual offences,Awaiting court outcome,
4e7247e76ebb5898ad77a5838c1ec026677272de6bfc2ae867eeea33088cbec9,2025-02,South Yorkshire Police,South Yorkshire Police,-0.972428,53.544782,On or near Hampden Crescent,E01007557,Doncaster 008B,Violence and sexual offences,Action to be taken by another organisation,
da9aed38225fe5568e9866e5337bf242f87e3e991e10e83715c8646ba5c00f26,2025-02,South Yorkshire Police,South Yorkshire Police,-0.972428,53.544782,On or near Hampden Crescent,E01007557,Doncaster 008B,Violence and sexual offences,Unable to prosecute suspect,
f1ea80cfd141d599fd2e0f08a165972524f03746ba9f9f7bb4c567cd49dee7c4,2025-02,South Yorkshire Police,South Yorkshire Police,-0.971436,53.547101,On or near Prison,E01007557,Doncaster 008B,Violence and sexual offences,Status update unavailable,
f9916d2e1d9e299c28029f2a596e7ac445e2e645dab63d15828ab3f10366cab0,2025-02,South Yorkshire Police,South Yorkshire Police,-0.972428,53.544782,On or near Hampden Crescent,E01007557,Doncaster 008B,Violence and sexual offences,Action to be taken by another organisation,
9775f46d4c5f767b8761a5535b549295e47eb1d79b94dd74ced3a71acc6b7695,2025-02,South Yorkshire Police,South Yorkshire Police,-0.973308,53.543315,On or near Wellington Road,E01007557,Doncaster 008B,Violence and sexual offences,Unable to prosecute suspect,
6492fa8c0c3f11e51ee11f8334d87287c77345aaf0bebd1a308cbae052f99ace,2025-02,South Yorkshire Police,South Yorkshire Police,-0.971436,53.547101,On or near Prison,E01007557,Doncaster 008B,Violence and sexual offences,Action to be taken by another organisation,
6572f1d8aff000b966eb16cbc8ed9ad4d8d561b3ee4a71b675c3195418d16616,2025-02,South Yorkshire Police,South Yorkshire Police,-0.971436,53.547101,On or near Prison,E01007557,Doncaster 008B,Violence and sexual offences,Action to be taken by another organisation,
215b4e2163b1b89720826e8dec4b0c7dc7abd75319af53636bd877bb3c156169,2025-02,South Yorkshire Police,South Yorkshire Police,-0.971436,53.547101,On or near Prison,E01007557,Doncaster 008B,Violence and sexual offences,Awaiting court outcome,
ec56d07edf79ce6a1b0790e0c891288864e7ef06c4404201a9ec82c9137d2d01,2025-02,South Yorkshire Police,South Yorkshire Police,-0.971436,53.547101,On or near Prison,E01007557,Doncaster 008B,Violence and sexual offences,Unable to prosecute suspect,
bd87cde2019cfd45526b93eee0d34736cb7a9e5896bc9f78e9c3ca9834fd2616,2025-02,South Yorkshire Police,South Yorkshire Police,-0.971436,53.547101,On or near Prison,E01007557,Doncaster 008B,Violence and sexual offences,Unable to prosecute suspect,
18f4b822dc00d06f75cc8b4904278dfd57a5daa67873269d7ab4aa4c96922206,2025-02,South Yorkshire Police,South Yorkshire Police,-0.971436,53.547101,On or near Prison,E01007557,Doncaster 008B,Violence and sexual offences,Unable to prosecute suspect,
84a3550b500dee0c13c409b120cd9701d5ef96b54c046cae09e731bd55db5de0,2025-02,South Yorkshire Police,South Yorkshire Police,-0.971436,53.547101,On or near Prison,E01007557,Doncaster 008B,Violence and sexual offences,Awaiting court outcome,
ebac96d4b84d8f36f9910f577714744efc1fb0bd7fdee1b1a98450401b9e2aee,2025-02,South Yorkshire Police,South Yorkshire Police,-0.971436,53.547101,On or near Prison,E01007557,Doncaster 008B,Violence and sexual offences,Unable to prosecute suspect,
25ac2744fd501a5bd779418d0f8f0707767e1895c900c532d9ff4adddd031ccf,2025-02,South Yorkshire Police,South Yorkshire Police,-0.980305,53.548597,On or near Huggin Carr Road,E01007557,Doncaster 008B,Violence and sexual offences,Further investigation is not in the public interest,
5aa2836eaadfca4c8cdc3eb88c525ce544aea523e44ad532158d64526caa88c4,2025-02,South Yorkshire Police,South Yorkshire Police,-0.971436,53.547101,On or near Prison,E01007557,Doncaster 008B,Violence and sexual offences,Awaiting court outcome,
fcfc96d986f30912dc2d93e476958df6103d37966e5d77f853ce90fb3549f0de,2025-02,South Yorkshire Police,South Yorkshire Police,-0.971436,53.547101,On or near Prison,E01007557,Doncaster 008B,Violence and sexual offences,Unable to prosecute suspect,
3e48dd4ade904909396fd3efbce443b81cabac1e13beb2e87d0abd5bfbaaf2cd,2025-02,South Yorkshire Police,South Yorkshire Police,-0.970015,53.573309,On or near Stone Hill,E01007557,Doncaster 008B,Violence and sexual offences,Unable to prosecute suspect,
adf56273c3c8a07481a74f8455ec40170506ec54fe414e2a822ae578b74d7fa2,2025-02,South Yorkshire Police,South Yorkshire Police,-0.980305,53.548597,On or near Huggin Carr Road,E01007557,Doncaster 008B,Violence and sexual offences,Further investigation is not in the public interest,
7edd2d835cf75290087cb6386eea09914116922451b0e613e17e0108beb5909e,2025-02,South Yorkshire Police,South Yorkshire Police,-0.972428,53.544782,On or near Hampden Crescent,E01007557,Doncaster 008B,Violence and sexual offences,Further investigation is not in the public interest,
6dbb4d7be895819e2cc8e50feb4b266ca661da0cc2b93b5bffc271ef461f9161,2025-02,South Yorkshire Police,South Yorkshire Police,-0.971436,53.547101,On or near Prison,E01007557,Doncaster 008B,Violence and sexual offences,Action to be taken by another organisation,
d019f66ee5b5de2e0e93c80340f2a43157a5358513009a859b9f6184f9dcbba0,2025-02,South Yorkshire Police,South Yorkshire Police,-0.972428,53.544782,On or near Hampden Crescent,E01007557,Doncaster 008B,Violence and sexual offences,Action to be taken by another organisation,
000ee39bb8382dc697e308a388876255bda7c03a79e4b19110c055df7502aa58,2025-02,South Yorkshire Police,South Yorkshire Police,-0.971436,53.547101,On or near Prison,E01007557,Doncaster 008B,Violence and sexual offences,Action to be taken by another organisation,
95679a33224fb1a2fb74d79a26a1e2a11030a831f3e23eaff8a1a87425e62605,2025-02,South Yorkshire Police,South Yorkshire Police,-0.972428,53.544782,On or near Hampden Crescent,E01007557,Doncaster 008B,Violence and sexual offences,Status update unavailable,
8e60d4c598a77971e80aef75d27c2fe96e9ad95192adf232015845153237efde,2025-02,South Yorkshire Police,South Yorkshire Police,-0.972428,53.544782,On or near Hampden Crescent,E01007557,Doncaster 008B,Violence and sexual offences,Status update unavailable,
a734ef0eb99e356ea641fcdc014d60146af4bf1e6b684ebc3f969287f1bee037,2025-02,South Yorkshire Police,South Yorkshire Police,-0.971436,53.547101,On or near Prison,E01007557,Doncaster 008B,Violence and sexual offences,Action to be taken by another organisation,
f61c8281df0eecf477ccd86b8da0fd6df450de6032b2753b8f00dec8c17f8cc9,2025-02,South Yorkshire Police,South Yorkshire Police,-0.971436,53.547101,On or near Prison,E01007557,Doncaster 008B,Violence and sexual offences,Awaiting court outcome,
fc3ec3529b743b79eabb01bc612c0a6f2d8b3bc6a3ca97f9867081c318a78fb0,2025-02,South Yorkshire Police,South Yorkshire Police,-0.972428,53.544782,On or near Hampden Crescent,E01007557,Doncaster 008B,Violence and sexual offences,Awaiting court outcome,
cce52d28e707d48ee5928dd0bba1a019e010149522f8548291569f57a15de40a,2025-02,South Yorkshire Police,South Yorkshire Police,-0.971436,53.547101,On or near Prison,E01007557,Doncaster 008B,Other crime,Action to be taken by another organisation,
7597b84243febe6badad02355ef12d288849b903fc3ace490703abc04670c037,2025-02,South Yorkshire Police,South Yorkshire Police,-0.972428,53.544782,On or near Hampden Crescent,E01007557,Doncaster 008B,Other crime,Unable to prosecute suspect,
278cd2a2536c38f9b0da061a8af7ea585d30e6bcea1a3409b5f12161856c973e,2025-02,South Yorkshire Police,South Yorkshire Police,-0.972428,53.544782,On or near Hampden Crescent,E01007557,Doncaster 008B,Other crime,Action to be taken by another organisation,
23ce2a4857e4c7c2ac9b58991950527564bb2ec0933f0c91ebc99c39f8a67191,2025-02,South Yorkshire Police,South Yorkshire Police,-0.971436,53.547101,On or near Prison,E01007557,Doncaster 008B,Other crime,Action to be taken by another organisation,
6cf4eaa03062fe026b05956793b95f1a0f399871a9f43148b2d7ad8bb4307a23,2025-02,South Yorkshire Police,South Yorkshire Police,-0.971436,53.547101,On or near Prison,E01007557,Doncaster 008B,Other crime,Action to be taken by another organisation,
5a3a7318cae5e2df016eb386d589dee289dd28eb9fece78d086942a8c69a8c45,2025-02,South Yorkshire Police,South Yorkshire Police,-0.971436,53.547101,On or near Prison,E01007557,Doncaster 008B,Other crime,Status update unavailable,
261b49c46f4d7dc341a48ac6a64058c96f80ad64f6295543576b71840b6d743f,2025-02,South Yorkshire Police,South Yorkshire Police,-0.971436,53.547101,On or near Prison,E01007557,Doncaster 008B,Other crime,Action to be taken by another organisation,
e7bf56374486d4290782021a940fdc44285ad64235a3590054a1807e755da475,2025-02,South Yorkshire Police,South Yorkshire Police,-0.972428,53.544782,On or near Hampden Crescent,E01007557,Doncaster 008B,Other crime,Action to be taken by another organisation,
f83a00a2017594165358798d7f10e67617b5d0e753363a3892d8e26513dda9a6,2025-02,South Yorkshire Police,South Yorkshire Police,-0.971436,53.547101,On or near Prison,E01007557,Doncaster 008B,Other crime,Action to be taken by another organisation,
cf47e6d08ffbfd853a661ed9c4d35680ef828c2d4755ad3e1dfc28f72eef17d3,2025-02,South Yorkshire Police,South Yorkshire Police,-0.971436,53.547101,On or near Prison,E01007557,Doncaster 008B,Other crime,Action to be taken by another organisation,
1403fc29ef92de9778a5b3cd873dbf96e4b01cb5dcb94543a6a342d892be58a3,2025-02,South Yorkshire Police,South Yorkshire Police,-0.972428,53.544782,On or near Hampden Crescent,E01007557,Doncaster 008B,Other crime,Action to be taken by another organisation,
0c11d4b0246f410bebb981760ead57533bb57e468521f1164a525744bf089892,2025-02,South Yorkshire Police,South Yorkshire Police,-0.972428,53.544782,On or near Hampden Crescent,E01007557,Doncaster 008B,Other crime,Action to be taken by another organisation,
408bc9cb7cff638e9d9fcf25b9b05898f1c64e6d064776c6c2ce84fe6cf418ae,2025-02,South Yorkshire Police,South Yorkshire Police,-0.972428,53.544782,On or near Hampden Crescent,E01007557,Doncaster 008B,Other crime,Awaiting court outcome,
8f4ad74df9b8afa9144ed769b8f660cfafb38a1ff2591732c06c03a3fd8a4eb6,2025-02,South Yorkshire Police,South Yorkshire Police,-0.972428,53.544782,On or near Hampden Crescent,E01007557,Doncaster 008B,Other crime,Action to be taken by another organisation,
1dddadf76ea2bc661b41cb9794de7fcb7cc75d1efb353e92bfdd1e1ed92877b1,2025-02,South Yorkshire Police,South Yorkshire Police,-0.972428,53.544782,On or near Hampden Crescent,E01007557,Doncaster 008B,Other crime,Unable to prosecute suspect,
d3625f4f54b5710c247790651821f5bab11a708e4eb83fce927cfcdfdc7f43c3,2025-02,South Yorkshire Police,South Yorkshire Police,-0.971436,53.547101,On or near Prison,E01007557,Doncaster 008B,Other crime,Action to be taken by another organisation,
,2025-02,South Yorkshire Police,South Yorkshire Police,-1.005590,53.578006,On or near Parkstone Grove,E01007558,Doncaster 008C,Anti-social behaviour,,
,2025-02,South Yorkshire Police,South Yorkshire Police,-1.008746,53.576773,On or near Crookes Broom Avenue,E01007558,Doncaster 008C,Anti-social behaviour,,
e5e6f0001a10fdc485946693f813355d2e7bb41460f9c181a48b229534be778a,2025-02,South Yorkshire Police,South Yorkshire Police,-1.007084,53.577443,On or near Ash Hill Crescent,E01007558,Doncaster 008C,Burglary,Investigation complete; no suspect identified,
7b4ef22c3d3e60744c8dc1171d5efa7a75a64b6877de6bc084b1271686c80bea,2025-02,South Yorkshire Police,South Yorkshire Police,-1.002601,53.576659,On or near Amanda Drive,E01007558,Doncaster 008C,Burglary,Investigation complete; no suspect identified,
6f1e9aa13057381590f8aaa8067d990719ff57c9c8c229d9280f54beca40e39c,2025-02,South Yorkshire Police,South Yorkshire Police,-1.010809,53.576359,On or near Lodge Court,E01007558,Doncaster 008C,Criminal damage and arson,Investigation complete; no suspect identified,
9528ec7bf51cccec8397fd692db6c4674714f0cd6afe5ee2a4362d93e2adebf6,2025-02,South Yorkshire Police,South Yorkshire Police,-1.006616,53.578715,On or near Linden Close,E01007558,Doncaster 008C,Violence and sexual offences,Unable to prosecute suspect,
,2025-02,South Yorkshire Police,South Yorkshire Police,-0.978148,53.577520,On or near Park/Open Space,E01007559,Doncaster 008D,Anti-social behaviour,,
,2025-02,South Yorkshire Police,South Yorkshire Police,-0.990449,53.591658,On or near Petrol Station,E01007559,Doncaster 008D,Anti-social behaviour,,
,2025-02,South Yorkshire Police,South Yorkshire Police,-0.983789,53.597175,On or near Gibbon Lane,E01007559,Doncaster 008D,Anti-social behaviour,,
2dd54aa337012c5463aa7e1b067f01574d9c9a4e0ea43a73340c4e2f30c0e162,2025-02,South Yorkshire Police,South Yorkshire Police,-0.983789,53.597175,On or near Gibbon Lane,E01007559,Doncaster 008D,Public order,Investigation complete; no suspect identified,
93455e9fb065b905452ca21995092cd790cc40831420928174c63f26bf5ad938,2025-02,South Yorkshire Police,South Yorkshire Police,-0.917267,53.587387,On or near High Levels Bank,E01007559,Doncaster 008D,Vehicle crime,Investigation complete; no suspect identified,
a70a68498b212e52bb42b096eb4f35492517f6aa2ad57d9bb72ef7c1eac03374,2025-02,South Yorkshire Police,South Yorkshire Police,-0.983789,53.597175,On or near Gibbon Lane,E01007559,Doncaster 008D,Violence and sexual offences,Unable to prosecute suspect,
96621a5098114896256c0e6cc46079fb62f48907993471d8881831b164fd57bd,2025-02,South Yorkshire Police,South Yorkshire Police,-0.980702,53.586722,On or near Prison,E01007559,Doncaster 008D,Violence and sexual offences,Unable to prosecute suspect,
78a44e67dc90e8911df2bdb5467c76407a70a18ac1f0c1da9a24132bc3c4d7e1,2025-02,South Yorkshire Police,South Yorkshire Police,-0.981967,53.585627,On or near Brierholme Close,E01007559,Doncaster 008D,Other crime,Action to be taken by another organisation,
,2025-02,South Yorkshire Police,South Yorkshire Police,-1.025149,53.565528,On or near St George'S Avenue,E01007560,Doncaster 008E,Anti-social behaviour,,
2c662faec38accece0c9f807d32a63b8fec16a54e90681cf2eac4a94371f640c,2025-02,South Yorkshire Police,South Yorkshire Police,-1.010886,53.569205,On or near Arlington Road,E01007560,Doncaster 008E,Burglary,Investigation complete; no suspect identified,
69a6a2cf453fc236672c751d36e53cc9f606a1f4612ecaee5d14113964dd76be,2025-02,South Yorkshire Police,South Yorkshire Police,-1.011520,53.568536,On or near Pippin Way,E01007560,Doncaster 008E,Criminal damage and arson,Unable to prosecute suspect,
5d3d309f8ea78526ebe6da27772fb70542197eb4f56430cbe0a01d03d69e3b22,2025-02,South Yorkshire Police,South Yorkshire Police,-1.011520,53.568536,On or near Pippin Way,E01007560,Doncaster 008E,Violence and sexual offences,Unable to prosecute suspect,
db84603f7fdce596174a1095dee5b5953737d85e11a1d159fbd93ff64b417b1d,2025-02,South Yorkshire Police,South Yorkshire Police,-1.017058,53.566775,On or near Tower Gardens,E01007560,Doncaster 008E,Violence and sexual offences,Unable to prosecute suspect,
e77e6ab27cc5d7c64ddb8ab9f651dd8857c2b916162503f56280bff5c05df0d5,2025-02,South Yorkshire Police,South Yorkshire Police,-1.011520,53.568536,On or near Pippin Way,E01007560,Doncaster 008E,Violence and sexual offences,Unable to prosecute suspect,
ea0e5d4622bba622eee008a3375132376b27bf60aca6fc4b1757404049b65267,2025-02,South Yorkshire Police,South Yorkshire Police,-1.017058,53.566775,On or near Tower Gardens,E01007560,Doncaster 008E,Violence and sexual offences,Unable to prosecute suspect,
469aeb740d8c1355f9f3132c36666578a80699ab524d506ba5749ac1573b7680,2025-02,South Yorkshire Police,South Yorkshire Police,-1.011520,53.568536,On or near Pippin Way,E01007560,Doncaster 008E,Violence and sexual offences,Unable to prosecute suspect,
4f22ef259930813c883e66c91e93ea1e7f31afd16f2dff4abb9c3e1452a15dec,2025-02,South Yorkshire Police,South Yorkshire Police,-1.011520,53.568536,On or near Pippin Way,E01007560,Doncaster 008E,Violence and sexual offences,Unable to prosecute suspect,
,2025-02,South Yorkshire Police,South Yorkshire Police,-1.195563,53.570741,On or near Lutterworth Drive,E01007464,Doncaster 009A,Anti-social behaviour,,
,2025-02,South Yorkshire Police,South Yorkshire Police,-1.186106,53.567783,On or near Washington Road,E01007464,Doncaster 009A,Anti-social behaviour,,
846778ecfc7fcfe5227442ab217333b752eb779d2bca2ac18c91d74c479c47b4,2025-02,South Yorkshire Police,South Yorkshire Police,-1.187913,53.566483,On or near Caxton Road,E01007464,Doncaster 009A,Criminal damage and arson,Unable to prosecute suspect,
f819d03972d1b7631b8fb2f549e7d2caf63873bca864eb26ddfba1f75357e517,2025-02,South Yorkshire Police,South Yorkshire Police,-1.195563,53.570741,On or near Lutterworth Drive,E01007464,Doncaster 009A,Other theft,Investigation complete; no suspect identified,
00e312dc7cd974e5d87ddf603eeecb42564585edcf4502b92c03e31e6862d6be,2025-02,South Yorkshire Police,South Yorkshire Police,-1.186106,53.567783,On or near Washington Road,E01007464,Doncaster 009A,Vehicle crime,Investigation complete; no suspect identified,
78723ffe28a6aaccc47775cf427900ec0953bed2148722cbdffa40b9927ba924,2025-02,South Yorkshire Police,South Yorkshire Police,-1.187913,53.566483,On or near Caxton Road,E01007464,Doncaster 009A,Vehicle crime,Unable to prosecute suspect,
c00ba87acdef8ba986c0755ba57fa46ee71782f0a54f5af7a7e29d1b1dce9c58,2025-02,South Yorkshire Police,South Yorkshire Police,-1.194324,53.572360,On or near Bosworth Road,E01007464,Doncaster 009A,Violence and sexual offences,Investigation complete; no suspect identified,
f3aa61110c190bf4f070c40a77aeb567df2a1055da505b17684c136cd6a4cc0b,2025-02,South Yorkshire Police,South Yorkshire Police,-1.194324,53.572360,On or near Bosworth Road,E01007464,Doncaster 009A,Violence and sexual offences,Unable to prosecute suspect,
9c69b7c2741d7518bb3231a96c5233a0d2fc538d80d4560c33e47c96ad6fa5eb,2025-02,South Yorkshire Police,South Yorkshire Police,-1.194133,53.571280,On or near Ashburton Close,E01007464,Doncaster 009A,Violence and sexual offences,Unable to prosecute suspect,
c8a6b6394edbebab7bd8c1ca23f8382764e82482cb87bb46eac9a5a272598a53,2025-02,South Yorkshire Police,South Yorkshire Police,-1.187913,53.566483,On or near Caxton Road,E01007464,Doncaster 009A,Violence and sexual offences,Unable to prosecute suspect,
ffa38fb05b2b635b6ef5cdcc506d29911987ef263996808861df0e6a58e89af1,2025-02,South Yorkshire Police,South Yorkshire Police,-1.194133,53.571280,On or near Ashburton Close,E01007464,Doncaster 009A,Other crime,Unable to prosecute suspect,
,2025-02,South Yorkshire Police,South Yorkshire Police,-1.197048,53.568873,On or near Swinburne Avenue,E01007465,Doncaster 009B,Anti-social behaviour,,
,2025-02,South Yorkshire Police,South Yorkshire Police,-1.207936,53.575291,On or near Malton Way,E01007465,Doncaster 009B,Anti-social behaviour,,
,2025-02,South Yorkshire Police,South Yorkshire Police,-1.203211,53.570352,On or near The Circuit,E01007465,Doncaster 009B,Anti-social behaviour,,
,2025-02,South Yorkshire Police,South Yorkshire Police,-1.199383,53.570740,On or near St Laurence Court,E01007465,Doncaster 009B,Anti-social behaviour,,
b4e44199f4e8aefb4fc00933d5c092e2f492d191ada8a9a67b4597ef55c395bc,2025-02,South Yorkshire Police,South Yorkshire Police,-1.206110,53.575207,On or near Brodsworth Court,E01007465,Doncaster 009B,Criminal damage and arson,Investigation complete; no suspect identified,
9fbd0a7e17d41fe870e7890469d719b7c72004f6bbb843945c90aa71ceb08f3a,2025-02,South Yorkshire Police,South Yorkshire Police,-1.207936,53.575291,On or near Malton Way,E01007465,Doncaster 009B,Drugs,Awaiting court outcome,
2b46e3ee55220f4c4be7f87ee7298cd85aca90cf6bc50b4436c5428e71528b35,2025-02,South Yorkshire Police,South Yorkshire Police,-1.207424,53.572007,On or near Elmwood Avenue,E01007465,Doncaster 009B,Other theft,Investigation complete; no suspect identified,
a9d8d833aaf8c7b8a924e65795c19984b40bf850853b7de6905ec01a1d07f68d,2025-02,South Yorkshire Police,South Yorkshire Police,-1.203211,53.570352,On or near The Circuit,E01007465,Doncaster 009B,Public order,Unable to prosecute suspect,
f9da8084b0e96d196cf90f5e0600a386ed9eb4e42645331eb75288b0a809abb5,2025-02,South Yorkshire Police,South Yorkshire Police,-1.204366,53.569155,On or near Harewood Avenue,E01007465,Doncaster 009B,Public order,Investigation complete; no suspect identified,
f66e8de02fa9519a697bb9644fe0d4f64c2de0d4652570296a863c0ca23d900e,2025-02,South Yorkshire Police,South Yorkshire Police,-1.203211,53.570352,On or near The Circuit,E01007465,Doncaster 009B,Shoplifting,Unable to prosecute suspect,
768afc582c8c53dac9217c2e46686446e05ebf2ed7d380e91a81a8318899e251,2025-02,South Yorkshire Police,South Yorkshire Police,-1.203211,53.570352,On or near The Circuit,E01007465,Doncaster 009B,Shoplifting,Unable to prosecute suspect,
53c7d7381804f940c7ba842156c95734865db8d5fc448041149d973219b86927,2025-02,South Yorkshire Police,South Yorkshire Police,-1.202612,53.568488,On or near Osborne Avenue,E01007465,Doncaster 009B,Vehicle crime,Unable to prosecute suspect,
d6bad16cacdbeada20d4c59e1781ae5c7062840a53a19ac3106ba890852162b5,2025-02,South Yorkshire Police,South Yorkshire Police,-1.204098,53.568183,On or near Fair View Avenue,E01007465,Doncaster 009B,Violence and sexual offences,Unable to prosecute suspect,
367ccf951b00d7f2eb20ddb0f7872eb8c1a284299f13e14ebc3fb47157dd4eed,2025-02,South Yorkshire Police,South Yorkshire Police,-1.205942,53.572887,On or near St Vincent Avenue,E01007465,Doncaster 009B,Violence and sexual offences,Investigation complete; no suspect identified,
,2025-02,South Yorkshire Police,South Yorkshire Police,-1.198768,53.564165,On or near Green Lane,E01007466,Doncaster 009C,Anti-social behaviour,,
,2025-02,South Yorkshire Police,South Yorkshire Police,-1.206330,53.565079,On or near Blackbird Grove,E01007466,Doncaster 009C,Anti-social behaviour,,
,2025-02,South Yorkshire Police,South Yorkshire Police,-1.208853,53.565823,On or near Country Way,E01007466,Doncaster 009C,Anti-social behaviour,,
,2025-02,South Yorkshire Police,South Yorkshire Police,-1.208853,53.565823,On or near Country Way,E01007466,Doncaster 009C,Anti-social behaviour,,
,2025-02,South Yorkshire Police,South Yorkshire Police,-1.206330,53.565079,On or near Blackbird Grove,E01007466,Doncaster 009C,Anti-social behaviour,,
,2025-02,South Yorkshire Police,South Yorkshire Police,-1.201074,53.570760,On or near The Oval,E01007466,Doncaster 009C,Anti-social behaviour,,
,2025-02,South Yorkshire Police,South Yorkshire Police,-1.201074,53.570760,On or near The Oval,E01007466,Doncaster 009C,Anti-social behaviour,,
38534d53735662a3543a7cec2537c61edaa7cf979e8a9f2e5151854fb03716f7,2025-02,South Yorkshire Police,South Yorkshire Police,-1.198768,53.564165,On or near Green Lane,E01007466,Doncaster 009C,Criminal damage and arson,Investigation complete; no suspect identified,
c90bcbbcd2fced55d43c2fb62ed585d31aa825540c6206fdfb187087ef8d387e,2025-02,South Yorkshire Police,South Yorkshire Police,-1.196326,53.565533,On or near A638,E01007466,Doncaster 009C,Criminal damage and arson,Investigation complete; no suspect identified,
71fbd986c2d6aad26bdc2f8b61b2155b22d63644a230fe56c904090573f91854,2025-02,South Yorkshire Police,South Yorkshire Police,-1.196326,53.565533,On or near A638,E01007466,Doncaster 009C,Criminal damage and arson,Investigation complete; no suspect identified,
872de850bfad45e733bd87768b86364962f9b4979fc1ea5a11272bff031bc7cc,2025-02,South Yorkshire Police,South Yorkshire Police,-1.204758,53.564349,On or near Clover Street,E01007466,Doncaster 009C,Drugs,Local resolution,
c5da4ade7f43e634acb5a122528701b90937018ccd0949ccec8b9f17ec34e673,2025-02,South Yorkshire Police,South Yorkshire Police,-1.201074,53.570760,On or near The Oval,E01007466,Doncaster 009C,Drugs,Unable to prosecute suspect,
afc155ee6af4d22f62a0f289d07bd37f227fd22f6b348503d9b7c32589e32a2e,2025-02,South Yorkshire Police,South Yorkshire Police,-1.198986,53.566207,On or near East Avenue,E01007466,Doncaster 009C,Drugs,Status update unavailable,
db9b6c8eb0cd485b7d3847bc3295b8fe97a3d4346b4028dd929d14ebc935f7b5,2025-02,South Yorkshire Police,South Yorkshire Police,-1.201918,53.570874,On or near Lawn Avenue,E01007466,Doncaster 009C,Drugs,Awaiting court outcome,
1e27265a6bfdeb1448fa972d3c52f2896fed2b8e01dd48e499d2dc44f6494085,2025-02,South Yorkshire Police,South Yorkshire Police,-1.207149,53.565695,On or near Colliery Road,E01007466,Doncaster 009C,Other theft,Investigation complete; no suspect identified,
ccf843aef483e11f09aa6deec0808c08a96d7af2ffb27bd60276cbcb3f85cc5e,2025-02,South Yorkshire Police,South Yorkshire Police,-1.198986,53.566207,On or near East Avenue,E01007466,Doncaster 009C,Possession of weapons,Status update unavailable,
0b7fbea00c46a1dd8b18069ea3034a970802e5756610233b8fc05d93752839b2,2025-02,South Yorkshire Police,South Yorkshire Police,-1.198986,53.566207,On or near East Avenue,E01007466,Doncaster 009C,Public order,Unable to prosecute suspect,
e505d0985c2bf9e29aefefde60b17097281b59f240abe6a43ced950e9a4ca5aa,2025-02,South Yorkshire Police,South Yorkshire Police,-1.208853,53.565823,On or near Country Way,E01007466,Doncaster 009C,Shoplifting,Awaiting court outcome,
848dda46d22494ee6c683a5c0cf0de65bd50917e7859890e13499ba81508bf35,2025-02,South Yorkshire Police,South Yorkshire Police,-1.208853,53.565823,On or near Country Way,E01007466,Doncaster 009C,Vehicle crime,Investigation complete; no suspect identified,
b115db92fba62713aa6c748b30c01e79c8c0fe9650567c37718ee7027e547ba8,2025-02,South Yorkshire Police,South Yorkshire Police,-1.204758,53.564349,On or near Clover Street,E01007466,Doncaster 009C,Violence and sexual offences,Status update unavailable,
eba6d8fc5ad50259d59c6d5ad9bd99667af10bb61bcd144fff473a970626bdc9,2025-02,South Yorkshire Police,South Yorkshire Police,-1.207149,53.565695,On or near Colliery Road,E01007466,Doncaster 009C,Violence and sexual offences,Unable to prosecute suspect,
7275cdeb04db5fc36b1381040d22094ec2e9e5de3265a95e90e9011dde89c83c,2025-02,South Yorkshire Police,South Yorkshire Police,-1.204758,53.564349,On or near Clover Street,E01007466,Doncaster 009C,Violence and sexual offences,Unable to prosecute suspect,
f77ba27c744858d0270ad67cb5bf4277bc8ead0f086227799ee288388ee0184a,2025-02,South Yorkshire Police,South Yorkshire Police,-1.207747,53.565214,On or near Miners Drive,E01007466,Doncaster 009C,Violence and sexual offences,Unable to prosecute suspect,
119172e85450350dd269da6840fff3e0498a71153033b3073e31dff9c4038c9f,2025-02,South Yorkshire Police,South Yorkshire Police,-1.198986,53.566207,On or near East Avenue,E01007466,Doncaster 009C,Violence and sexual offences,Unable to prosecute suspect,
d01efcd5fd01cec98e0ca5f5d8766075e8d48ea35b65e21d7b1b30b02e70b935,2025-02,South Yorkshire Police,South Yorkshire Police,-1.202065,53.565446,On or near West Avenue,E01007466,Doncaster 009C,Other crime,Investigation complete; no suspect identified,
3bfc1fd14e71fcb9ede8e7f669f3f9cb6a6fec33575013290d5c1e971e0cea2b,2025-02,South Yorkshire Police,South Yorkshire Police,-1.202065,53.565446,On or near West Avenue,E01007466,Doncaster 009C,Other crime,Unable to prosecute suspect,
c66efc6dc249738c3e9afc3a56a993c2844dd6424c2cd37c6a50c34f3b4e6840,2025-02,South Yorkshire Police,South Yorkshire Police,-1.202065,53.565446,On or near West Avenue,E01007466,Doncaster 009C,Other crime,Unable to prosecute suspect,
,2025-02,South Yorkshire Police,South Yorkshire Police,-1.191553,53.560881,On or near Great North Road,E01007467,Doncaster 009D,Anti-social behaviour,,
,2025-02,South Yorkshire Police,South Yorkshire Police,-1.196217,53.564121,On or near Supermarket,E01007467,Doncaster 009D,Anti-social behaviour,,
,2025-02,South Yorkshire Police,South Yorkshire Police,-1.197252,53.558870,On or near Roman Ridge,E01007467,Doncaster 009D,Anti-social behaviour,,
,2025-02,South Yorkshire Police,South Yorkshire Police,-1.192477,53.564662,On or near Cemetery Road,E01007467,Doncaster 009D,Anti-social behaviour,,
,2025-02,South Yorkshire Police,South Yorkshire Police,-1.197252,53.558870,On or near Roman Ridge,E01007467,Doncaster 009D,Anti-social behaviour,,
,2025-02,South Yorkshire Police,South Yorkshire Police,-1.198794,53.561990,On or near Woodside Court,E01007467,Doncaster 009D,Anti-social behaviour,,
01140a0053d4bcbc02f96756e2401873f018d9c5aaa8b31f81719038e1ab7ba7,2025-02,South Yorkshire Police,South Yorkshire Police,-1.198794,53.561990,On or near Woodside Court,E01007467,Doncaster 009D,Public order,Unable to prosecute suspect,
5037ec510c898a77da057945376f9975856e7f66da2ccd7b6e7657ae45c97272,2025-02,South Yorkshire Police,South Yorkshire Police,-1.198481,53.561772,On or near Woodside Road,E01007467,Doncaster 009D,Public order,Unable to prosecute suspect,
de48086935af32d5126e615c3e3253e205518f2c07d95202754adc4d46e45a11,2025-02,South Yorkshire Police,South Yorkshire Police,-1.195330,53.563900,On or near Great North Road,E01007467,Doncaster 009D,Shoplifting,Awaiting court outcome,
4a58674e86392b0e566b7c9a85c14730f69faf13df7d550767ea37333ea9c2de,2025-02,South Yorkshire Police,South Yorkshire Police,-1.195330,53.563900,On or near Great North Road,E01007467,Doncaster 009D,Shoplifting,Investigation complete; no suspect identified,
bfc4cd1504baf7a1f0f55f862b97ea538acbd220284913bd34c6b7886295bf9a,2025-02,South Yorkshire Police,South Yorkshire Police,-1.195330,53.563900,On or near Great North Road,E01007467,Doncaster 009D,Shoplifting,Investigation complete; no suspect identified,
7f3d2c32550b3271603c637723c3d4411c99c7140f011d6153b2aeabe6022f22,2025-02,South Yorkshire Police,South Yorkshire Police,-1.195330,53.563900,On or near Great North Road,E01007467,Doncaster 009D,Shoplifting,Investigation complete; no suspect identified,
2c748a92a3fdec6db349827575ae2cf83a62ebdfdbb53af28fc93f429804ea8b,2025-02,South Yorkshire Police,South Yorkshire Police,-1.196217,53.564121,On or near Supermarket,E01007467,Doncaster 009D,Shoplifting,Awaiting court outcome,
5f30f987d6b27b31a550f388945cfe4106f64ff030aca54f85d27ceae8242f33,2025-02,South Yorkshire Police,South Yorkshire Police,-1.195330,53.563900,On or near Great North Road,E01007467,Doncaster 009D,Shoplifting,Awaiting court outcome,
deb92600c713bdaf5507885d85bcfefe2aa1e4f9b6b357278f80929a5821ddc7,2025-02,South Yorkshire Police,South Yorkshire Police,-1.195330,53.563900,On or near Great North Road,E01007467,Doncaster 009D,Shoplifting,Investigation complete; no suspect identified,
d1a9ffbad6117f05c88de6f0eb0da5239dc469a5c31dfb59971af051b7202348,2025-02,South Yorkshire Police,South Yorkshire Police,-1.195330,53.563900,On or near Great North Road,E01007467,Doncaster 009D,Shoplifting,Investigation complete; no suspect identified,
865c4dff265703b56ef395c00eceb7121f76d5d43c7c07cfc5865885bf40c1b0,2025-02,South Yorkshire Police,South Yorkshire Police,-1.195330,53.563900,On or near Great North Road,E01007467,Doncaster 009D,Shoplifting,Awaiting court outcome,
2a1efab028bc06eddb7051f8e3ba5cb58ad71e784aa6a020fe0e562aa09f8664,2025-02,South Yorkshire Police,South Yorkshire Police,-1.196874,53.562130,On or near Edwin Road,E01007467,Doncaster 009D,Vehicle crime,Investigation complete; no suspect identified,
ba402a64e1d1e23fbdb01e8952c80a7bf1abc23625d9d09ca7701bf7cb5c5c27,2025-02,South Yorkshire Police,South Yorkshire Police,-1.198137,53.563208,On or near Quarry Lane,E01007467,Doncaster 009D,Violence and sexual offences,Status update unavailable,
8e6aa917e9bedb0eab9ec3f9b3ba8da2a642d34380bb6feb074503c61ce12fcc,2025-02,South Yorkshire Police,South Yorkshire Police,-1.188275,53.562692,On or near Sports/Recreation Area,E01007467,Doncaster 009D,Violence and sexual offences,Unable to prosecute suspect,
e1e0867ade575a7bd7ebf37ea63b1b3c86351d7d2378c928517eb9f337a20b0d,2025-02,South Yorkshire Police,South Yorkshire Police,-1.188275,53.562692,On or near Sports/Recreation Area,E01007467,Doncaster 009D,Violence and sexual offences,Investigation complete; no suspect identified,
4ff684fd18a0af3b6866dcaf3cb4ffc7221a3cb614dd9e70e24f0edabf5de8a4,2025-02,South Yorkshire Police,South Yorkshire Police,-1.196874,53.562130,On or near Edwin Road,E01007467,Doncaster 009D,Violence and sexual offences,Awaiting court outcome,
dee686d204e03c14f83413169b374fa1d9eef07f6d3a22ac4654cbb9d2b7e932,2025-02,South Yorkshire Police,South Yorkshire Police,-1.188945,53.563821,On or near Princess Street,E01007467,Doncaster 009D,Violence and sexual offences,Unable to prosecute suspect,
fd7a495acb3074efd6dd439474ca630ddc189b6e3fcf161984c59859134efcc7,2025-02,South Yorkshire Police,South Yorkshire Police,-1.191553,53.560881,On or near Great North Road,E01007467,Doncaster 009D,Violence and sexual offences,Unable to prosecute suspect,
,2025-02,South Yorkshire Police,South Yorkshire Police,-1.182996,53.570881,On or near The Paddock,E01007471,Doncaster 009E,Anti-social behaviour,,
,2025-02,South Yorkshire Police,South Yorkshire Police,-1.187116,53.571017,On or near Clarks Court,E01007471,Doncaster 009E,Anti-social behaviour,,
,2025-02,South Yorkshire Police,South Yorkshire Police,-1.187116,53.571017,On or near Clarks Court,E01007471,Doncaster 009E,Anti-social behaviour,,
80ecbfb8b47bc4528843e40cd4be2bd17015a4e032cd5e4e7878e8974aa2a471,2025-02,South Yorkshire Police,South Yorkshire Police,-1.185851,53.573229,On or near Mill Lane,E01007471,Doncaster 009E,Drugs,Unable to prosecute suspect,
8b3e7f6d601d96e95e9c36f5e3b63b241148ff889be82aceb24483298eb19c6c,2025-02,South Yorkshire Police,South Yorkshire Police,-1.185851,53.573229,On or near Mill Lane,E01007471,Doncaster 009E,Drugs,Awaiting court outcome,
d3e048577fe2d22e7688c6061db9f138b03faa72c5901ce06ec517594d178501,2025-02,South Yorkshire Police,South Yorkshire Police,-1.191965,53.574124,On or near Red House Lane,E01007471,Doncaster 009E,Public order,Unable to prosecute suspect,
7036fd1d4e8270c5cef9f003ef8db9f856b644716201326822f7e38c49bd4a8d,2025-02,South Yorkshire Police,South Yorkshire Police,-1.185851,53.573229,On or near Mill Lane,E01007471,Doncaster 009E,Robbery,Status update unavailable,
11f6a0b503d15695dd9e62e4908411e2a6b3ccf6d36270432c63e9c2e7292c34,2025-02,South Yorkshire Police,South Yorkshire Police,-1.187231,53.574505,On or near Osprey Close,E01007471,Doncaster 009E,Violence and sexual offences,Local resolution,
9d6e42179c86dfdc248245b05d6cf196d5b5854a61ff40b022cf9f61d867a43b,2025-02,South Yorkshire Police,South Yorkshire Police,-1.191669,53.573025,On or near Whinfell Close,E01007471,Doncaster 009E,Violence and sexual offences,Unable to prosecute suspect,
0621b63ad8c54ebf7308b04467a2e4e842e10c981e848631ff08c788ad9fa93e,2025-02,South Yorkshire Police,South Yorkshire Police,-1.191965,53.574124,On or near Red House Lane,E01007471,Doncaster 009E,Other crime,Investigation complete; no suspect identified,
1fcc6b506b24ddb3741d0b6994d2041949de398b0b2b7c461d9ff8e50e0496ad,2025-02,South Yorkshire Police,South Yorkshire Police,-1.184134,53.569028,On or near Park View,E01007504,Doncaster 009F,Criminal damage and arson,Investigation complete; no suspect identified,
f4803ef2ceef8d8d946afa13669fc7c40ab1a9a888a028e0f5fee1030bf9e68c,2025-02,South Yorkshire Police,South Yorkshire Police,-1.185064,53.561511,On or near Third Avenue,E01007504,Doncaster 009F,Violence and sexual offences,Unable to prosecute suspect,
,2025-02,South Yorkshire Police,South Yorkshire Police,-1.192327,53.554342,On or near Ridge Road,E01007507,Doncaster 009G,Anti-social behaviour,,
,2025-02,South Yorkshire Police,South Yorkshire Police,-1.179768,53.555884,On or near York Road,E01007507,Doncaster 009G,Anti-social behaviour,,
,2025-02,South Yorkshire Police,South Yorkshire Police,-1.188864,53.554625,On or near Market Street,E01007507,Doncaster 009G,Anti-social behaviour,,
,2025-02,South Yorkshire Police,South Yorkshire Police,-1.192327,53.554342,On or near Ridge Road,E01007507,Doncaster 009G,Anti-social behaviour,,
,2025-02,South Yorkshire Police,South Yorkshire Police,-1.186851,53.555699,On or near Coppice Road,E01007507,Doncaster 009G,Anti-social behaviour,,
,2025-02,South Yorkshire Police,South Yorkshire Police,-1.192327,53.554342,On or near Ridge Road,E01007507,Doncaster 009G,Anti-social behaviour,,
,2025-02,South Yorkshire Police,South Yorkshire Police,-1.179768,53.555884,On or near York Road,E01007507,Doncaster 009G,Anti-social behaviour,,
,2025-02,South Yorkshire Police,South Yorkshire Police,-1.186254,53.560081,On or near Fifth Avenue,E01007507,Doncaster 009G,Anti-social behaviour,,
e50d414afba20d7b5a016bd68773da9b13001b2f5ca23d62e3cdf5944fb1ee73,2025-02,South Yorkshire Police,South Yorkshire Police,-1.186851,53.555699,On or near Coppice Road,E01007507,Doncaster 009G,Criminal damage and arson,Investigation complete; no suspect identified,
7add0c3d3ca727fd5c1333ebec01123e4c24cb084af19ff7a6b07658f8022e99,2025-02,South Yorkshire Police,South Yorkshire Police,-1.186254,53.560081,On or near Fifth Avenue,E01007507,Doncaster 009G,Criminal damage and arson,Investigation complete; no suspect identified,
72258a408352f0a0994c63ea72f4b649e595cc0b40badaace203399e3944ba54,2025-02,South Yorkshire Police,South Yorkshire Police,-1.188864,53.554625,On or near Market Street,E01007507,Doncaster 009G,Vehicle crime,Offender given a caution,
cbc84d31a1a914acb044c5c6cc06911812b92b584a995d213111d23cc3e9dc2a,2025-02,South Yorkshire Police,South Yorkshire Police,-1.188864,53.554625,On or near Market Street,E01007507,Doncaster 009G,Violence and sexual offences,Investigation complete; no suspect identified,
9365233a43d2f795c33e74a0570dec5b24a39fc7dd4c0f64d8eac7042aaa6692,2025-02,South Yorkshire Police,South Yorkshire Police,-1.179768,53.555884,On or near York Road,E01007507,Doncaster 009G,Violence and sexual offences,Status update unavailable,
8be4c04e34b1fa9d1d3a1dbf0b34a8af763bfc6fe108bcdd10f2c0ccde5ec9d7,2025-02,South Yorkshire Police,South Yorkshire Police,-1.185939,53.554488,On or near South Street,E01007507,Doncaster 009G,Violence and sexual offences,Investigation complete; no suspect identified,
68d095db00520d7ba74a05a1ec5dd559b37e352f16d7411bd8f9115953ca1e13,2025-02,South Yorkshire Police,South Yorkshire Police,-1.185939,53.554488,On or near South Street,E01007507,Doncaster 009G,Violence and sexual offences,Local resolution,
5ab82372ddc7b95a7c897733a96f29fe77cf051ba404bc94ea2cea74e3abbd98,2025-02,South Yorkshire Police,South Yorkshire Police,-1.179768,53.555884,On or near York Road,E01007507,Doncaster 009G,Violence and sexual offences,Unable to prosecute suspect,
7de2e1eb7b89cb36d30a0777ed8e6c2631a13b3a6a5eb61f03de1cd7101482fa,2025-02,South Yorkshire Police,South Yorkshire Police,-1.179768,53.555884,On or near York Road,E01007507,Doncaster 009G,Violence and sexual offences,Unable to prosecute suspect,
fd7e0f82907fe2976d3a2a4622743d2b5754dbae3617cbd203dfeb7c11859063,2025-02,South Yorkshire Police,South Yorkshire Police,-1.179768,53.555884,On or near York Road,E01007507,Doncaster 009G,Violence and sexual offences,Unable to prosecute suspect,
42fbebae1656cb30e05aae61968074e0fd374c2b5d99f7f8e667defba518f1cf,2025-02,South Yorkshire Police,South Yorkshire Police,-1.179768,53.555884,On or near York Road,E01007507,Doncaster 009G,Violence and sexual offences,Unable to prosecute suspect,
bbe8c1239e5ca33062410b8ecf90ac255b37505b07f0dff772f0c77932cc9e77,2025-02,South Yorkshire Police,South Yorkshire Police,-1.185939,53.554488,On or near South Street,E01007507,Doncaster 009G,Violence and sexual offences,Unable to prosecute suspect,
8042096acc231257ee4170e36412516a5e38169061b9bc06af37c8340a42a951,2025-02,South Yorkshire Police,South Yorkshire Police,-1.188864,53.554625,On or near Market Street,E01007507,Doncaster 009G,Other crime,Unable to prosecute suspect,
,2025-02,South Yorkshire Police,South Yorkshire Police,-1.141386,53.559309,On or near Fox Gardens,E01007506,Doncaster 010A,Anti-social behaviour,,
,2025-02,South Yorkshire Police,South Yorkshire Police,-1.141538,53.560047,On or near Parking Area,E01007506,Doncaster 010A,Anti-social behaviour,,
34fb70d09a22c44a32b157def71fcd56eacd576e553dc7319e19c5e545daad0a,2025-02,South Yorkshire Police,South Yorkshire Police,-1.140878,53.557589,On or near Daw Wood,E01007506,Doncaster 010A,Criminal damage and arson,Investigation complete; no suspect identified,
6f63f43af664da2e962d3582ceaf81d0efc41fcb7606127f612866a210fe70bc,2025-02,South Yorkshire Police,South Yorkshire Police,-1.140965,53.551800,On or near Alexander Street,E01007506,Doncaster 010A,Drugs,Investigation complete; no suspect identified,
6b2cfc04fcd6bda87dbb46a1bf4a9096e98a4a6b8f511767f20d1c75eb743ded,2025-02,South Yorkshire Police,South Yorkshire Police,-1.139852,53.554561,On or near The Avenue,E01007506,Doncaster 010A,Violence and sexual offences,Unable to prosecute suspect,
34fb4259b2b815b1f326c6b3c35a32c6ed21dd937e2f18137b239043928bff8e,2025-02,South Yorkshire Police,South Yorkshire Police,-1.140965,53.551800,On or near Alexander Street,E01007506,Doncaster 010A,Violence and sexual offences,Investigation complete; no suspect identified,
5011cf9ef4051884b2dee1442ad8c426ecad6f98a441bd779076bd69b80b142a,2025-02,South Yorkshire Police,South Yorkshire Police,-1.140965,53.551800,On or near Alexander Street,E01007506,Doncaster 010A,Violence and sexual offences,Unable to prosecute suspect,
,2025-02,South Yorkshire Police,South Yorkshire Police,-1.143071,53.549173,On or near The Homestead,E01007508,Doncaster 010B,Anti-social behaviour,,
,2025-02,South Yorkshire Police,South Yorkshire Police,-1.143071,53.549173,On or near The Homestead,E01007508,Doncaster 010B,Anti-social behaviour,,
83958967e2f913f6752019e10b0bbaff7411d799346cc9f2e99771fc069b7c4b,2025-02,South Yorkshire Police,South Yorkshire Police,-1.141155,53.550588,On or near Edward Street,E01007508,Doncaster 010B,Burglary,Investigation complete; no suspect identified,
e23d7bd7dc09d0cdef8867e050ce7bf321f197981060d45188d7300e0e29308f,2025-02,South Yorkshire Police,South Yorkshire Police,-1.139590,53.548896,On or near Arksey Lane,E01007508,Doncaster 010B,Drugs,Unable to prosecute suspect,
8fecf841ed3b4d7c65074fedbd16cbef353fda3f8600cdce87083aec0b8c6997,2025-02,South Yorkshire Police,South Yorkshire Police,-1.139590,53.548896,On or near Arksey Lane,E01007508,Doncaster 010B,Drugs,Local resolution,
60a1f10153c112d7a56385350702ac1e13eba6df3d438761b504a4e45398bc0f,2025-02,South Yorkshire Police,South Yorkshire Police,-1.139527,53.547539,On or near Millfield Road,E01007508,Doncaster 010B,Other theft,Investigation complete; no suspect identified,
1ae38df53b69602dbc6e59028ab73a75851c2c955f036992240860fe20d30183,2025-02,South Yorkshire Police,South Yorkshire Police,-1.143071,53.549173,On or near The Homestead,E01007508,Doncaster 010B,Other theft,Awaiting court outcome,
b49868eb4b31526b1ceac0b7024b4909ce526b1a39398171231378caa883a166,2025-02,South Yorkshire Police,South Yorkshire Police,-1.143071,53.549173,On or near The Homestead,E01007508,Doncaster 010B,Possession of weapons,Awaiting court outcome,
3713c8d564aa13c091f22ed66df59e50f4901402bfcc49cc5861d70a7e2e487c,2025-02,South Yorkshire Police,South Yorkshire Police,-1.144431,53.552059,On or near Alexandra Road,E01007508,Doncaster 010B,Public order,Unable to prosecute suspect,
524ee601cd8e399a6cc0af29e5f6bf5b9ed7eb1355060444c17c01d4ae759402,2025-02,South Yorkshire Police,South Yorkshire Police,-1.140870,53.549022,On or near Burns Street,E01007508,Doncaster 010B,Shoplifting,Investigation complete; no suspect identified,
e01b089624d6a7f46c9f19f6011dacc65c7fbee999c3d134e33f531fd8b44b0b,2025-02,South Yorkshire Police,South Yorkshire Police,-1.134075,53.550681,On or near Hemp Pits Road,E01007508,Doncaster 010B,Violence and sexual offences,Unable to prosecute suspect,
3e2b93fbe34bf684abc9d67a86bda5f22ff50802c0c0c732b347a45983e36271,2025-02,South Yorkshire Police,South Yorkshire Police,-1.140870,53.549022,On or near Burns Street,E01007508,Doncaster 010B,Violence and sexual offences,Unable to prosecute suspect,
d55fc20e251262d529de3b2fb10a5c1f3d81d8ebd45c9dbf08db25113feda68c,2025-02,South Yorkshire Police,South Yorkshire Police,-1.134396,53.552706,On or near Stockbridge Lane,E01007508,Doncaster 010B,Violence and sexual offences,Unable to prosecute suspect,
de0d395e5793560dcafa2ddcd38bd38786d5b1f2b75941f2c00d3c4f305f173f,2025-02,South Yorkshire Police,South Yorkshire Police,-1.134396,53.552706,On or near Stockbridge Lane,E01007508,Doncaster 010B,Violence and sexual offences,Unable to prosecute suspect,
7dfcca1dd2e0b7ebc38bedb29f553b1d1c3e318d5f24214432876302b7df6237,2025-02,South Yorkshire Police,South Yorkshire Police,-1.142366,53.551172,On or near Cawdor Street,E01007508,Doncaster 010B,Violence and sexual offences,Unable to prosecute suspect,
75d71905a61b47ac0f9fe305f3cacfd8253279767904d8ee9cb9608f681f8b3a,2025-02,South Yorkshire Police,South Yorkshire Police,-1.144431,53.552059,On or near Alexandra Road,E01007508,Doncaster 010B,Violence and sexual offences,Unable to prosecute suspect,
432bcb977df4a4593d87ab9217d27aabc5a64a6d6527b6a257243218a33d0ee6,2025-02,South Yorkshire Police,South Yorkshire Police,-1.141538,53.551094,On or near Asquith Road,E01007508,Doncaster 010B,Violence and sexual offences,Unable to prosecute suspect,
e54178b4d4f085883242fc60118aae8366702f9aaaa890cd22db05aa4eeed68d,2025-02,South Yorkshire Police,South Yorkshire Police,-1.140870,53.549022,On or near Burns Street,E01007508,Doncaster 010B,Violence and sexual offences,Investigation complete; no suspect identified,
35de18870b41bbf8430112b1b1ecf0afe8d99fbcc2d1d953c0047d6f3f9bd828,2025-02,South Yorkshire Police,South Yorkshire Police,-1.143071,53.549173,On or near The Homestead,E01007508,Doncaster 010B,Violence and sexual offences,Awaiting court outcome,
7a3ea790d697f4d7ea54f262904b0fe41d9ec2af8d287cae075eec89c2dfb365,2025-02,South Yorkshire Police,South Yorkshire Police,-1.134075,53.550681,On or near Hemp Pits Road,E01007508,Doncaster 010B,Violence and sexual offences,Unable to prosecute suspect,
,2025-02,South Yorkshire Police,South Yorkshire Police,-1.149335,53.550638,On or near Limbreck Court,E01007509,Doncaster 010C,Anti-social behaviour,,
,2025-02,South Yorkshire Police,South Yorkshire Police,-1.149335,53.550638,On or near Limbreck Court,E01007509,Doncaster 010C,Anti-social behaviour,,
,2025-02,South Yorkshire Police,South Yorkshire Police,-1.148654,53.553015,On or near George Street,E01007509,Doncaster 010C,Anti-social behaviour,,
,2025-02,South Yorkshire Police,South Yorkshire Police,-1.146724,53.547644,On or near Parking Area,E01007509,Doncaster 010C,Anti-social behaviour,,
,2025-02,South Yorkshire Police,South Yorkshire Police,-1.149335,53.550638,On or near Limbreck Court,E01007509,Doncaster 010C,Anti-social behaviour,,
,2025-02,South Yorkshire Police,South Yorkshire Police,-1.146724,53.547644,On or near Parking Area,E01007509,Doncaster 010C,Anti-social behaviour,,
1335f7489892ec9d6af82735c61155e65e9db4c782d2861fa3ef4c9a0aac8ce3,2025-02,South Yorkshire Police,South Yorkshire Police,-1.147477,53.550729,On or near Supermarket,E01007509,Doncaster 010C,Criminal damage and arson,Investigation complete; no suspect identified,
be5a4e9db592ef3eac810ff48b2af139d4373853640c255cc3ef3c3e4fc7436f,2025-02,South Yorkshire Police,South Yorkshire Police,-1.148808,53.552099,On or near Denby Street,E01007509,Doncaster 010C,Criminal damage and arson,Unable to prosecute suspect,
451d6170414c3ff8992262f3b902486bd097316805839a2b16a6fc20395e1a68,2025-02,South Yorkshire Police,South Yorkshire Police,-1.149335,53.550638,On or near Limbreck Court,E01007509,Doncaster 010C,Public order,Further action is not in the public interest,
4c2e7c073b1bda32a8ad7b2c2665b723588fcfc49d9802e4aa817b3358471876,2025-02,South Yorkshire Police,South Yorkshire Police,-1.149335,53.550638,On or near Limbreck Court,E01007509,Doncaster 010C,Public order,Further action is not in the public interest,
858e78b0a3b5cb1df4a83278af1d97e025759d91f4440e397134d24eed73081b,2025-02,South Yorkshire Police,South Yorkshire Police,-1.147477,53.550729,On or near Supermarket,E01007509,Doncaster 010C,Public order,Investigation complete; no suspect identified,
058eb07714d221b4f8d89ec0b1a8f7b8641516d1784005253ce163740d34bfd3,2025-02,South Yorkshire Police,South Yorkshire Police,-1.147768,53.552038,On or near Swan Street,E01007509,Doncaster 010C,Public order,Unable to prosecute suspect,
bc5ee4bb1eb1e80049c858651a2b79d50b0cf61de2a6a36a667be890dbff7d9f,2025-02,South Yorkshire Police,South Yorkshire Police,-1.147998,53.552579,On or near Huntington Street,E01007509,Doncaster 010C,Public order,Investigation complete; no suspect identified,
0c1c31633d9cdff8f57973581e6b587edaf7e19d19c8d8e53c7ca5d32fe147d1,2025-02,South Yorkshire Police,South Yorkshire Police,-1.149855,53.555603,On or near Rosedale Road,E01007509,Doncaster 010C,Violence and sexual offences,Unable to prosecute suspect,
8bcaa94a64eeade9bfc807167140dd9fdeb63e1b9f2ba0c95de0c4c31b5dae10,2025-02,South Yorkshire Police,South Yorkshire Police,-1.147768,53.552038,On or near Swan Street,E01007509,Doncaster 010C,Violence and sexual offences,Unable to prosecute suspect,
891e4ea7f21d347cd746eff9c521264ae5de52135018fa3d82fbe88b16860630,2025-02,South Yorkshire Police,South Yorkshire Police,-1.152893,53.554654,On or near North Swaithe Close,E01007509,Doncaster 010C,Violence and sexual offences,Unable to prosecute suspect,
8465a00e5178d05c4f425824126d3e0cecb7c261434fa908caca01670fb9f985,2025-02,South Yorkshire Police,South Yorkshire Police,-1.148808,53.552099,On or near Denby Street,E01007509,Doncaster 010C,Violence and sexual offences,Unable to prosecute suspect,
9fea2a5d0900866104b530038d112df3b1079776295107a2c56ec2de6861b380,2025-02,South Yorkshire Police,South Yorkshire Police,-1.148808,53.552099,On or near Denby Street,E01007509,Doncaster 010C,Violence and sexual offences,Unable to prosecute suspect,
5db9599c1e7c22906bcfe96201d3a0c9bc395ba92a8520e15674690a17875c3d,2025-02,South Yorkshire Police,South Yorkshire Police,-1.151238,53.556611,On or near Ayton Walk,E01007509,Doncaster 010C,Violence and sexual offences,Local resolution,
954a4227dfe0080342bd83374a7903a674e59a2b0061f01b359678cc1e16783f,2025-02,South Yorkshire Police,South Yorkshire Police,-1.147768,53.552038,On or near Swan Street,E01007509,Doncaster 010C,Violence and sexual offences,Unable to prosecute suspect,
7c1b98358e3d74e4a5ba18274d2beb0e141d218026504df8036a948aa4ce4654,2025-02,South Yorkshire Police,South Yorkshire Police,-1.147353,53.553159,On or near French Street,E01007509,Doncaster 010C,Violence and sexual offences,Unable to prosecute suspect,
7417b8e9d7ce1bee0c423d904f77e2dcaee7c11182c6bc279cce1f0ed1357d0d,2025-02,South Yorkshire Police,South Yorkshire Police,-1.149401,53.554899,On or near Wheatley Park Road,E01007509,Doncaster 010C,Violence and sexual offences,Unable to prosecute suspect,
b7c34479951faff0976c781a3eb2a6261f5feac6944e897233057887fabe9791,2025-02,South Yorkshire Police,South Yorkshire Police,-1.148808,53.552099,On or near Denby Street,E01007509,Doncaster 010C,Other crime,Unable to prosecute suspect,
4babc27998f2d0887bc18e51e65d2a303b43916d6d536f57016e5d5847fc85ab,2025-02,South Yorkshire Police,South Yorkshire Police,-1.148808,53.552099,On or near Denby Street,E01007509,Doncaster 010C,Other crime,Unable to prosecute suspect,
,2025-02,South Yorkshire Police,South Yorkshire Police,-1.148948,53.543579,On or near Churchfield Close,E01007510,Doncaster 010D,Anti-social behaviour,,
,2025-02,South Yorkshire Police,South Yorkshire Police,-1.152940,53.547760,On or near Jossey Lane,E01007510,Doncaster 010D,Anti-social behaviour,,
a244cf9cb2d3dcefda5d23cec7a1b2402abc0aa03175c38cd8da888f3c8cd67a,2025-02,South Yorkshire Police,South Yorkshire Police,-1.147152,53.546604,On or near Chapel Street,E01007510,Doncaster 010D,Public order,Unable to prosecute suspect,
a369f2ee62811105bba230e16b9d285edecdab211477ed0fd2f93291bfc18673,2025-02,South Yorkshire Police,South Yorkshire Police,-1.147152,53.546604,On or near Chapel Street,E01007510,Doncaster 010D,Public order,Investigation complete; no suspect identified,
102bd3a493ffb9fd171cac11283c037617b64ae33b5166f01a3564f0ae29d1f6,2025-02,South Yorkshire Police,South Yorkshire Police,-1.147968,53.546547,On or near Cooke Street,E01007510,Doncaster 010D,Public order,Awaiting court outcome,
1d655829cf2d8f92fa0ec7e1632c0eba5fc41d80403305e20308d2ef268e4374,2025-02,South Yorkshire Police,South Yorkshire Police,-1.147152,53.546604,On or near Chapel Street,E01007510,Doncaster 010D,Public order,Status update unavailable,
02825b78ef37350c067dbed18602e7ccb0833367878a9668756744c8dd1c991e,2025-02,South Yorkshire Police,South Yorkshire Police,-1.145443,53.546772,On or near Central Avenue,E01007510,Doncaster 010D,Shoplifting,Investigation complete; no suspect identified,
bbb4610aaa7971a0eddf6f048760a2051b9b73491f394ac47ba40c52644db2ee,2025-02,South Yorkshire Police,South Yorkshire Police,-1.145443,53.546772,On or near Central Avenue,E01007510,Doncaster 010D,Shoplifting,Investigation complete; no suspect identified,
043eab7bcc3f18d840bfa93599ed05053c4b043d009bc4e0530056b06d4aedf2,2025-02,South Yorkshire Police,South Yorkshire Police,-1.145443,53.546772,On or near Central Avenue,E01007510,Doncaster 010D,Shoplifting,Investigation complete; no suspect identified,
cb053f745f8742f43853a305c36733f6ca6bd8e02049149ad6670d8e3a719dfe,2025-02,South Yorkshire Police,South Yorkshire Police,-1.145443,53.546772,On or near Central Avenue,E01007510,Doncaster 010D,Shoplifting,Investigation complete; no suspect identified,
3337a367ebf3d7295ad6d49627fae30860316848b37feb6f8c9674039349ddf5,2025-02,South Yorkshire Police,South Yorkshire Police,-1.145443,53.546772,On or near Central Avenue,E01007510,Doncaster 010D,Shoplifting,Awaiting court outcome,
519571949a8aedc7af3ab266a8e9c7f248413d10adb2627cdf90a57d905983e9,2025-02,South Yorkshire Police,South Yorkshire Police,-1.147152,53.546604,On or near Chapel Street,E01007510,Doncaster 010D,Violence and sexual offences,Unable to prosecute suspect,
2e7abcedfefe088bd0c74358b91a2ff1458f6da09fad09ac818f6968e29043b1,2025-02,South Yorkshire Police,South Yorkshire Police,-1.148813,53.545052,On or near New Street,E01007510,Doncaster 010D,Violence and sexual offences,Unable to prosecute suspect,
3cc385db75cb5cbb215986cbf3e0598eb217a80b08d923cd0b86a77f6d3e2fac,2025-02,South Yorkshire Police,South Yorkshire Police,-1.149501,53.544617,On or near Church Street,E01007510,Doncaster 010D,Violence and sexual offences,Unable to prosecute suspect,
e9db72de4b38f4296cc6e527b529f912a05188b00e7bcbad81d8586cc8d166b7,2025-02,South Yorkshire Police,South Yorkshire Police,-1.145443,53.546772,On or near Central Avenue,E01007510,Doncaster 010D,Violence and sexual offences,Awaiting court outcome,
d0c05762ec9fa2ab1752e320adf954fe64007b67ee2181f42ec9fc2382218d9d,2025-02,South Yorkshire Police,South Yorkshire Police,-1.143471,53.545778,On or near Poplar Terrace,E01007510,Doncaster 010D,Violence and sexual offences,Unable to prosecute suspect,
,2025-02,South Yorkshire Police,South Yorkshire Police,-1.150922,53.557319,On or near Gowdall Green,E01007511,Doncaster 010E,Anti-social behaviour,,
,2025-02,South Yorkshire Police,South Yorkshire Police,-1.154037,53.561478,On or near Sports/Recreation Area,E01007511,Doncaster 010E,Anti-social behaviour,,
,2025-02,South Yorkshire Police,South Yorkshire Police,-1.149263,53.557244,On or near Willow Walk,E01007511,Doncaster 010E,Anti-social behaviour,,
,2025-02,South Yorkshire Police,South Yorkshire Police,-1.157307,53.567997,On or near Doncaster Road,E01007511,Doncaster 010E,Anti-social behaviour,,
,2025-02,South Yorkshire Police,South Yorkshire Police,-1.157307,53.567997,On or near Doncaster Road,E01007511,Doncaster 010E,Anti-social behaviour,,
09d2dde715f0ce69498d6f8debf592aabe239011812dc7fd89c4267084eeb7f3,2025-02,South Yorkshire Police,South Yorkshire Police,-1.147304,53.570605,On or near Hall Villa Lane,E01007511,Doncaster 010E,Criminal damage and arson,Unable to prosecute suspect,
e969cb380167bb5decbbbb8c1767def114a190fb9e77ed49658b7ac11e8cc561,2025-02,South Yorkshire Police,South Yorkshire Police,-1.155841,53.568059,On or near Northfield Avenue,E01007511,Doncaster 010E,Criminal damage and arson,Investigation complete; no suspect identified,
baee71527cb6f1280ac124668a27a15524b34bb0bf4871069a141ee456720199,2025-02,South Yorkshire Police,South Yorkshire Police,-1.150922,53.557319,On or near Gowdall Green,E01007511,Doncaster 010E,Criminal damage and arson,Unable to prosecute suspect,
16aa0e63656a3a5dc71ba7ac49e2ea60ec0b428f8edf2189541c77da87c33bd4,2025-02,South Yorkshire Police,South Yorkshire Police,-1.159700,53.566846,On or near Adwick Avenue,E01007511,Doncaster 010E,Criminal damage and arson,Offender given a caution,
11634ac422b9e93bed81a7942239a139b77242fc141bcc4bdff22a41f89afe1f,2025-02,South Yorkshire Police,South Yorkshire Police,-1.155401,53.564370,On or near Manor Estate,E01007511,Doncaster 010E,Criminal damage and arson,Investigation complete; no suspect identified,
594aac571c9d84a89564664b184fbd0570f6da51a9bf4fbe8991bb576edf8e5f,2025-02,South Yorkshire Police,South Yorkshire Police,-1.152571,53.563191,On or near Manor Road,E01007511,Doncaster 010E,Other theft,Investigation complete; no suspect identified,
e35d8d21f813cbb53084efa797cc486a48d8d6caa50fc9c09ddcea6dbeeba53b,2025-02,South Yorkshire Police,South Yorkshire Police,-1.152571,53.563191,On or near Manor Road,E01007511,Doncaster 010E,Other theft,Investigation complete; no suspect identified,
0993311b6b045f910bd6d7517219804906ac1e169867c2f21891980f3c33c93f,2025-02,South Yorkshire Police,South Yorkshire Police,-1.154037,53.561478,On or near Sports/Recreation Area,E01007511,Doncaster 010E,Other theft,Investigation complete; no suspect identified,
d043b9e4bc40054640f50de59c2b6b22bbfbff8e7497ec071e985a928e25090f,2025-02,South Yorkshire Police,South Yorkshire Police,-1.147304,53.570605,On or near Hall Villa Lane,E01007511,Doncaster 010E,Other theft,Investigation complete; no suspect identified,
81fe17e8f1588ef3fafc899a1c9aad32dff983aa4597080d1786316ea72d1300,2025-02,South Yorkshire Police,South Yorkshire Police,-1.159700,53.566846,On or near Adwick Avenue,E01007511,Doncaster 010E,Possession of weapons,Offender given a caution,
b515b91c33e3905902facbd3fde8c67d0ca6baf9922652e420899cd1052ae8d8,2025-02,South Yorkshire Police,South Yorkshire Police,-1.153662,53.563001,On or near Waverley Court,E01007511,Doncaster 010E,Vehicle crime,Unable to prosecute suspect,
061895f1bfca2c1d208f91b206657d31eded173321838ed98d76d46e54266b68,2025-02,South Yorkshire Police,South Yorkshire Police,-1.155841,53.568059,On or near Northfield Avenue,E01007511,Doncaster 010E,Violence and sexual offences,Investigation complete; no suspect identified,
6ab924072517ff90e974a86d57aa1d118e9148cb697cfdf7d742b8127b098af6,2025-02,South Yorkshire Police,South Yorkshire Police,-1.159700,53.566846,On or near Adwick Avenue,E01007511,Doncaster 010E,Violence and sexual offences,Unable to prosecute suspect,
78523afc0dd7a898c72f3ad6bd68eb575a7fc3a5d8c3ed1fbdb879d0310e9673,2025-02,South Yorkshire Police,South Yorkshire Police,-1.155841,53.568059,On or near Northfield Avenue,E01007511,Doncaster 010E,Violence and sexual offences,Investigation complete; no suspect identified,
0b0821aabe4de5944aa08b56015678e1692eaaf3d853c5a67776cdcef72a8115,2025-02,South Yorkshire Police,South Yorkshire Police,-1.161163,53.567710,On or near Marton Road,E01007511,Doncaster 010E,Violence and sexual offences,Unable to prosecute suspect,
f71f608aeb9e90601e61b9c36e201b3a8a088b690ff741accd1519a6de39993d,2025-02,South Yorkshire Police,South Yorkshire Police,-1.150922,53.557319,On or near Gowdall Green,E01007511,Doncaster 010E,Violence and sexual offences,Unable to prosecute suspect,
a1cd9a6aaf2103c09005ea4dd0daa69218b57aa5d4f68ed0b870e4df43a6c274,2025-02,South Yorkshire Police,South Yorkshire Police,-1.150922,53.557319,On or near Gowdall Green,E01007511,Doncaster 010E,Violence and sexual offences,Status update unavailable,
e69ab2be329c3ba36ecf5b0afd954c5be98437d33c165ff6095fc7a09f100f3f,2025-02,South Yorkshire Police,South Yorkshire Police,-1.150922,53.557319,On or near Gowdall Green,E01007511,Doncaster 010E,Violence and sexual offences,Unable to prosecute suspect,
f2c6afdc1e5cc62c56f3c6b7211a2ccb72793671d858c39be2dd15ff10a379e6,2025-02,South Yorkshire Police,South Yorkshire Police,-1.132211,53.563557,On or near Park/Open Space,E01007511,Doncaster 010E,Violence and sexual offences,Investigation complete; no suspect identified,
6d4b6300d099f66c34fa9343f88b1a8f4691ba7ac38561c04de9354436e834ab,2025-02,South Yorkshire Police,South Yorkshire Police,-1.155401,53.564370,On or near Manor Estate,E01007511,Doncaster 010E,Violence and sexual offences,Unable to prosecute suspect,
50b669fd3bf89429cb557fa837247ef6513c00f9a054eb27f4e0bb963664acf1,2025-02,South Yorkshire Police,South Yorkshire Police,-1.159700,53.566846,On or near Adwick Avenue,E01007511,Doncaster 010E,Violence and sexual offences,Unable to prosecute suspect,
ace03ef80b930874c245f1f61154004f7c94e18b7663c95176d03121373708ef,2025-02,South Yorkshire Police,South Yorkshire Police,-1.063832,53.556705,On or near Far Field Close,E01007475,Doncaster 011A,Burglary,Investigation complete; no suspect identified,
7a34758efa5255d5444fca3c3211e0ade8cfa4d4d1b6444940ad76ea0c34e4f7,2025-02,South Yorkshire Police,South Yorkshire Police,-1.063462,53.555686,On or near Petrol Station,E01007475,Doncaster 011A,Other theft,Unable to prosecute suspect,
261897368fb6a857da4da3509dc2ce5d177bff82f41691c52e842c221d6711de,2025-02,South Yorkshire Police,South Yorkshire Police,-1.057508,53.555963,On or near Long Field Drive,E01007475,Doncaster 011A,Vehicle crime,Investigation complete; no suspect identified,
1f1358ef914df7e47047b961079156e9efdea33bd50befb7ce7bcbbe597e9c50,2025-02,South Yorkshire Police,South Yorkshire Police,-1.057508,53.555963,On or near Long Field Drive,E01007475,Doncaster 011A,Violence and sexual offences,Awaiting court outcome,
d485859eb7d1c67c41572e4d19420c10a93be42f2e129bfab74091d87caca005,2025-02,South Yorkshire Police,South Yorkshire Police,-1.063381,53.550436,On or near Farm Close,E01007475,Doncaster 011A,Violence and sexual offences,Unable to prosecute suspect,
e612ac67aae3a3178dacf1791654185be4947e9b4d3a9c1ff42cc96cde9540e5,2025-02,South Yorkshire Police,South Yorkshire Police,-1.066560,53.556214,On or near Athelstane Crescent,E01007476,Doncaster 011B,Burglary,Investigation complete; no suspect identified,
0ab2b5cc8521ec19a3c09e996b0cc6762c8a4aba917ebd5d40952d5cd8b165ef,2025-02,South Yorkshire Police,South Yorkshire Police,-1.066560,53.556214,On or near Athelstane Crescent,E01007476,Doncaster 011B,Burglary,Unable to prosecute suspect,
9f4357e3bc4796763fdf43363dc870b4c71c35aea3f7682ab6f50151e8918da5,2025-02,South Yorkshire Police,South Yorkshire Police,-1.067693,53.552735,On or near Thorne Road,E01007476,Doncaster 011B,Public order,Investigation complete; no suspect identified,
1eaac7a18937b99de146683a087e23dd5fa53558c6a5908edc6811b5f59e8cf1,2025-02,South Yorkshire Police,South Yorkshire Police,-1.067693,53.552735,On or near Thorne Road,E01007476,Doncaster 011B,Vehicle crime,Investigation complete; no suspect identified,
7469f3e8fdff800bbde5acde430f2f998505a1919ca3b0f1b164cd8655103b5b,2025-02,South Yorkshire Police,South Yorkshire Police,-1.069206,53.556001,On or near Bardon Road,E01007476,Doncaster 011B,Vehicle crime,Investigation complete; no suspect identified,
6b88717e11b5853f3dcc1ae84e5e3969d856cd43664d907d7af250ec60b5f7c6,2025-02,South Yorkshire Police,South Yorkshire Police,-1.061733,53.551277,On or near Mere Lane,E01007476,Doncaster 011B,Vehicle crime,Investigation complete; no suspect identified,
bfafebe3e8c4cc1acf581594c8920ba24a0989142dd30daa5d159e6ca75b956a,2025-02,South Yorkshire Police,South Yorkshire Police,-1.068049,53.554392,On or near Church Balk,E01007476,Doncaster 011B,Violence and sexual offences,Unable to prosecute suspect,
,2025-02,South Yorkshire Police,South Yorkshire Police,-1.076119,53.556728,On or near Lyndhurst Crescent,E01007477,Doncaster 011C,Anti-social behaviour,,
925dfcb0c5de1e4cca41ca3b00b6cb6168e85c4995ce0558cebcbdc92f7824ac,2025-02,South Yorkshire Police,South Yorkshire Police,-1.075522,53.557793,On or near Holly Bush Lane,E01007477,Doncaster 011C,Criminal damage and arson,Investigation complete; no suspect identified,
f21ca046f71e13e9c4f48088b3e0bacc260b730b99862875b83d6c0aa4c194a7,2025-02,South Yorkshire Police,South Yorkshire Police,-1.070983,53.553462,On or near Hartland Crescent,E01007477,Doncaster 011C,Other theft,Investigation complete; no suspect identified,
ce54c18a3af64c9d33ff50a793f9a35d1c92964ff96db65c097baa36b0de3f91,2025-02,South Yorkshire Police,South Yorkshire Police,-1.077990,53.556069,On or near Lynton Drive,E01007477,Doncaster 011C,Violence and sexual offences,Unable to prosecute suspect,
f749bfe48413704fa7e33d65f83817e5a5396dcf34a505caa36cb0b24a92f7a3,2025-02,South Yorkshire Police,South Yorkshire Police,-1.071276,53.555927,On or near Church Balk,E01007477,Doncaster 011C,Violence and sexual offences,Unable to prosecute suspect,
47602f98760f980ae0938c98ed26214bb72ae046bf55a0b8ea0a58c163fba774,2025-02,South Yorkshire Police,South Yorkshire Police,-1.071245,53.550462,On or near Hazelwood Gardens,E01007477,Doncaster 011C,Violence and sexual offences,Unable to prosecute suspect,
,2025-02,South Yorkshire Police,South Yorkshire Police,-1.062010,53.538039,On or near Glebe Farm Close,E01007478,Doncaster 011D,Anti-social behaviour,,
,2025-02,South Yorkshire Police,South Yorkshire Police,-1.060630,53.542433,On or near Mere Grove,E01007478,Doncaster 011D,Anti-social behaviour,,
e9d4fb4c210ea2a1cf479d48ab6461dd465b7b62835d43c25a5437db10445ecd,2025-02,South Yorkshire Police,South Yorkshire Police,-1.062010,53.538039,On or near Glebe Farm Close,E01007478,Doncaster 011D,Bicycle theft,Investigation complete; no suspect identified,
45283972b9b8cdffd17d0ef4ce5c3a53a2ff1e5ebaff3d95868ce150491264e5,2025-02,South Yorkshire Police,South Yorkshire Police,-1.057639,53.543937,On or near Holly Dene,E01007478,Doncaster 011D,Burglary,Investigation complete; no suspect identified,
a652c389bf694a877d7581728f36b85f1b19c70b962286c648bba481d2c18dde,2025-02,South Yorkshire Police,South Yorkshire Police,-1.069689,53.540175,On or near Mansfield Crescent,E01007478,Doncaster 011D,Other theft,Unable to prosecute suspect,
2cc5b522b52a2fd0b98921527d3c146a223d0e57880a056eb1179208ac36b038,2025-02,South Yorkshire Police,South Yorkshire Police,-1.059605,53.543072,On or near Oak Grove,E01007478,Doncaster 011D,Other theft,Investigation complete; no suspect identified,
024daefd01e87d8d0741319d0789a50a5a096555a7c100e88fd6e8cd16f1dcaa,2025-02,South Yorkshire Police,South Yorkshire Police,-1.072763,53.540388,On or near Basil Avenue,E01007478,Doncaster 011D,Public order,Investigation complete; no suspect identified,
a9a1c295b786d7f65e68f766452e1dbf3c7a8ee0cd49c91ae1d1b43db35fa8ad,2025-02,South Yorkshire Police,South Yorkshire Police,-1.076502,53.545370,On or near Supermarket,E01007478,Doncaster 011D,Shoplifting,Offender given a caution,
01b68b56b54ffe183e727b470ab5338e3893828bcdb44f7ad5f7fedb91382d2e,2025-02,South Yorkshire Police,South Yorkshire Police,-1.076502,53.545370,On or near Supermarket,E01007478,Doncaster 011D,Shoplifting,Unable to prosecute suspect,
91b93d031a400dd5d5ee49174bd6d2707434459cbb85eded57897887b1641954,2025-02,South Yorkshire Police,South Yorkshire Police,-1.076502,53.545370,On or near Supermarket,E01007478,Doncaster 011D,Shoplifting,Unable to prosecute suspect,
3e166df82451193068077d4d3ba57580a755785bc8fbed7f17b6a1323641ee3a,2025-02,South Yorkshire Police,South Yorkshire Police,-1.069963,53.539396,On or near George Street,E01007478,Doncaster 011D,Vehicle crime,Investigation complete; no suspect identified,
59bb167be4e7d9fd2e3b1a718c20a0bb8dca79dfc44da69524557e34475287d1,2025-02,South Yorkshire Police,South Yorkshire Police,-1.076502,53.545370,On or near Supermarket,E01007478,Doncaster 011D,Vehicle crime,Investigation complete; no suspect identified,
14787caea9cbc76d35ff6ceec6592c011fd52f62b24b8f5a49192ddf299ccb4d,2025-02,South Yorkshire Police,South Yorkshire Police,-1.062010,53.538039,On or near Glebe Farm Close,E01007478,Doncaster 011D,Vehicle crime,Investigation complete; no suspect identified,
c3cffc95f3c06d01dbfff916da798d05222c797fb65a546ca9f45cc481647beb,2025-02,South Yorkshire Police,South Yorkshire Police,-1.082920,53.553563,On or near Barnby Dun Road,E01007478,Doncaster 011D,Violence and sexual offences,Unable to prosecute suspect,
33e26b147aac4a4081c418f239b7547adbdf7b21e76164f33fcd085986ded813,2025-02,South Yorkshire Police,South Yorkshire Police,-1.069963,53.539396,On or near George Street,E01007478,Doncaster 011D,Violence and sexual offences,Investigation complete; no suspect identified,
7702b00f7e7a3a3b98c469f76165956c3d6064f94d8201412d07077f4ef53783,2025-02,South Yorkshire Police,South Yorkshire Police,-1.062010,53.538039,On or near Glebe Farm Close,E01007478,Doncaster 011D,Violence and sexual offences,Unable to prosecute suspect,
35364fcc57a0179695745080936b6496603b85c1439b9bcac8e8bfbf0f86527d,2025-02,South Yorkshire Police,South Yorkshire Police,-1.062010,53.538039,On or near Glebe Farm Close,E01007478,Doncaster 011D,Violence and sexual offences,Unable to prosecute suspect,
a4d7f4f522477c8264abad8b32f2963dae8e980258d7cda339912170798c098f,2025-02,South Yorkshire Police,South Yorkshire Police,-1.062010,53.538039,On or near Glebe Farm Close,E01007478,Doncaster 011D,Violence and sexual offences,Local resolution,
8c1fb148961717b3f3a0538af6b3b7be866ad624bfa3637189db1b738d05c608,2025-02,South Yorkshire Police,South Yorkshire Police,-1.072763,53.540388,On or near Basil Avenue,E01007478,Doncaster 011D,Violence and sexual offences,Investigation complete; no suspect identified,
125486b3886ddfeae2b5ab170e18e63f8f2d28ab1bf251ba0e5fc0f6786c3af5,2025-02,South Yorkshire Police,South Yorkshire Police,-1.077708,53.546844,On or near Petrol Station,E01007478,Doncaster 011D,Violence and sexual offences,Investigation complete; no suspect identified,
2a24729d9d63567188717f0b59f91f72e8d56b3a73f257e9e017245c9b9ee7b1,2025-02,South Yorkshire Police,South Yorkshire Police,-1.072763,53.540388,On or near Basil Avenue,E01007478,Doncaster 011D,Violence and sexual offences,Investigation complete; no suspect identified,
36c6336e7922aa1bb5aad1eb7493a425c3a43fc9f2e91a3e64089870143b4f23,2025-02,South Yorkshire Police,South Yorkshire Police,-1.069963,53.539396,On or near George Street,E01007478,Doncaster 011D,Violence and sexual offences,Unable to prosecute suspect,
,2025-02,South Yorkshire Police,South Yorkshire Police,-1.165713,53.539850,On or near Rose Crescent,E01007512,Doncaster 012A,Anti-social behaviour,,
2525e5ae26fb05563911581a78b1155cbb05d852fb7335ceb8b4678d2483a715,2025-02,South Yorkshire Police,South Yorkshire Police,-1.161015,53.543143,On or near Pipering Lane (East),E01007512,Doncaster 012A,Burglary,Unable to prosecute suspect,
3ccee5d3f3a20c4958bffaae0ae07d070afffffbd84b8cd0f68402c8414b16f3,2025-02,South Yorkshire Police,South Yorkshire Police,-1.160557,53.540362,On or near Scotsman Drive,E01007512,Doncaster 012A,Burglary,Investigation complete; no suspect identified,
6806756ae9743042cbd3581eae39984047b8f6e5b2dad2717bc41c9e19f2ab0d,2025-02,South Yorkshire Police,South Yorkshire Police,-1.165504,53.541260,On or near Lowgate,E01007512,Doncaster 012A,Burglary,Investigation complete; no suspect identified,
927462c73185ace64caced784eb6b4620438e88476a09697a62deff51f57086e,2025-02,South Yorkshire Police,South Yorkshire Police,-1.162581,53.541779,On or near Chiltern Road,E01007512,Doncaster 012A,Vehicle crime,Investigation complete; no suspect identified,
b03a29ccb7a7ac3b7786035d9a2abe0bde3596ca6cc3960ac67edb17c65eafdf,2025-02,South Yorkshire Police,South Yorkshire Police,-1.159093,53.538842,On or near Dominion Road,E01007512,Doncaster 012A,Violence and sexual offences,Awaiting court outcome,
fc8d6450255fc0629576666f5574e31d34f8a311d85b0a1090b16831c66964d6,2025-02,South Yorkshire Police,South Yorkshire Police,-1.165504,53.541260,On or near Lowgate,E01007512,Doncaster 012A,Violence and sexual offences,Awaiting court outcome,
87fa4b0f45a0063288b4874089c6b7c58304763d06c828f196c59645862164e0,2025-02,South Yorkshire Police,South Yorkshire Police,-1.165713,53.539850,On or near Rose Crescent,E01007512,Doncaster 012A,Other crime,Investigation complete; no suspect identified,
9a601809e6fb439c0a7661ea4abac5d94983d04f23516167c2198581aeea51f0,2025-02,South Yorkshire Police,South Yorkshire Police,-1.160417,53.542869,On or near Cotswold Gardens,E01007513,Doncaster 012B,Bicycle theft,Unable to prosecute suspect,
ec217e44a43ded49f819be6c02ca3f08db13cec79364b4f7c6fbd64a245b5fd1,2025-02,South Yorkshire Police,South Yorkshire Police,-1.153845,53.542445,On or near Kendal Road,E01007513,Doncaster 012B,Burglary,Investigation complete; no suspect identified,
3f5dfe3580d74d3eadbf1293b542cecf4fff384525f8a55a87ef9740da483506,2025-02,South Yorkshire Police,South Yorkshire Police,-1.160417,53.542869,On or near Cotswold Gardens,E01007513,Doncaster 012B,Criminal damage and arson,Unable to prosecute suspect,
67a0305469fa18f0c84f017ab7f78bdcf010aa007d3dcccf728c08970e9d0bcf,2025-02,South Yorkshire Police,South Yorkshire Police,-1.152341,53.542956,On or near Kirkstone Close,E01007513,Doncaster 012B,Criminal damage and arson,Investigation complete; no suspect identified,
4460900b729a273b80e93d3389459d95ce5e34cb563d80da7877729b53bf256e,2025-02,South Yorkshire Police,South Yorkshire Police,-1.158014,53.543023,On or near Pipering Lane (East),E01007513,Doncaster 012B,Criminal damage and arson,Investigation complete; no suspect identified,
80b3a64458d9263ecb7ea49484db49b1fe8c258b764fbb12da5e7b07d335c26d,2025-02,South Yorkshire Police,South Yorkshire Police,-1.160735,53.545109,On or near Petersgate,E01007513,Doncaster 012B,Vehicle crime,Investigation complete; no suspect identified,
b902b4632912f273271e8a9bafebe147db4db5b631270a72a3762b9879dd09fa,2025-02,South Yorkshire Police,South Yorkshire Police,-1.154522,53.539538,On or near Watch House Lane,E01007513,Doncaster 012B,Violence and sexual offences,Unable to prosecute suspect,
cf988509634ba26706e636fe35771cd637d05ff82b59ef6ef4a9e1a064e5ce15,2025-02,South Yorkshire Police,South Yorkshire Police,-1.158571,53.544539,On or near Sports/Recreation Area,E01007513,Doncaster 012B,Violence and sexual offences,Unable to prosecute suspect,
1306c3483d0afea37573bc0b1462c5e5f6f6827a18e2299a7512d1b6dd34be10,2025-02,South Yorkshire Police,South Yorkshire Police,-1.153845,53.542445,On or near Kendal Road,E01007513,Doncaster 012B,Violence and sexual offences,Unable to prosecute suspect,
5f8bef53a974b055175fd0e5d12f25ebbc19b3b6020585acaefb535ec989d925,2025-02,South Yorkshire Police,South Yorkshire Police,-1.160735,53.545109,On or near Petersgate,E01007513,Doncaster 012B,Violence and sexual offences,Investigation complete; no suspect identified,
3aebae5c3313b93c3c81ada8e949336d39ef6e3a30c261545dab5ec82379012d,2025-02,South Yorkshire Police,South Yorkshire Police,-1.158571,53.544539,On or near Sports/Recreation Area,E01007513,Doncaster 012B,Violence and sexual offences,Unable to prosecute suspect,
a1daca3e94b90e2419397a96519079a296b6595d8e7bdc9b982f3da63c91ccb9,2025-02,South Yorkshire Police,South Yorkshire Police,-1.150044,53.537124,On or near Lauder Road,E01007513,Doncaster 012B,Violence and sexual offences,Status update unavailable,
02baab4826f8c98be087030ab6064cb397c81fbef03249bd95db155fe090ee79,2025-02,South Yorkshire Police,South Yorkshire Police,-1.154522,53.539538,On or near Watch House Lane,E01007513,Doncaster 012B,Other crime,Unable to prosecute suspect,
ba8ef792b555f6bdd18bf1f4907ca7c5f883555401e004863013047fa44df4a3,2025-02,South Yorkshire Police,South Yorkshire Police,-1.150044,53.537124,On or near Lauder Road,E01007513,Doncaster 012B,Other crime,Awaiting court outcome,
,2025-02,South Yorkshire Police,South Yorkshire Police,-1.163918,53.544386,On or near Ashdown Place,E01007515,Doncaster 012C,Anti-social behaviour,,
,2025-02,South Yorkshire Police,South Yorkshire Police,-1.166789,53.545754,On or near Amersall Crescent,E01007515,Doncaster 012C,Anti-social behaviour,,
,2025-02,South Yorkshire Police,South Yorkshire Police,-1.166805,53.544136,On or near Broachgate,E01007515,Doncaster 012C,Anti-social behaviour,,
,2025-02,South Yorkshire Police,South Yorkshire Police,-1.163918,53.544386,On or near Ashdown Place,E01007515,Doncaster 012C,Anti-social behaviour,,
f1f62ac444cc68054e47ff23a0cd494df67f26ef6b379ad4e05b14acdb6ad8ee,2025-02,South Yorkshire Police,South Yorkshire Police,-1.165096,53.542830,On or near Amersall Road,E01007515,Doncaster 012C,Bicycle theft,Unable to prosecute suspect,
ed5d3b73d90dc56cbc1d3fe04308bca27a52b8973b9314cbde78492d9bfeb789,2025-02,South Yorkshire Police,South Yorkshire Police,-1.166789,53.545754,On or near Amersall Crescent,E01007515,Doncaster 012C,Criminal damage and arson,Investigation complete; no suspect identified,
40009585eaccab9a68c19bda7b2d3b06f63a32b964f2ee80d6b4b86a450d8464,2025-02,South Yorkshire Police,South Yorkshire Police,-1.166789,53.545754,On or near Amersall Crescent,E01007515,Doncaster 012C,Criminal damage and arson,Investigation complete; no suspect identified,
f8fcb1989845be52a7906b98bba01cf8ca17d4e954325ed54dba51b502b361c4,2025-02,South Yorkshire Police,South Yorkshire Police,-1.169243,53.545250,On or near Homefield Crescent,E01007515,Doncaster 012C,Other theft,Unable to prosecute suspect,
4d6cda3f74be6d39996cef22916d7f4c9fe954fef5e13e8331b01007a797b88d,2025-02,South Yorkshire Police,South Yorkshire Police,-1.166789,53.545754,On or near Amersall Crescent,E01007515,Doncaster 012C,Public order,Unable to prosecute suspect,
066f96a9e1ad2eb5ba73be2f2582515748c5f7d4cf7d2a72384dbbd499cd8ab7,2025-02,South Yorkshire Police,South Yorkshire Police,-1.169243,53.545250,On or near Homefield Crescent,E01007515,Doncaster 012C,Vehicle crime,Investigation complete; no suspect identified,
360bd4a327e0e949a20e11e403a03cd73f455bcdf7614ce3dbcb492df8ab677a,2025-02,South Yorkshire Police,South Yorkshire Police,-1.163918,53.544386,On or near Ashdown Place,E01007515,Doncaster 012C,Vehicle crime,Further action is not in the public interest,
ff9c8545020add250fcc91fa8dfd44f904651860984c09a9bde4de38aef47ea1,2025-02,South Yorkshire Police,South Yorkshire Police,-1.166789,53.545754,On or near Amersall Crescent,E01007515,Doncaster 012C,Violence and sexual offences,Status update unavailable,
aa47f98fe541ae51c0b5d5b7b5fd2e780fefb49c4055026aba4eb6386b5decc1,2025-02,South Yorkshire Police,South Yorkshire Police,-1.165096,53.542830,On or near Amersall Road,E01007515,Doncaster 012C,Violence and sexual offences,Unable to prosecute suspect,
737bb7054a3e980cfb8d2e54d00218314501783335f5f351c7d6c0c76f5e833f,2025-02,South Yorkshire Police,South Yorkshire Police,-1.166789,53.545754,On or near Amersall Crescent,E01007515,Doncaster 012C,Violence and sexual offences,Unable to prosecute suspect,
bd81fef5b60dae35eb85d7201e1bff8dbb8986b0ea89c02919fc232e7674416b,2025-02,South Yorkshire Police,South Yorkshire Police,-1.166789,53.545754,On or near Amersall Crescent,E01007515,Doncaster 012C,Violence and sexual offences,Investigation complete; no suspect identified,
64f449eb30318a8e337f1937bdc08b7b4653fa63a14722e4caf3585a2abe6198,2025-02,South Yorkshire Police,South Yorkshire Police,-1.166789,53.545754,On or near Amersall Crescent,E01007515,Doncaster 012C,Other crime,Investigation complete; no suspect identified,
,2025-02,South Yorkshire Police,South Yorkshire Police,-1.166179,53.551458,On or near Langthwaite Lane,E01007518,Doncaster 012D,Anti-social behaviour,,
70b06b4cf3312daff766103469874b97f10d255384586e0f7146459c87231e55,2025-02,South Yorkshire Police,South Yorkshire Police,-1.178478,53.546896,On or near Charter Drive,E01007518,Doncaster 012D,Other theft,Awaiting court outcome,
bd8724d758f78cf091bdbda7341729e7793ea5f7b19f65547eaf7098567938e4,2025-02,South Yorkshire Police,South Yorkshire Police,-1.178478,53.546896,On or near Charter Drive,E01007518,Doncaster 012D,Possession of weapons,Awaiting court outcome,
0fd02beb76e6d4554f94a9ffd33a3bfdbe66535b5af09902be3f1543c3f044a8,2025-02,South Yorkshire Police,South Yorkshire Police,-1.172989,53.548206,On or near Scawthorpe Avenue,E01007518,Doncaster 012D,Public order,Unable to prosecute suspect,
40562140de9d938382bb94a397146122e61935b5185d0142464657790e6ec0fd,2025-02,South Yorkshire Police,South Yorkshire Police,-1.168154,53.549269,On or near Middlegate,E01007518,Doncaster 012D,Public order,Investigation complete; no suspect identified,
951b11291173b112bce06a816270b40d68a2635616beb06cc33a3fc1bd8db65e,2025-02,South Yorkshire Police,South Yorkshire Police,-1.172989,53.548206,On or near Scawthorpe Avenue,E01007518,Doncaster 012D,Violence and sexual offences,Investigation complete; no suspect identified,
5d981a76e428ba8935a6b577d4fb439a750c0629eec4b92ce9f9c4cd1eef7fd6,2025-02,South Yorkshire Police,South Yorkshire Police,-1.170329,53.548385,On or near Walden Avenue,E01007518,Doncaster 012D,Violence and sexual offences,Unable to prosecute suspect,
15f9ac3935e96b8e2a9f9600df33143dc0d64ec1506974590f3031e70487a125,2025-02,South Yorkshire Police,South Yorkshire Police,-1.166143,53.549435,On or near Castle Hills Road,E01007518,Doncaster 012D,Violence and sexual offences,Unable to prosecute suspect,
415e32132bccdb4802a33dbcee940b75d6e83ea0d357e5af99a654bfd4c6dce5,2025-02,South Yorkshire Police,South Yorkshire Police,-1.168308,53.550645,On or near Long Edge Lane,E01007518,Doncaster 012D,Violence and sexual offences,Unable to prosecute suspect,
,2025-02,South Yorkshire Police,South Yorkshire Police,-1.162131,53.546234,On or near Chatsworth Crescent,E01007519,Doncaster 012E,Anti-social behaviour,,
44c31623535293228da429b5a3e232d99b2ac05827aac2f92f79df3c0e6c614b,2025-02,South Yorkshire Police,South Yorkshire Police,-1.164990,53.549349,On or near Sports/Recreation Area,E01007519,Doncaster 012E,Burglary,Investigation complete; no suspect identified,
7dd14bc08d8a045d96fc0772f712feb422b1774c34f85a9a8cf4c6343fb9a0e4,2025-02,South Yorkshire Police,South Yorkshire Police,-1.162430,53.548681,On or near Jossey Lane,E01007519,Doncaster 012E,Public order,Unable to prosecute suspect,
9a1c90fd44c72dc97679841c5c7f6b72d0038e151560fdbacc9cc73e456f0b31,2025-02,South Yorkshire Police,South Yorkshire Police,-1.162566,53.550201,On or near Castle Mews,E01007519,Doncaster 012E,Violence and sexual offences,Unable to prosecute suspect,
13638411b8ab62a7abf130a5dc991027cded26f4985a53ae40dfe7b0afd91ebe,2025-02,South Yorkshire Police,South Yorkshire Police,-1.160878,53.546225,On or near Arundel Gardens,E01007519,Doncaster 012E,Violence and sexual offences,Unable to prosecute suspect,
25838c001636541dcfee941f7e6c956db3d82f7eef56d89e08f22791501797b8,2025-02,South Yorkshire Police,South Yorkshire Police,-1.146346,53.545394,On or near Parking Area,E01007505,Doncaster 013A,Criminal damage and arson,Investigation complete; no suspect identified,
7f3f39b35e017a03953b8ba36ae1468b0b250e923b8bcdbe2c43c36966ef1308,2025-02,South Yorkshire Police,South Yorkshire Police,-1.146346,53.545394,On or near Parking Area,E01007505,Doncaster 013A,Criminal damage and arson,Investigation complete; no suspect identified,
4bb05a232e0a53f041ac9b72b28c90baeeac8b9ee0e8226be9930a4bb52b4962,2025-02,South Yorkshire Police,South Yorkshire Police,-1.147547,53.544225,On or near A19,E01007505,Doncaster 013A,Public order,Unable to prosecute suspect,
7bcc05988de474d0bf52660c60a9c5e40194a8fb52209b9488f8868d9a712b7e,2025-02,South Yorkshire Police,South Yorkshire Police,-1.146346,53.545394,On or near Parking Area,E01007505,Doncaster 013A,Public order,Investigation complete; no suspect identified,
24fccded0e73be2f40b1c8546dd0481733ffc0240bd1cf544b7a77e0c9b6e938,2025-02,South Yorkshire Police,South Yorkshire Police,-1.124558,53.556149,On or near Brookfield Mews,E01007505,Doncaster 013A,Public order,Investigation complete; no suspect identified,
60fcd675d16876d34d93ffb158e492cd30625c43b91fded5ce911ba3b95ee893,2025-02,South Yorkshire Police,South Yorkshire Police,-1.147297,53.544646,On or near High Street,E01007505,Doncaster 013A,Public order,Investigation complete; no suspect identified,
3019e40085cceaa3b5d7c3f5f498ce913d8f8da74c79a680092d7bf34ffb20d7,2025-02,South Yorkshire Police,South Yorkshire Police,-1.125697,53.556580,On or near The Croft,E01007505,Doncaster 013A,Public order,Unable to prosecute suspect,
d84458b13bc49032308371895e3005e895ea879763f187735fc9ea80da77f3df,2025-02,South Yorkshire Police,South Yorkshire Police,-1.147547,53.544225,On or near A19,E01007505,Doncaster 013A,Violence and sexual offences,Unable to prosecute suspect,
4256032e8e2cc4561761abe936003ed7c9f7a6b1a06fa606c5394080420db4b1,2025-02,South Yorkshire Police,South Yorkshire Police,-1.126198,53.554983,On or near Carisbrook Court,E01007505,Doncaster 013A,Violence and sexual offences,Unable to prosecute suspect,
668734119ee0669ef8d1567cb13ea059d36082099f3cd9c74777415bed5f01ea,2025-02,South Yorkshire Police,South Yorkshire Police,-1.146346,53.545394,On or near Parking Area,E01007505,Doncaster 013A,Violence and sexual offences,Investigation complete; no suspect identified,
c17a587c96703bb158b4487f5d9c2643ad1e5cf12d6e24be4d13870c116fc5db,2025-02,South Yorkshire Police,South Yorkshire Police,-1.145684,53.545335,On or near Old Hall Road,E01007505,Doncaster 013A,Other crime,Unable to prosecute suspect,
5dc8faf2419104387263ffd6eef58cb557dd48962ecdf2eb3f16c1ec9dbb343f,2025-02,South Yorkshire Police,South Yorkshire Police,-1.145684,53.545335,On or near Old Hall Road,E01007505,Doncaster 013A,Other crime,Unable to prosecute suspect,
,2025-02,South Yorkshire Police,South Yorkshire Police,-1.150013,53.542418,On or near Holly Avenue,E01007514,Doncaster 013B,Anti-social behaviour,,
2a9a7fb4288560cef2f76450e171f49de9f7c94e89050d03a91e0122d11d23cc,2025-02,South Yorkshire Police,South Yorkshire Police,-1.151209,53.542229,On or near Fern Avenue,E01007514,Doncaster 013B,Burglary,Investigation complete; no suspect identified,
4b406b9be1f097dfe567905c56515b867e644c5a307f37dfe4fc9ef5fc6632dd,2025-02,South Yorkshire Police,South Yorkshire Police,-1.151263,53.540306,On or near West End Avenue,E01007514,Doncaster 013B,Burglary,Investigation complete; no suspect identified,
91d2bb7b6316393494ab17438b8f1d20a5f82764a07d4ef36e00d526a739189b,2025-02,South Yorkshire Police,South Yorkshire Police,-1.151263,53.540306,On or near West End Avenue,E01007514,Doncaster 013B,Other theft,Unable to prosecute suspect,
7636c7e82854a0eae14b228e030f3fdcddaa1c43d6928b8c442856c11a2b7d3b,2025-02,South Yorkshire Police,South Yorkshire Police,-1.151209,53.542229,On or near Fern Avenue,E01007514,Doncaster 013B,Shoplifting,Investigation complete; no suspect identified,
9d5b1ccba6a720dbe21ed4252074320a812e9d0a302a651f3e3143f51c16c98c,2025-02,South Yorkshire Police,South Yorkshire Police,-1.151209,53.542229,On or near Fern Avenue,E01007514,Doncaster 013B,Shoplifting,Investigation complete; no suspect identified,
e757f8f5c77ecf59914e532498b005ccd39d73d6bb7d203ec3d62e608901bedd,2025-02,South Yorkshire Police,South Yorkshire Police,-1.151209,53.542229,On or near Fern Avenue,E01007514,Doncaster 013B,Shoplifting,Investigation complete; no suspect identified,
f40ed26b99b72fbc4a1277a0be264a2541f450c7ac48dcd598bca1efe6ce7b0d,2025-02,South Yorkshire Police,South Yorkshire Police,-1.151209,53.542229,On or near Fern Avenue,E01007514,Doncaster 013B,Shoplifting,Investigation complete; no suspect identified,
6290c7a5c8b07ae97bc8f72d26589a26db4d75bfa4875bd5e4119dd15030a909,2025-02,South Yorkshire Police,South Yorkshire Police,-1.150013,53.542418,On or near Holly Avenue,E01007514,Doncaster 013B,Vehicle crime,Investigation complete; no suspect identified,
9d11b261b93d30bb50761897ba6166e823aa39025e5068337ce11784b9e056bc,2025-02,South Yorkshire Police,South Yorkshire Police,-1.151263,53.540306,On or near West End Avenue,E01007514,Doncaster 013B,Violence and sexual offences,Unable to prosecute suspect,
6ebb0e376e87bd0304b59cc9748a0668ed796e1eb2f72c0319e37a5d5de8441c,2025-02,South Yorkshire Police,South Yorkshire Police,-1.151263,53.540306,On or near West End Avenue,E01007514,Doncaster 013B,Violence and sexual offences,Unable to prosecute suspect,
27b3cf534469ce7afccd7e9ecc873cccab10d0bab44c9d328997729f382892b8,2025-02,South Yorkshire Police,South Yorkshire Police,-1.149041,53.539706,On or near Cusworth Road,E01007514,Doncaster 013B,Violence and sexual offences,Investigation complete; no suspect identified,
61f1a7ebdd1e6401e2327edd61ff9ff760d083fbdb81123e45215cbfe5a03e6d,2025-02,South Yorkshire Police,South Yorkshire Police,-1.151263,53.540306,On or near West End Avenue,E01007514,Doncaster 013B,Violence and sexual offences,Unable to prosecute suspect,
3d5038f572695c3fdcb6a1ec918e22bd2f104d6595e057dd6f3508c3278a731d,2025-02,South Yorkshire Police,South Yorkshire Police,-1.149897,53.541411,On or near Stockbridge Avenue,E01007514,Doncaster 013B,Violence and sexual offences,Unable to prosecute suspect,
3d20a9f55b6e06d175eab66412d053922a1baa11154e22c3a42a04bc8d790e48,2025-02,South Yorkshire Police,South Yorkshire Police,-1.151263,53.540306,On or near West End Avenue,E01007514,Doncaster 013B,Violence and sexual offences,Unable to prosecute suspect,
3f35a13df0dd4dfc0973ed8730edf8d44da6e431c172d673d9d7ca325953625a,2025-02,South Yorkshire Police,South Yorkshire Police,-1.151209,53.542229,On or near Fern Avenue,E01007514,Doncaster 013B,Violence and sexual offences,Unable to prosecute suspect,
829826794abbfdb3f6e235d4bbb3c1b0084f071801cc3a5e8f7ae31186dcaca4,2025-02,South Yorkshire Police,South Yorkshire Police,-1.151209,53.542229,On or near Fern Avenue,E01007514,Doncaster 013B,Violence and sexual offences,Unable to prosecute suspect,
2739bba7a0c6d04f164dddae1e0f910f18ad8f7396f7c00823e5cde29c7041dd,2025-02,South Yorkshire Police,South Yorkshire Police,-1.149897,53.541411,On or near Stockbridge Avenue,E01007514,Doncaster 013B,Violence and sexual offences,Unable to prosecute suspect,
58033088aba6268bcec9620b191e5f8f57fcd1cb0e2f047b10a475dcb8d49af3,2025-02,South Yorkshire Police,South Yorkshire Police,-1.151209,53.542229,On or near Fern Avenue,E01007514,Doncaster 013B,Violence and sexual offences,Status update unavailable,
638b8551d23041e6f96a6f3194ebe0c1c3a7b8191bb94b025c9fd0d34afe1ae2,2025-02,South Yorkshire Police,South Yorkshire Police,-1.151209,53.542229,On or near Fern Avenue,E01007514,Doncaster 013B,Violence and sexual offences,Unable to prosecute suspect,
161a1407b5f0310b23d26b9c0094add44a629e6f228a57dd8defbc9fe9d53171,2025-02,South Yorkshire Police,South Yorkshire Police,-1.150013,53.542418,On or near Holly Avenue,E01007514,Doncaster 013B,Violence and sexual offences,Unable to prosecute suspect,
d658436493c5fc208bd30a306bd5d777da5fb493de0ff41c216efa89cf1c7500,2025-02,South Yorkshire Police,South Yorkshire Police,-1.149897,53.541411,On or near Stockbridge Avenue,E01007514,Doncaster 013B,Other crime,Unable to prosecute suspect,
26a17b5e24d2786bbe015424cc896c0bc4e8575e90caac6351ed9c477e1838ee,2025-02,South Yorkshire Police,South Yorkshire Police,-1.147866,53.535850,On or near Kirkby Avenue,E01007516,Doncaster 013C,Criminal damage and arson,Unable to prosecute suspect,
b178729f0a3d34acda0a8dfda106828aa4cd6a9b6a2b6cd9349ba28576887fcd,2025-02,South Yorkshire Police,South Yorkshire Police,-1.147866,53.535850,On or near Kirkby Avenue,E01007516,Doncaster 013C,Criminal damage and arson,Unable to prosecute suspect,
f1b256531e257c0d6fea72500ef872729d8e6e4b8dccde89c779b57546e5ef1a,2025-02,South Yorkshire Police,South Yorkshire Police,-1.149359,53.535879,On or near Haslemere Court,E01007516,Doncaster 013C,Drugs,Awaiting court outcome,
b394c169bf39e2f6f5df076c11963eb75a704f33dae71ddba65440522e908797,2025-02,South Yorkshire Police,South Yorkshire Police,-1.160713,53.537802,On or near Raymond Road,E01007516,Doncaster 013C,Other theft,Investigation complete; no suspect identified,
1dbfcd31d8ea21f242fc5cc58a0ec245e1be242622669791ff48b5180609d6f3,2025-02,South Yorkshire Police,South Yorkshire Police,-1.156538,53.533790,On or near Ramsey Crescent,E01007516,Doncaster 013C,Vehicle crime,Investigation complete; no suspect identified,
0e2b94b5bc7150d231c6a4381032d509d83f6a2739887999f163bb9d8613033d,2025-02,South Yorkshire Police,South Yorkshire Police,-1.160713,53.537802,On or near Raymond Road,E01007516,Doncaster 013C,Vehicle crime,Investigation complete; no suspect identified,
6fcd6fa7b295bde55e6eb25a33666de3a604d2eba7d5d668324bb7bc96abd4e5,2025-02,South Yorkshire Police,South Yorkshire Police,-1.149359,53.535879,On or near Haslemere Court,E01007516,Doncaster 013C,Vehicle crime,Investigation complete; no suspect identified,
1f4cbee3a813d791689392a0d08a774609d6ce6406accac7939445622c50d215,2025-02,South Yorkshire Police,South Yorkshire Police,-1.154628,53.537228,On or near Rowan Garth,E01007516,Doncaster 013C,Vehicle crime,Investigation complete; no suspect identified,
5a02152114898b7b3136024f01539844a250f362602c12da7a6e894d5197c6bd,2025-02,South Yorkshire Police,South Yorkshire Police,-1.148984,53.536559,On or near Haslemere Grove,E01007516,Doncaster 013C,Violence and sexual offences,Unable to prosecute suspect,
9a22510342e4d9bbf0a007b0c4a18a7b949954be8dca3ed2e8146c8299a9a1de,2025-02,South Yorkshire Police,South Yorkshire Police,-1.160713,53.537802,On or near Raymond Road,E01007516,Doncaster 013C,Violence and sexual offences,Unable to prosecute suspect,
,2025-02,South Yorkshire Police,South Yorkshire Police,-1.146918,53.531097,On or near Shopping Area,E01007517,Doncaster 013D,Anti-social behaviour,,
,2025-02,South Yorkshire Police,South Yorkshire Police,-1.143777,53.532846,On or near Yarborough Terrace,E01007517,Doncaster 013D,Anti-social behaviour,,
affc69b6d24f8044b3b9254da1cf831290d0ac5fa6307563ec397c2446a04b90,2025-02,South Yorkshire Police,South Yorkshire Police,-1.143667,53.534580,On or near Frank Road,E01007517,Doncaster 013D,Burglary,Investigation complete; no suspect identified,
cecebe5904a4ee37c97b3c90488faac5790a81b1c8bd637382e500869bad0ed0,2025-02,South Yorkshire Police,South Yorkshire Police,-1.153679,53.533384,On or near Grove Avenue,E01007517,Doncaster 013D,Criminal damage and arson,Awaiting court outcome,
3cb2cf1cf8f8e03a890cb8d1fa353a59a1f1b42317251ea9b38d0c2a4f9736a2,2025-02,South Yorkshire Police,South Yorkshire Police,-1.146918,53.531097,On or near Shopping Area,E01007517,Doncaster 013D,Criminal damage and arson,Unable to prosecute suspect,
e56a5f296dbd3013e75309fb8cc4bf77c9afd2878b0934507a4b65d98840ecb7,2025-02,South Yorkshire Police,South Yorkshire Police,-1.146664,53.534107,On or near Bishopgarth Close,E01007517,Doncaster 013D,Criminal damage and arson,Investigation complete; no suspect identified,
b1548970ab009933c3fc00602ce52ee796da762b7b1f588dad3f498d0ffc53c1,2025-02,South Yorkshire Police,South Yorkshire Police,-1.145255,53.532128,On or near Petrol Station,E01007517,Doncaster 013D,Other theft,Investigation complete; no suspect identified,
a6d8c3dc7da550f4791e97436239c570191d7539fa1ca9dd0e84ad72743487fc,2025-02,South Yorkshire Police,South Yorkshire Police,-1.149892,53.531874,On or near Petrol Station,E01007517,Doncaster 013D,Other theft,Investigation complete; no suspect identified,
9af6d14edef253e4fd914e122c1b6169be3bd86c770a40ae2ca42322ca0fb1bc,2025-02,South Yorkshire Police,South Yorkshire Police,-1.146918,53.531097,On or near Shopping Area,E01007517,Doncaster 013D,Public order,Investigation complete; no suspect identified,
0f96279c29669fc5916366adb4adc3c35f692891396a60b625cd02a1c60bd730,2025-02,South Yorkshire Police,South Yorkshire Police,-1.146918,53.531097,On or near Shopping Area,E01007517,Doncaster 013D,Shoplifting,Investigation complete; no suspect identified,
7857d6d6b28ced84cf880bdb7e8c08497b21d9004f7e0a06c356f457c10689fb,2025-02,South Yorkshire Police,South Yorkshire Police,-1.149892,53.531874,On or near Petrol Station,E01007517,Doncaster 013D,Shoplifting,Investigation complete; no suspect identified,
18f43416d99e19ee8bde301e377582e4fad11426b011473edfc123f4f4cc5981,2025-02,South Yorkshire Police,South Yorkshire Police,-1.146918,53.531097,On or near Shopping Area,E01007517,Doncaster 013D,Shoplifting,Investigation complete; no suspect identified,
0d12e4f399953331d3c0001cbee4b338d95b4fc9dfdde3d91644c4e066d1d984,2025-02,South Yorkshire Police,South Yorkshire Police,-1.146918,53.531097,On or near Shopping Area,E01007517,Doncaster 013D,Shoplifting,Investigation complete; no suspect identified,
dea79f73505be341e670724b8af51f319f66dc59ccf6d95789186b26473885f1,2025-02,South Yorkshire Police,South Yorkshire Police,-1.145748,53.531664,On or near Centurion Way,E01007517,Doncaster 013D,Shoplifting,Investigation complete; no suspect identified,
b2c725e196f05dd0ee335e502e24ae578697ff9fcca56531069fd9fc76c627b3,2025-02,South Yorkshire Police,South Yorkshire Police,-1.149892,53.531874,On or near Petrol Station,E01007517,Doncaster 013D,Vehicle crime,Investigation complete; no suspect identified,
c496201274d001ce4919dd19ea0a89dde03949d3dbdf1c1a0279812abf5239c4,2025-02,South Yorkshire Police,South Yorkshire Police,-1.146664,53.534107,On or near Bishopgarth Close,E01007517,Doncaster 013D,Vehicle crime,Unable to prosecute suspect,
558ab10037e46edb8c9782a651b1cf95c8930c658d3bf664a0d9f6fe596ea24a,2025-02,South Yorkshire Police,South Yorkshire Police,-1.143793,53.531309,On or near Hunt Lane,E01007517,Doncaster 013D,Violence and sexual offences,Unable to prosecute suspect,
7fabfde02f7d59b70f0a5a5e158f01683ec7872ef81bfe0271ddd8b9841e2dbe,2025-02,South Yorkshire Police,South Yorkshire Police,-1.143058,53.531142,On or near Riviera Parade,E01007517,Doncaster 013D,Violence and sexual offences,Unable to prosecute suspect,
8941feeba1ea88597cf8c4bb117c30874590fa2fc5aee7b0456262e2f6cbdbb2,2025-02,South Yorkshire Police,South Yorkshire Police,-1.145748,53.531664,On or near Centurion Way,E01007517,Doncaster 013D,Violence and sexual offences,Investigation complete; no suspect identified,
9d55b5f0ee70c29da99e204abb1464c398ee8591f6be4bab6238b83247921d32,2025-02,South Yorkshire Police,South Yorkshire Police,-1.146918,53.531097,On or near Shopping Area,E01007517,Doncaster 013D,Violence and sexual offences,Investigation complete; no suspect identified,
9fb861a89ec0042011dafc06f8e4f17924bc416124d9697c5e207f7f06f7f005,2025-02,South Yorkshire Police,South Yorkshire Police,-1.143793,53.531309,On or near Hunt Lane,E01007517,Doncaster 013D,Violence and sexual offences,Status update unavailable,
28e60d6825c109949d258c98d168175f3099c7730346208cafd5a3f88d8e2ae2,2025-02,South Yorkshire Police,South Yorkshire Police,-1.143793,53.531309,On or near Hunt Lane,E01007517,Doncaster 013D,Violence and sexual offences,Status update unavailable,
98e2c75753e53c97640c392ddd8ee606b741aaad6d8a281e80b52c1d2ecf5a04,2025-02,South Yorkshire Police,South Yorkshire Police,-1.143793,53.531309,On or near Hunt Lane,E01007517,Doncaster 013D,Violence and sexual offences,Status update unavailable,
29b2516d8b59c329c1745c3dcc6ebc6108d228dff62bcf1ae1747999cc308b9f,2025-02,South Yorkshire Police,South Yorkshire Police,-1.045876,53.542217,On or near Mercel Avenue,E01007479,Doncaster 014A,Burglary,Awaiting court outcome,
374cfe35b4bb922cbe7d72ca79be4dd92673b1b10369c553d1f75d45525b1cf7,2025-02,South Yorkshire Police,South Yorkshire Police,-1.049346,53.540923,On or near Willow Road,E01007479,Doncaster 014A,Criminal damage and arson,Investigation complete; no suspect identified,
a3d74d5e6e1de70d57b225c92f56b4cd4b944a8741a31e8710c5062d292510e5,2025-02,South Yorkshire Police,South Yorkshire Police,-1.043412,53.539743,On or near Rands Lane,E01007479,Doncaster 014A,Possession of weapons,Awaiting court outcome,
4c35ce3676418525638dd770a08f237f20907d91c73a77f2f518cfca7a620f9a,2025-02,South Yorkshire Police,South Yorkshire Police,-1.048346,53.541760,On or near Harrow Road,E01007479,Doncaster 014A,Shoplifting,Awaiting court outcome,
a1dd5a8dd97745207148325929be7a187f1dc1bae247dfc92a146804a36df1a7,2025-02,South Yorkshire Police,South Yorkshire Police,-1.048346,53.541760,On or near Harrow Road,E01007479,Doncaster 014A,Shoplifting,Investigation complete; no suspect identified,
87f6779e69a38665d07c25e1702455cd19a1ef8b5d0d2457ac2a4f6dd1c062cc,2025-02,South Yorkshire Police,South Yorkshire Police,-1.048346,53.541760,On or near Harrow Road,E01007479,Doncaster 014A,Shoplifting,Investigation complete; no suspect identified,
f32b64905d80f4e20023ade755708951346c8cc7ec4df845f558ea8791f35439,2025-02,South Yorkshire Police,South Yorkshire Police,-1.048829,53.539068,On or near Ash Grove,E01007479,Doncaster 014A,Vehicle crime,Investigation complete; no suspect identified,
cc77961dc27c6e166179665dc6d201f2b555cb79eaad9fbd3582f2f436ead598,2025-02,South Yorkshire Police,South Yorkshire Police,-1.043412,53.539743,On or near Rands Lane,E01007479,Doncaster 014A,Vehicle crime,Investigation complete; no suspect identified,
51f7262a39638bc8d5398e54b437adbb0bc709d1f32e1144d2ca17be228d3588,2025-02,South Yorkshire Police,South Yorkshire Police,-1.053527,53.543590,On or near Fernbank Drive,E01007479,Doncaster 014A,Vehicle crime,Investigation complete; no suspect identified,
04fe0d15f66513c391f8431ec87eb0205ef6d099b5e34a8ef54c87b61a173c2d,2025-02,South Yorkshire Police,South Yorkshire Police,-1.043412,53.539743,On or near Rands Lane,E01007479,Doncaster 014A,Vehicle crime,Investigation complete; no suspect identified,
4eba2458297473c06a55f44d6dec39f85ef99c19b9313ab9adac50f9530558c1,2025-02,South Yorkshire Police,South Yorkshire Police,-1.046905,53.539430,On or near Laburnum Drive,E01007479,Doncaster 014A,Violence and sexual offences,Unable to prosecute suspect,
d8bbbce69337d437e9611a4753180a9f44c6f54d280e2ce2c94ccec80b750528,2025-02,South Yorkshire Police,South Yorkshire Police,-1.048829,53.539068,On or near Ash Grove,E01007479,Doncaster 014A,Violence and sexual offences,Unable to prosecute suspect,
009c471c7ed09a14d668b8756a14a7fc55066de308c8ba0ae986b97de5c83ff8,2025-02,South Yorkshire Police,South Yorkshire Police,-1.045876,53.542217,On or near Mercel Avenue,E01007479,Doncaster 014A,Violence and sexual offences,Unable to prosecute suspect,
816eb045e86b393727ee50a90e843d83838d8b267f42c625e295961259059397,2025-02,South Yorkshire Police,South Yorkshire Police,-1.055818,53.536930,On or near Poplar Place,E01007480,Doncaster 014B,Bicycle theft,Awaiting court outcome,
1f0e8edff99c96efa250acf421d70864e888eb54f1b8f1fe57d9bbc02575d970,2025-02,South Yorkshire Police,South Yorkshire Police,-1.055264,53.540116,On or near Beech Road,E01007480,Doncaster 014B,Burglary,Investigation complete; no suspect identified,
507b560b0bbb3fb53157a3adac5a111b953c869633e26238f59ca5915599ebe9,2025-02,South Yorkshire Police,South Yorkshire Police,-1.055264,53.540116,On or near Beech Road,E01007480,Doncaster 014B,Criminal damage and arson,Investigation complete; no suspect identified,
4492bd4cee5f2c8dc314f0c958d5ff9cd6daabaeba5cca2ed2c5e9e2f756281e,2025-02,South Yorkshire Police,South Yorkshire Police,-1.055264,53.540116,On or near Beech Road,E01007480,Doncaster 014B,Possession of weapons,Unable to prosecute suspect,
67f2d0e7437b80c09698232d8a387158cbb33a7669bb457a9317dcbcc615cdea,2025-02,South Yorkshire Police,South Yorkshire Police,-1.059013,53.541189,On or near Briar Road,E01007480,Doncaster 014B,Vehicle crime,Investigation complete; no suspect identified,
b4b4fc09dec1bc3915aeef3e6bb6fa47149eab991fd6c396b9d0514a273048d4,2025-02,South Yorkshire Police,South Yorkshire Police,-1.055818,53.536930,On or near Poplar Place,E01007480,Doncaster 014B,Violence and sexual offences,Unable to prosecute suspect,
5af141bf3725390629ccebf28925a15ec275b456aa6a1b3c2131a124cb7f6021,2025-02,South Yorkshire Police,South Yorkshire Police,-1.054236,53.542265,On or near Hawthorn Avenue,E01007480,Doncaster 014B,Violence and sexual offences,Offender given a caution,
,2025-02,South Yorkshire Police,South Yorkshire Police,-1.051251,53.536022,On or near Mill Street,E01007482,Doncaster 014D,Anti-social behaviour,,
,2025-02,South Yorkshire Police,South Yorkshire Police,-1.053367,53.537899,On or near Lime Tree Avenue,E01007482,Doncaster 014D,Anti-social behaviour,,
,2025-02,South Yorkshire Police,South Yorkshire Police,-1.054399,53.538977,On or near Almond Avenue,E01007482,Doncaster 014D,Anti-social behaviour,,
5e3820a5530a2cfe71e323698c8d3dd235da6afbbf3432a0aa76314bb1c8a4e6,2025-02,South Yorkshire Police,South Yorkshire Police,-1.059782,53.534417,On or near New Ings,E01007482,Doncaster 014D,Burglary,Investigation complete; no suspect identified,
b2877869075d69dfd7076f6ec1f0a727562eb40b6c52a1df4df6fb595912b5f9,2025-02,South Yorkshire Police,South Yorkshire Police,-1.057668,53.535830,On or near Church Street,E01007482,Doncaster 014D,Burglary,Awaiting court outcome,
0e94dc50f3b0c9021feb4b2ac52554e99b08f8464acdda32ecdc3f94cb8ebbdb,2025-02,South Yorkshire Police,South Yorkshire Police,-1.059782,53.534417,On or near New Ings,E01007482,Doncaster 014D,Criminal damage and arson,Investigation complete; no suspect identified,
808b73ab575be03472ebdd1a84b62495155fa404512bd80cf117213f9f48544f,2025-02,South Yorkshire Police,South Yorkshire Police,-1.054399,53.538977,On or near Almond Avenue,E01007482,Doncaster 014D,Criminal damage and arson,Investigation complete; no suspect identified,
29f48a07146a0a3bf46243761944fdf5d19901b094839f9eda5fce4c47e83fec,2025-02,South Yorkshire Police,South Yorkshire Police,-1.057668,53.535830,On or near Church Street,E01007482,Doncaster 014D,Criminal damage and arson,Investigation complete; no suspect identified,
1879b5c37081f7fcfb589a3d34505ec37711cf2de0d37e389ef684628bdac70d,2025-02,South Yorkshire Police,South Yorkshire Police,-1.051001,53.538447,On or near Maple Grove,E01007482,Doncaster 014D,Other theft,Unable to prosecute suspect,
17752c69164be57d072e41e62513679f15a23ab7ba762a086fab6138f0bcf8f4,2025-02,South Yorkshire Police,South Yorkshire Police,-1.048620,53.536297,On or near St Mary'S Drive,E01007482,Doncaster 014D,Other theft,Investigation complete; no suspect identified,
a90e94269d876188682514f5de3345b2f76cffc23e05b72a04650c23c6975918,2025-02,South Yorkshire Police,South Yorkshire Police,-1.053608,53.535896,On or near Old School Close,E01007482,Doncaster 014D,Other theft,Investigation complete; no suspect identified,
e158968f5c412025fbf3a72a8efaa416fd9beeaef04307b4f338786d96d61803,2025-02,South Yorkshire Police,South Yorkshire Police,-1.059629,53.535854,On or near Rose Grove,E01007482,Doncaster 014D,Possession of weapons,Awaiting court outcome,
745bc1856ca4af43fe6fbc93828c70c369c57b1b3fdd5d8f77a8bc62f5393b81,2025-02,South Yorkshire Police,South Yorkshire Police,-1.058520,53.533490,On or near Ox Carr,E01007482,Doncaster 014D,Public order,Unable to prosecute suspect,
4f499a388d1a0d83ec9eb311568a4711f7c3342912ed839a32ad49ce2b555621,2025-02,South Yorkshire Police,South Yorkshire Police,-1.048620,53.536297,On or near St Mary'S Drive,E01007482,Doncaster 014D,Public order,Unable to prosecute suspect,
57fef3f6d811b9062c24a89bc63e239cea4c3ea64cd541900894de855dc859c8,2025-02,South Yorkshire Police,South Yorkshire Police,-1.059782,53.534417,On or near New Ings,E01007482,Doncaster 014D,Robbery,Awaiting court outcome,
2442ae94da76e39a18b074d212fbc6c0e2f8fb2bb800f41bf72b89f5aeebd027,2025-02,South Yorkshire Police,South Yorkshire Police,-1.054852,53.535583,On or near Petrol Station,E01007482,Doncaster 014D,Shoplifting,Awaiting court outcome,
c5cfe5f5ab9d206cbed68e80ab6b92764a199b3390dd06510267c160f1590ce2,2025-02,South Yorkshire Police,South Yorkshire Police,-1.054852,53.535583,On or near Petrol Station,E01007482,Doncaster 014D,Shoplifting,Unable to prosecute suspect,
c2293226afea99362e3e511459567eb60fae83b7fc4fe7b7847578d7f78bece3,2025-02,South Yorkshire Police,South Yorkshire Police,-1.053608,53.535896,On or near Old School Close,E01007482,Doncaster 014D,Shoplifting,Investigation complete; no suspect identified,
80d368a4bb784e45a3a86a19ba054382ed99dc1cf9914daf7d4720e3f3db2c0c,2025-02,South Yorkshire Police,South Yorkshire Police,-1.053608,53.535896,On or near Old School Close,E01007482,Doncaster 014D,Shoplifting,Investigation complete; no suspect identified,
4d72752df4cd3ddf6d6081cbd5ba17423b7e4abdac343a7967216e872868b18d,2025-02,South Yorkshire Police,South Yorkshire Police,-1.054852,53.535583,On or near Petrol Station,E01007482,Doncaster 014D,Shoplifting,Awaiting court outcome,
ed45fc242a6e213595b8517f0a17e6337cbfac83517695741e0e07fd4fc2d190,2025-02,South Yorkshire Police,South Yorkshire Police,-1.054852,53.535583,On or near Petrol Station,E01007482,Doncaster 014D,Shoplifting,Awaiting court outcome,
adcf6b853d391065bc6f18ea5159ce92c90911ee5b66fb4b2fc5f6818316c5b6,2025-02,South Yorkshire Police,South Yorkshire Police,-1.054399,53.538977,On or near Almond Avenue,E01007482,Doncaster 014D,Vehicle crime,Investigation complete; no suspect identified,
3d94e08bc9270c2b221af2163eb0f1e855a8978180fd17d8048aeff0e5460ba6,2025-02,South Yorkshire Police,South Yorkshire Police,-1.053367,53.537899,On or near Lime Tree Avenue,E01007482,Doncaster 014D,Violence and sexual offences,Unable to prosecute suspect,
5ec5f3b3c5412ee33b4b38a8821088a7ed58f69b4654469dd69c41e9bc000253,2025-02,South Yorkshire Police,South Yorkshire Police,-1.051872,53.535919,On or near Larch Drive,E01007482,Doncaster 014D,Violence and sexual offences,Unable to prosecute suspect,
f54d09f148a6b75301a7618e64baad49ed5ba93c0353f90a10ffce902c681e38,2025-02,South Yorkshire Police,South Yorkshire Police,-1.051872,53.535919,On or near Larch Drive,E01007482,Doncaster 014D,Violence and sexual offences,Unable to prosecute suspect,
d332ba5ab24c52c01f26420dadc7711246c2636922b5c877090f562e82aea210,2025-02,South Yorkshire Police,South Yorkshire Police,-1.054399,53.538977,On or near Almond Avenue,E01007482,Doncaster 014D,Violence and sexual offences,Investigation complete; no suspect identified,
cd5c7d031fc0cd48cfe685d328d081046ea6136c9159c8005f43573818757c2a,2025-02,South Yorkshire Police,South Yorkshire Police,-1.048620,53.536297,On or near St Mary'S Drive,E01007482,Doncaster 014D,Violence and sexual offences,Unable to prosecute suspect,
34b8ac9693e8e06ec9db5741fa8602f8339ebb59778621a703272d65e2b3b943,2025-02,South Yorkshire Police,South Yorkshire Police,-1.053367,53.537899,On or near Lime Tree Avenue,E01007482,Doncaster 014D,Violence and sexual offences,Unable to prosecute suspect,
71b1c1ac4fa12d2e35a4563acb5d9ee9ce8c8eaeb26add43a492d58f8c5a2483,2025-02,South Yorkshire Police,South Yorkshire Police,-1.051725,53.537122,On or near Cherry Tree Road,E01007482,Doncaster 014D,Violence and sexual offences,Investigation complete; no suspect identified,
4cb056c52a99ef3e9308fddf63b3373095f151fd36a2c639d1761c2cc6e4fdcf,2025-02,South Yorkshire Police,South Yorkshire Police,-1.058483,53.535144,On or near Park Close,E01007482,Doncaster 014D,Violence and sexual offences,Investigation complete; no suspect identified,
e823bb245bc5e80921ec4179dcf2925dde2309743bf4d66cf96da40ced37daf3,2025-02,South Yorkshire Police,South Yorkshire Police,-1.053367,53.537899,On or near Lime Tree Avenue,E01007482,Doncaster 014D,Violence and sexual offences,Unable to prosecute suspect,
0db2d0532a902031047ae9aa33bc8e6f0e2ae9bf56888a37de6ab289d1f29a94,2025-02,South Yorkshire Police,South Yorkshire Police,-1.054399,53.538977,On or near Almond Avenue,E01007482,Doncaster 014D,Other crime,Unable to prosecute suspect,
,2025-02,South Yorkshire Police,South Yorkshire Police,-1.062805,53.534144,On or near Barton Lane,E01033259,Doncaster 014E,Anti-social behaviour,,
,2025-02,South Yorkshire Police,South Yorkshire Police,-1.067489,53.536617,On or near Haller Close,E01033259,Doncaster 014E,Anti-social behaviour,,
d0fe02b2f3735708e4c26fffd71c04299063e1e90af5ee6472f38c44199b3e52,2025-02,South Yorkshire Police,South Yorkshire Police,-1.068946,53.534839,On or near Jenkinson Grove,E01033259,Doncaster 014E,Robbery,Investigation complete; no suspect identified,
bae53a9e6967549fe6ef13ab4c58431e0e0cd4a6926e7bd12bd8c9092833859d,2025-02,South Yorkshire Police,South Yorkshire Police,-1.072748,53.535552,On or near Walstow Crescent,E01033259,Doncaster 014E,Violence and sexual offences,Status update unavailable,
f5f773984f320305546dbd1afe45e0c8fee4dcab89532f63798554980e503528,2025-02,South Yorkshire Police,South Yorkshire Police,-1.072748,53.535552,On or near Walstow Crescent,E01033259,Doncaster 014E,Violence and sexual offences,Unable to prosecute suspect,
e0ff945c40d910462e4d45f57a13fd2ff0c557b22b316865bd5371ed560d1862,2025-02,South Yorkshire Police,South Yorkshire Police,-1.064787,53.540083,On or near Markham Avenue,E01033260,Doncaster 014F,Drugs,Unable to prosecute suspect,
90e800cadfef61c3426a38c4f875753255c26316e1999109f4e9c2a30989fe64,2025-02,South Yorkshire Police,South Yorkshire Police,-1.064787,53.540083,On or near Markham Avenue,E01033260,Doncaster 014F,Drugs,Unable to prosecute suspect,
4dcdcbe5b655c93dc1e6f6e995065a029c6c69ce142926160bcc7eda0cdadfcd,2025-02,South Yorkshire Police,South Yorkshire Police,-1.064787,53.540083,On or near Markham Avenue,E01033260,Doncaster 014F,Drugs,Unable to prosecute suspect,
776b63ac6902c7b63c58653c8362826e7c00a3d99383aace98f49b352d587825,2025-02,South Yorkshire Police,South Yorkshire Police,-1.062080,53.540341,On or near Elm Place,E01033260,Doncaster 014F,Public order,Investigation complete; no suspect identified,
4b172359374184dce9cca1d670be9a2c92f12febd150fa9d3da6b7b9bffda85d,2025-02,South Yorkshire Police,South Yorkshire Police,-1.062080,53.540341,On or near Elm Place,E01033260,Doncaster 014F,Public order,Unable to prosecute suspect,
e4c13833b456a09ce3932427503ee0f713dfa852c0cbfb74c819def5270183fd,2025-02,South Yorkshire Police,South Yorkshire Police,-1.069404,53.538025,On or near King Street,E01033260,Doncaster 014F,Shoplifting,Awaiting court outcome,
72722ba83652f4c5fb545cb028e8c45ea254066f4b7f18fc4c3c4007994c564f,2025-02,South Yorkshire Police,South Yorkshire Police,-1.069404,53.538025,On or near King Street,E01033260,Doncaster 014F,Shoplifting,Investigation complete; no suspect identified,
c011a9dd01261072586b145b2ec448f31a4f626a7bd135ed9931e50cec3028ec,2025-02,South Yorkshire Police,South Yorkshire Police,-1.071544,53.536756,On or near Harris Road,E01033260,Doncaster 014F,Vehicle crime,Investigation complete; no suspect identified,
18b5f083baa09ee8bcde92cab7b15ec5abb20dd3d931f87fc3c414e886e76fd8,2025-02,South Yorkshire Police,South Yorkshire Police,-1.070256,53.536333,On or near Sargeson Road,E01033260,Doncaster 014F,Violence and sexual offences,Unable to prosecute suspect,
051dfea1bee5cfe0a74decc582bae55a7aa4a70cdc154a415cbc8fc800f5858d,2025-02,South Yorkshire Police,South Yorkshire Police,-1.096127,53.538751,On or near Chestnut Avenue,E01007570,Doncaster 015A,Criminal damage and arson,Unable to prosecute suspect,
8cddb60b1d4ec47e9859b1933aced93b888ae496822d055c0c508bab610ea9ed,2025-02,South Yorkshire Police,South Yorkshire Police,-1.096127,53.538751,On or near Chestnut Avenue,E01007570,Doncaster 015A,Criminal damage and arson,Local resolution,
b06eadd7bebabf3dc4c9a83e4197b0db77cee3ce7f7d10d9b33b9d18bd51f3b6,2025-02,South Yorkshire Police,South Yorkshire Police,-1.096127,53.538751,On or near Chestnut Avenue,E01007570,Doncaster 015A,Violence and sexual offences,Local resolution,
5a3112d288e9d5037052be9e26742bfc1201d93f4ccdec4bc3cc2f423462ba66,2025-02,South Yorkshire Police,South Yorkshire Police,-1.098943,53.537595,On or near Crossways South,E01007570,Doncaster 015A,Violence and sexual offences,Awaiting court outcome,
b55ba9b07ebcdb5cdb0390375239580ef6a16e65452c5e69728afa45f17d0fdc,2025-02,South Yorkshire Police,South Yorkshire Police,-1.096127,53.538751,On or near Chestnut Avenue,E01007570,Doncaster 015A,Other crime,Unable to prosecute suspect,
04278bdac2c8cc14fc531000176e94eea4f9b66f7c081104fc8246e9d650caf1,2025-02,South Yorkshire Police,South Yorkshire Police,-1.096127,53.538751,On or near Chestnut Avenue,E01007570,Doncaster 015A,Other crime,Unable to prosecute suspect,
,2025-02,South Yorkshire Police,South Yorkshire Police,-1.091594,53.536928,On or near Fernhurst Road,E01007650,Doncaster 015B,Anti-social behaviour,,
5836f9f007e40f20a5218f7142593ed5f02f45d63140293f7fe534f13ac0bc5f,2025-02,South Yorkshire Police,South Yorkshire Police,-1.094255,53.539483,On or near Hill Top Crescent,E01007650,Doncaster 015B,Burglary,Investigation complete; no suspect identified,
0c29fb75fcf1027052469ff260ba164f93d31ca1fabdbd2cbd3a85ddd2511131,2025-02,South Yorkshire Police,South Yorkshire Police,-1.094555,53.540968,On or near Grove Vale,E01007650,Doncaster 015B,Criminal damage and arson,Investigation complete; no suspect identified,
22cfb7d05806f1cf94c06e73049953d2eaa02f111667feb66fa942f81b013e4c,2025-02,South Yorkshire Police,South Yorkshire Police,-1.094555,53.540968,On or near Grove Vale,E01007650,Doncaster 015B,Criminal damage and arson,Unable to prosecute suspect,
33864cdac8e30bcffabae8b872e766a7ca536a8e39577343297ebcdae902e69f,2025-02,South Yorkshire Police,South Yorkshire Police,-1.085275,53.542363,On or near Shaw Wood Way,E01007650,Doncaster 015B,Shoplifting,Awaiting court outcome,
d19206a095797b62f01ae39947ab1dee516da7f153e20d842b0b29e7217af685,2025-02,South Yorkshire Police,South Yorkshire Police,-1.085275,53.542363,On or near Shaw Wood Way,E01007650,Doncaster 015B,Shoplifting,Investigation complete; no suspect identified,
648b5bd7a5c75e736b4c8eb24af2ae2dd7a5327d5fe3cc1f9b9738d6a68475d0,2025-02,South Yorkshire Police,South Yorkshire Police,-1.085275,53.542363,On or near Shaw Wood Way,E01007650,Doncaster 015B,Shoplifting,Investigation complete; no suspect identified,
ac205319aa78e768c1b28fad334b957c060e21fa901a9c3bff565dd9e24d8fc5,2025-02,South Yorkshire Police,South Yorkshire Police,-1.085275,53.542363,On or near Shaw Wood Way,E01007650,Doncaster 015B,Shoplifting,Investigation complete; no suspect identified,
e40300e02597ad52724bcd3496b39b4743f110c50bfbd803b5365677327e8f7f,2025-02,South Yorkshire Police,South Yorkshire Police,-1.085275,53.542363,On or near Shaw Wood Way,E01007650,Doncaster 015B,Vehicle crime,Unable to prosecute suspect,
16129ac00e1786d0f7543637bc16abf58f90f41f62681a12cd1a2473b6945af8,2025-02,South Yorkshire Police,South Yorkshire Police,-1.085275,53.542363,On or near Shaw Wood Way,E01007650,Doncaster 015B,Vehicle crime,Unable to prosecute suspect,
db6c8f28d5ddd6279c8de02ddbb3323bb98e35c7001bc9708c315b1c5fb05240,2025-02,South Yorkshire Police,South Yorkshire Police,-1.091343,53.535245,On or near Danesthorpe Close,E01007650,Doncaster 015B,Violence and sexual offences,Unable to prosecute suspect,
269c1e9898b3d2cab0f6efcd3e4f0875c07b57ec3e03a3003cbbf14991458ca3,2025-02,South Yorkshire Police,South Yorkshire Police,-1.091343,53.535245,On or near Danesthorpe Close,E01007650,Doncaster 015B,Violence and sexual offences,Status update unavailable,
b9891840f18d595f5d2c4a5021b0316f0da7243b6ede5638a5f85092cc6a75cc,2025-02,South Yorkshire Police,South Yorkshire Police,-1.093389,53.537661,On or near Silver Jubilee Close,E01007650,Doncaster 015B,Violence and sexual offences,Unable to prosecute suspect,
00d3a5aa3b3cae9bd14fdc1e0c11001b0714680263b550a8fc558865ae3b11aa,2025-02,South Yorkshire Police,South Yorkshire Police,-1.094555,53.540968,On or near Grove Vale,E01007650,Doncaster 015B,Violence and sexual offences,Unable to prosecute suspect,
,2025-02,South Yorkshire Police,South Yorkshire Police,-1.116731,53.536946,On or near Southwell Road,E01007651,Doncaster 015C,Anti-social behaviour,,
,2025-02,South Yorkshire Police,South Yorkshire Police,-1.115400,53.537098,On or near Lincoln Road,E01007651,Doncaster 015C,Anti-social behaviour,,
,2025-02,South Yorkshire Police,South Yorkshire Police,-1.115400,53.537098,On or near Lincoln Road,E01007651,Doncaster 015C,Anti-social behaviour,,
,2025-02,South Yorkshire Police,South Yorkshire Police,-1.116731,53.536946,On or near Southwell Road,E01007651,Doncaster 015C,Anti-social behaviour,,
,2025-02,South Yorkshire Police,South Yorkshire Police,-1.115400,53.537098,On or near Lincoln Road,E01007651,Doncaster 015C,Anti-social behaviour,,
,2025-02,South Yorkshire Police,South Yorkshire Police,-1.113835,53.535459,On or near Supermarket,E01007651,Doncaster 015C,Anti-social behaviour,,
0130be02f461af97ed0850088d9924d3d0845876513fa7c063c882c0982835ac,2025-02,South Yorkshire Police,South Yorkshire Police,-1.113835,53.535459,On or near Supermarket,E01007651,Doncaster 015C,Burglary,Investigation complete; no suspect identified,
47ad84e4d3d455269d0335cabf2d7da6385ad841b58ad6bfd6685223bb5e08a9,2025-02,South Yorkshire Police,South Yorkshire Police,-1.114951,53.538371,On or near Lichfield Road,E01007651,Doncaster 015C,Drugs,Status update unavailable,
50fa7a9ef47093e1cd596c01e8527afb9f6b5c3c513f81163cabca376522b2bb,2025-02,South Yorkshire Police,South Yorkshire Police,-1.113236,53.537405,On or near Ripon Avenue,E01007651,Doncaster 015C,Other theft,Unable to prosecute suspect,
3fc2f5f9a2aee44eae37013d895ead006316e2c00610f30ae75893c1f01fe4b5,2025-02,South Yorkshire Police,South Yorkshire Police,-1.110938,53.540204,On or near Sports/Recreation Area,E01007651,Doncaster 015C,Shoplifting,Investigation complete; no suspect identified,
580cc8993e8c11be4b4cd3b3b825f50851f863ac772bea01c911e7e2437797ce,2025-02,South Yorkshire Police,South Yorkshire Police,-1.113835,53.535459,On or near Supermarket,E01007651,Doncaster 015C,Shoplifting,Investigation complete; no suspect identified,
b019736f4095cd3c2cab080655bddd4e902896cd605d086e05badb91a2aae437,2025-02,South Yorkshire Police,South Yorkshire Police,-1.113835,53.535459,On or near Supermarket,E01007651,Doncaster 015C,Violence and sexual offences,Unable to prosecute suspect,
e22709156d4a882b2d2c2de0d7e9a7f59021730f5d58af27b50723b864bf1f57,2025-02,South Yorkshire Police,South Yorkshire Police,-1.114951,53.538371,On or near Lichfield Road,E01007651,Doncaster 015C,Violence and sexual offences,Unable to prosecute suspect,
25997472f60d619e01f49e9530e99aa80c065c4239b4134b179458a4a836a927,2025-02,South Yorkshire Police,South Yorkshire Police,-1.111391,53.534021,On or near Chelmsford Drive,E01007651,Doncaster 015C,Violence and sexual offences,Unable to prosecute suspect,
7965a2b5f57e8780e5e7ffe2e72bc77313faf4589039b38da0d8d0b679b52496,2025-02,South Yorkshire Police,South Yorkshire Police,-1.110938,53.540204,On or near Sports/Recreation Area,E01007651,Doncaster 015C,Violence and sexual offences,Offender given a caution,
e02062a4a634d6c79ed37c08cd5e8828f74483466b0920c4021787eab125439d,2025-02,South Yorkshire Police,South Yorkshire Police,-1.113236,53.537405,On or near Ripon Avenue,E01007651,Doncaster 015C,Violence and sexual offences,Unable to prosecute suspect,
2e9c7a47ca71ae29a69e3d86b5c539aba6e333f31417f31267850ee75d7c938e,2025-02,South Yorkshire Police,South Yorkshire Police,-1.113236,53.537405,On or near Ripon Avenue,E01007651,Doncaster 015C,Violence and sexual offences,Unable to prosecute suspect,
48f4b14c583db1d73ed35da2d26c8e96591192cbe13d648f310cbb64ac4b131d,2025-02,South Yorkshire Police,South Yorkshire Police,-1.110078,53.534739,On or near Beverley Road,E01007651,Doncaster 015C,Other crime,Awaiting court outcome,
,2025-02,South Yorkshire Police,South Yorkshire Police,-1.102438,53.542045,On or near Supermarket,E01007652,Doncaster 015D,Anti-social behaviour,,
,2025-02,South Yorkshire Police,South Yorkshire Police,-1.111313,53.541355,On or near Yarborough Drive,E01007652,Doncaster 015D,Anti-social behaviour,,
,2025-02,South Yorkshire Police,South Yorkshire Police,-1.119721,53.538280,On or near Spinners Road,E01007652,Doncaster 015D,Anti-social behaviour,,
,2025-02,South Yorkshire Police,South Yorkshire Police,-1.102438,53.542045,On or near Supermarket,E01007652,Doncaster 015D,Anti-social behaviour,,
,2025-02,South Yorkshire Police,South Yorkshire Police,-1.107208,53.536318,On or near Bristol Grove,E01007652,Doncaster 015D,Anti-social behaviour,,
881c3096727f2ef71d512f727b6c9ce84e9c3af79dc390de141cf456563841a5,2025-02,South Yorkshire Police,South Yorkshire Police,-1.109411,53.538500,On or near Fossard Close,E01007652,Doncaster 015D,Drugs,Investigation complete; no suspect identified,
2e2d2b0473a9ff6a145b7981456125c295cf265a0e3274f8dbae8f024b29e22b,2025-02,South Yorkshire Police,South Yorkshire Police,-1.102438,53.542045,On or near Supermarket,E01007652,Doncaster 015D,Public order,Unable to prosecute suspect,
2ad4e656936730b90ce3326ef53859849e5ccbe8c1dd14e5cddde4b714bfa822,2025-02,South Yorkshire Police,South Yorkshire Police,-1.099779,53.540837,On or near Guildford Road,E01007652,Doncaster 015D,Public order,Investigation complete; no suspect identified,
f03e8787252fd42c463e94ec4e0efed0065dbb91fd3d60caf615bfb51c9afbba,2025-02,South Yorkshire Police,South Yorkshire Police,-1.107529,53.541174,On or near Milestone Drive,E01007652,Doncaster 015D,Public order,Investigation complete; no suspect identified,
eb8a48eeb87f18fc2a8c94cac9b38e3f8db0a883ee166f29fd94a025b89ce4f2,2025-02,South Yorkshire Police,South Yorkshire Police,-1.102438,53.542045,On or near Supermarket,E01007652,Doncaster 015D,Public order,Investigation complete; no suspect identified,
7b36fd3c057ca4fff3b4e0a6568fa915458e9440a2e04ae9bdfbe8dab2c93563,2025-02,South Yorkshire Police,South Yorkshire Police,-1.102438,53.542045,On or near Supermarket,E01007652,Doncaster 015D,Public order,Investigation complete; no suspect identified,
d737adbf86ba9edb09e1148e22af100ad50bbd6d29c246e1c5e45d513a8f2a72,2025-02,South Yorkshire Police,South Yorkshire Police,-1.102438,53.542045,On or near Supermarket,E01007652,Doncaster 015D,Public order,Unable to prosecute suspect,
7b52c4adef267ff2e1bd8ac8a8c35d4326b4f69142f62a8121ce44600c9f43be,2025-02,South Yorkshire Police,South Yorkshire Police,-1.102438,53.542045,On or near Supermarket,E01007652,Doncaster 015D,Shoplifting,Awaiting court outcome,
793dd81fa0bc93658985f7f2088b05853d8e694f7e47878a91f588fa5418a8e3,2025-02,South Yorkshire Police,South Yorkshire Police,-1.107529,53.541174,On or near Milestone Drive,E01007652,Doncaster 015D,Shoplifting,Investigation complete; no suspect identified,
d40cb401724e9a6071b1e7f4ff3ee65445727a8e939f2ee46ad7497fbdb9f8fa,2025-02,South Yorkshire Police,South Yorkshire Police,-1.099597,53.543226,On or near Shopping Area,E01007652,Doncaster 015D,Shoplifting,Investigation complete; no suspect identified,
8bb643ae355f65047347745892906377ee3cd5e9c49db26e4fae8e5e988d77af,2025-02,South Yorkshire Police,South Yorkshire Police,-1.099597,53.543226,On or near Shopping Area,E01007652,Doncaster 015D,Shoplifting,Awaiting court outcome,
620d06357832b85a24014583958f54a235bbb0c53bb8bd8742777f6bfb850399,2025-02,South Yorkshire Police,South Yorkshire Police,-1.107529,53.541174,On or near Milestone Drive,E01007652,Doncaster 015D,Shoplifting,Investigation complete; no suspect identified,
63eb325e7569aa649cbd77bbe1da1d996d8f2a2fcb50dbd60f98f9613bb4db8a,2025-02,South Yorkshire Police,South Yorkshire Police,-1.102438,53.542045,On or near Supermarket,E01007652,Doncaster 015D,Shoplifting,Investigation complete; no suspect identified,
a18e04c983e2f0bda3bddd664e59480255dceaf19122fa1d7dcaf32c1ad5b835,2025-02,South Yorkshire Police,South Yorkshire Police,-1.107529,53.541174,On or near Milestone Drive,E01007652,Doncaster 015D,Shoplifting,Unable to prosecute suspect,
e0b2898ac21c0e78db3e84243a7824e9f01ca25abcd26a71ffa2e73549ceaee0,2025-02,South Yorkshire Police,South Yorkshire Police,-1.099597,53.543226,On or near Shopping Area,E01007652,Doncaster 015D,Shoplifting,Awaiting court outcome,
ae6001d216ec8650f0aeeb0d5f9972883496cd824d1b5b379f0b2e952e143427,2025-02,South Yorkshire Police,South Yorkshire Police,-1.102438,53.542045,On or near Supermarket,E01007652,Doncaster 015D,Shoplifting,Investigation complete; no suspect identified,
11803dd178f6c9992c59ef871f867f714c9413fe9758e9aa4c6b9ccd14b4205c,2025-02,South Yorkshire Police,South Yorkshire Police,-1.099597,53.543226,On or near Shopping Area,E01007652,Doncaster 015D,Shoplifting,Awaiting court outcome,
6cda6f2f7670e2ac32756063acd6b7adc9197597491a5ceb355aa30dc2fdfb42,2025-02,South Yorkshire Police,South Yorkshire Police,-1.107529,53.541174,On or near Milestone Drive,E01007652,Doncaster 015D,Shoplifting,Investigation complete; no suspect identified,
287ef0db946d7de8b14c060b673b2137a7f61c63116e004f352e2a86d2b6caa0,2025-02,South Yorkshire Police,South Yorkshire Police,-1.099597,53.543226,On or near Shopping Area,E01007652,Doncaster 015D,Shoplifting,Investigation complete; no suspect identified,
1737e043f0ea6a940aab8b7a5eb90ee4b3f79982fd62b2320ecba955af6b6890,2025-02,South Yorkshire Police,South Yorkshire Police,-1.102438,53.542045,On or near Supermarket,E01007652,Doncaster 015D,Shoplifting,Awaiting court outcome,
d9e0949ff44e70c9e83b42a6ce7961a57721b79123789114b0f26865c04db652,2025-02,South Yorkshire Police,South Yorkshire Police,-1.099597,53.543226,On or near Shopping Area,E01007652,Doncaster 015D,Shoplifting,Investigation complete; no suspect identified,
4d3dcae29f0b133890cc47ab71a0dabbf16837da17f43c28137f09b11e67a8ce,2025-02,South Yorkshire Police,South Yorkshire Police,-1.102438,53.542045,On or near Supermarket,E01007652,Doncaster 015D,Shoplifting,Investigation complete; no suspect identified,
0cfb051bd07d69b3d399a949e447408628e6a895ceb5e0a86ee671eacf068220,2025-02,South Yorkshire Police,South Yorkshire Police,-1.102438,53.542045,On or near Supermarket,E01007652,Doncaster 015D,Shoplifting,Awaiting court outcome,
d6ef5ea142f1210bcf6ed7933e4ce81e00bc4623dd1d9f78182d8174eb26856a,2025-02,South Yorkshire Police,South Yorkshire Police,-1.102438,53.542045,On or near Supermarket,E01007652,Doncaster 015D,Shoplifting,Awaiting court outcome,
b3682e02a132889f6701c2b5a89773bc80966f38604d66b910e1ef940ec5ac38,2025-02,South Yorkshire Police,South Yorkshire Police,-1.099597,53.543226,On or near Shopping Area,E01007652,Doncaster 015D,Shoplifting,Awaiting court outcome,
3d2187765d2f091e96e5823037ceacc74d53691a77a4a178023efe7ee779ae30,2025-02,South Yorkshire Police,South Yorkshire Police,-1.102438,53.542045,On or near Supermarket,E01007652,Doncaster 015D,Shoplifting,Investigation complete; no suspect identified,
3db6967346b62a65ad8b9e17a6ef415753e032f3457a33e456abf2c29273093c,2025-02,South Yorkshire Police,South Yorkshire Police,-1.099597,53.543226,On or near Shopping Area,E01007652,Doncaster 015D,Shoplifting,Investigation complete; no suspect identified,
33f13de84b6c4099aa6e019379e623a788cc0038aad9525ed96c6f7410668016,2025-02,South Yorkshire Police,South Yorkshire Police,-1.107208,53.536318,On or near Bristol Grove,E01007652,Doncaster 015D,Violence and sexual offences,Unable to prosecute suspect,
e8720be44159adc3330d584f125d296ffee04f6fe906c4e257d64b8937198b55,2025-02,South Yorkshire Police,South Yorkshire Police,-1.111028,53.537658,On or near Parkway North,E01007652,Doncaster 015D,Violence and sexual offences,Unable to prosecute suspect,
34d3ad7226789aec416262993259c38fef46ecd818255ed7164a7bc5189d6fd7,2025-02,South Yorkshire Police,South Yorkshire Police,-1.104937,53.538844,On or near Heron Court,E01007652,Doncaster 015D,Violence and sexual offences,Unable to prosecute suspect,
6f831bd6dd86aa0ffc815425994b9cbf8822ceb450ddd95b3b723d5b4d2b2ce9,2025-02,South Yorkshire Police,South Yorkshire Police,-1.107208,53.536318,On or near Bristol Grove,E01007652,Doncaster 015D,Violence and sexual offences,Unable to prosecute suspect,
2fa9f0ef377fc880fc92a11023f41bc671ff637e01d4c791aa19d5716b9f339f,2025-02,South Yorkshire Police,South Yorkshire Police,-1.107208,53.536318,On or near Bristol Grove,E01007652,Doncaster 015D,Violence and sexual offences,Unable to prosecute suspect,
77b2d66492a178d22463161db5a37a33f67a0cfad02fd064abce5666a3f9bb8c,2025-02,South Yorkshire Police,South Yorkshire Police,-1.111028,53.537658,On or near Parkway North,E01007652,Doncaster 015D,Violence and sexual offences,Unable to prosecute suspect,
dacef02fe5791ac1ce5ca5d7018a7bd1a02e5dde0d3f2e09751a2bacd793c01e,2025-02,South Yorkshire Police,South Yorkshire Police,-1.111313,53.541355,On or near Yarborough Drive,E01007652,Doncaster 015D,Violence and sexual offences,Unable to prosecute suspect,
89866d1303ddace0963ced804d4d0a915e2d8d78a0859dc34258e1ef0fbb621a,2025-02,South Yorkshire Police,South Yorkshire Police,-1.102438,53.542045,On or near Supermarket,E01007652,Doncaster 015D,Violence and sexual offences,Unable to prosecute suspect,
cd42910f34debf003d481f54516da4d5f5b83a8c5921e3437be89a0faa68623c,2025-02,South Yorkshire Police,South Yorkshire Police,-1.100818,53.539524,On or near Coventry Grove,E01007652,Doncaster 015D,Violence and sexual offences,Investigation complete; no suspect identified,
3c02dd655f18a95f39ad91ea0236edbd71316629f07cdf2a1263bf01aeadc800,2025-02,South Yorkshire Police,South Yorkshire Police,-1.102438,53.542045,On or near Supermarket,E01007652,Doncaster 015D,Other crime,Investigation complete; no suspect identified,
51ddebf99f61863aeeabd2b6e2d896bf3ff7cc6bc02bebbb8c10cdaef1ef462d,2025-02,South Yorkshire Police,South Yorkshire Police,-1.116396,53.534193,On or near Beckett Road,E01007653,Doncaster 015E,Robbery,Investigation complete; no suspect identified,
29019c5d1978229698f815cd89b55ec4625feca54235597c0ee24427496c0b5a,2025-02,South Yorkshire Police,South Yorkshire Police,-1.115483,53.535300,On or near Harrowden Road,E01007653,Doncaster 015E,Vehicle crime,Unable to prosecute suspect,
f2591eb9cf411968a3353cf344a6b025d92609fb805f5df138e26721a24b546b,2025-02,South Yorkshire Police,South Yorkshire Police,-1.118482,53.534747,On or near Dundas Road,E01007653,Doncaster 015E,Vehicle crime,Investigation complete; no suspect identified,
,2025-02,South Yorkshire Police,South Yorkshire Police,-1.085419,53.553879,On or near Thorn Lane,E01007656,Doncaster 015F,Anti-social behaviour,,
,2025-02,South Yorkshire Police,South Yorkshire Police,-1.079724,53.545736,On or near Shopping Area,E01007656,Doncaster 015F,Anti-social behaviour,,
,2025-02,South Yorkshire Police,South Yorkshire Police,-1.091724,53.546358,On or near Derby Road,E01007656,Doncaster 015F,Anti-social behaviour,,
,2025-02,South Yorkshire Police,South Yorkshire Police,-1.085106,53.549508,On or near Shackleton Road,E01007656,Doncaster 015F,Anti-social behaviour,,
,2025-02,South Yorkshire Police,South Yorkshire Police,-1.089801,53.548753,On or near Merchants Way,E01007656,Doncaster 015F,Anti-social behaviour,,
49d2cc28a88f97e60a2fd62f1279fd26052ffe8f5ab342a31b819c07dcacd6a6,2025-02,South Yorkshire Police,South Yorkshire Police,-1.096404,53.542726,On or near Carlisle Road,E01007656,Doncaster 015F,Burglary,Investigation complete; no suspect identified,
f0e9b7b144a59356c91948af85c7e86812645adb98cf050d9aaf9d15ae3f4bc6,2025-02,South Yorkshire Police,South Yorkshire Police,-1.091558,53.547768,On or near Petrol Station,E01007656,Doncaster 015F,Criminal damage and arson,Investigation complete; no suspect identified,
814f76603223ff61bf322ef9c2478543c0dca1213c78ce96f5e1a508ab14d860,2025-02,South Yorkshire Police,South Yorkshire Police,-1.079724,53.545736,On or near Shopping Area,E01007656,Doncaster 015F,Criminal damage and arson,Investigation complete; no suspect identified,
2dabf96bc135c1b44a9e56baf5db4d7aef6226005b616e01aab8d6c84e472268,2025-02,South Yorkshire Police,South Yorkshire Police,-1.091558,53.547768,On or near Petrol Station,E01007656,Doncaster 015F,Other theft,Investigation complete; no suspect identified,
66cae54155859ea40472c187d8787111873579869a941ae71d14e7893507ff0a,2025-02,South Yorkshire Police,South Yorkshire Police,-1.091558,53.547768,On or near Petrol Station,E01007656,Doncaster 015F,Other theft,Investigation complete; no suspect identified,
6f5b2c162ba4372ce566ecbe7027299578deee752d8a79150e29594064d7abe1,2025-02,South Yorkshire Police,South Yorkshire Police,-1.096404,53.542726,On or near Carlisle Road,E01007656,Doncaster 015F,Other theft,Investigation complete; no suspect identified,
98501d1f1176e502e19b00bc0f724799e3e0580af4497c3ec3b4a5b8abeab8f7,2025-02,South Yorkshire Police,South Yorkshire Police,-1.091558,53.547768,On or near Petrol Station,E01007656,Doncaster 015F,Other theft,Investigation complete; no suspect identified,
e7a16ef6f4a4b5da9d2872ab3747128f8df12f3c28215b55a10ec360e3e188f7,2025-02,South Yorkshire Police,South Yorkshire Police,-1.088157,53.543796,On or near Parking Area,E01007656,Doncaster 015F,Public order,Investigation complete; no suspect identified,
45d86a0dcfc581e454ef68cdce20c3d2c17ae9abfaaf6af6d195be7b76c6ef41,2025-02,South Yorkshire Police,South Yorkshire Police,-1.082593,53.544266,On or near Ogden Road,E01007656,Doncaster 015F,Public order,Investigation complete; no suspect identified,
1ebf6931a95ecfd5f17f3c17c74b4463e769e9fc8446da477ad61196909cb96f,2025-02,South Yorkshire Police,South Yorkshire Police,-1.089801,53.548753,On or near Merchants Way,E01007656,Doncaster 015F,Vehicle crime,Investigation complete; no suspect identified,
3cdf6fd19813effef0ccc5042f5017bbb6df632e4b1c139df866d6b689a9e202,2025-02,South Yorkshire Police,South Yorkshire Police,-1.091724,53.546358,On or near Derby Road,E01007656,Doncaster 015F,Vehicle crime,Investigation complete; no suspect identified,
645161525c98287c8b383d1aa6ae0ca6d8bae4506382c464c57456ec10edb718,2025-02,South Yorkshire Police,South Yorkshire Police,-1.091724,53.546358,On or near Derby Road,E01007656,Doncaster 015F,Vehicle crime,Investigation complete; no suspect identified,
ea5c1791cf4d3aa43480df71d926bce630c3c0a625730f94dec542f0596acffd,2025-02,South Yorkshire Police,South Yorkshire Police,-1.082243,53.549270,On or near Wilberforce Road,E01007656,Doncaster 015F,Violence and sexual offences,Unable to prosecute suspect,
618ec666fe48017e24584a162bac5e6ece22f77534c335ff0205165b83f649c9,2025-02,South Yorkshire Police,South Yorkshire Police,-1.096404,53.542726,On or near Carlisle Road,E01007656,Doncaster 015F,Violence and sexual offences,Unable to prosecute suspect,
3e273dd85a16c4931202dcb501bbbb2c5ef3c268ba048b7b854ce2ce09c8b7be,2025-02,South Yorkshire Police,South Yorkshire Police,-1.084833,53.548885,On or near Livingstone Avenue,E01007656,Doncaster 015F,Other crime,Investigation complete; no suspect identified,
ced69eaef6ff5cb004dbf09fceab1c7a153af6041fced9d1a6c8eb4fe6276dc4,2025-02,South Yorkshire Police,South Yorkshire Police,-1.162148,53.533155,On or near Perran Grove,E01007581,Doncaster 016A,Violence and sexual offences,Unable to prosecute suspect,
4cac0cc083be6ed6eec46b3ffbdbbfaba7357ab7d34a340950fd5baac2f18ad2,2025-02,South Yorkshire Police,South Yorkshire Police,-1.161958,53.532058,On or near Clearwell Croft,E01007581,Doncaster 016A,Violence and sexual offences,Unable to prosecute suspect,
59ff907f078e8d66b6732404b4423880ce2d4f60d98cab016e16042235c97d65,2025-02,South Yorkshire Police,South Yorkshire Police,-1.163437,53.531268,On or near Fernlea Close,E01007581,Doncaster 016A,Violence and sexual offences,Investigation complete; no suspect identified,
b738b1e3c361415445f6cc259ee945a2f593f9e72124e29e7b890eaee92ce3b5,2025-02,South Yorkshire Police,South Yorkshire Police,-1.162031,53.536004,On or near Watch House Lane,E01007582,Doncaster 016B,Other theft,Investigation complete; no suspect identified,
0a2b455049e5101c785df385557e6125dd44290807a42ff315e3f7de572ad156,2025-02,South Yorkshire Police,South Yorkshire Police,-1.167971,53.536279,On or near Windsor Walk,E01007582,Doncaster 016B,Shoplifting,Investigation complete; no suspect identified,
089016bc7788edcf09ec3a6d84101cc28ba9fd648c580a6fb1ba71847803171e,2025-02,South Yorkshire Police,South Yorkshire Police,-1.170994,53.534440,On or near Winchester Way,E01007582,Doncaster 016B,Violence and sexual offences,Unable to prosecute suspect,
5894fbd9391afcfbb69bbd9e01a5daa72293705a4b3d6c75ee3bc854a0e218a8,2025-02,South Yorkshire Police,South Yorkshire Police,-1.162031,53.536004,On or near Watch House Lane,E01007582,Doncaster 016B,Violence and sexual offences,Unable to prosecute suspect,
743a235371a2557b1be1c616e5e8afe2cbb304d2eb4d79ccf6a8e094f9c91dc7,2025-02,South Yorkshire Police,South Yorkshire Police,-1.162031,53.536004,On or near Watch House Lane,E01007582,Doncaster 016B,Violence and sexual offences,Offender given a caution,
,2025-02,South Yorkshire Police,South Yorkshire Police,-1.176568,53.539530,On or near Rosedale Road,E01007588,Doncaster 016C,Anti-social behaviour,,
929957cb3deb3633953138b94a34426d6762e28d7bd27f80f4dace2879fdf0a1,2025-02,South Yorkshire Police,South Yorkshire Police,-1.193898,53.540780,On or near Parking Area,E01007588,Doncaster 016C,Public order,Unable to prosecute suspect,
0e639a007967809ae4a14abe08793b5c2af8b92f4f2284828d5dfc510a6198f2,2025-02,South Yorkshire Police,South Yorkshire Police,-1.177737,53.536823,On or near Bewicke Avenue,E01007588,Doncaster 016C,Public order,Awaiting court outcome,
6ed4122cbc2d2a87fa1dfb747bcefa1cb9abfd4db2db7d5d6da71609f353d32f,2025-02,South Yorkshire Police,South Yorkshire Police,-1.193898,53.540780,On or near Parking Area,E01007588,Doncaster 016C,Public order,Action to be taken by another organisation,
1bd7bad04f3a9e46bafbfc36031d2c390d6b21c77e5a4a19e368585c0e1a034a,2025-02,South Yorkshire Police,South Yorkshire Police,-1.182033,53.539396,On or near Parking Area,E01007588,Doncaster 016C,Public order,Action to be taken by another organisation,
83edefaf75a4c46bda165bbd7f8be6d2b5e7e6d0f03fbdb10cb790fbfc23df70,2025-02,South Yorkshire Police,South Yorkshire Police,-1.193898,53.540780,On or near Parking Area,E01007588,Doncaster 016C,Public order,Unable to prosecute suspect,
a06529b2d51c3490aa271e7df03184d55d0c1229bd2e2f7600da7aacd09077b4,2025-02,South Yorkshire Police,South Yorkshire Police,-1.193898,53.540780,On or near Parking Area,E01007588,Doncaster 016C,Public order,Unable to prosecute suspect,
bc3999c38a6a1caae70df68625e5ae6e727f6e893d1bb939b5f1e35043421df9,2025-02,South Yorkshire Police,South Yorkshire Police,-1.193898,53.540780,On or near Parking Area,E01007588,Doncaster 016C,Public order,Unable to prosecute suspect,
079d19a2961f10f636b4b6eb74bcdf00eb136adacd741058efe4993378e3a4fd,2025-02,South Yorkshire Police,South Yorkshire Police,-1.193898,53.540780,On or near Parking Area,E01007588,Doncaster 016C,Vehicle crime,Investigation complete; no suspect identified,
9510a1e694e7aaa5746cb0cc4d5683aa12f58feb0b5960ee2ab293a1a2f8711c,2025-02,South Yorkshire Police,South Yorkshire Police,-1.172380,53.539968,On or near Malton Road,E01007588,Doncaster 016C,Violence and sexual offences,Unable to prosecute suspect,
6b6a570419f3c3e1e6af19ec1cc73e73986a883a462278f08c9017a79a55989d,2025-02,South Yorkshire Police,South Yorkshire Police,-1.182033,53.539396,On or near Parking Area,E01007588,Doncaster 016C,Violence and sexual offences,Unable to prosecute suspect,
35cbf523f9aa9e97e9cf8b0f218f46766e088bb7966ea017614a26e396369758,2025-02,South Yorkshire Police,South Yorkshire Police,-1.169717,53.538763,On or near Lower Malton Road,E01007588,Doncaster 016C,Violence and sexual offences,Unable to prosecute suspect,
6327344e69687aa9cc601bb36c88b46f5004377b070d3c830a6fbf72061d7fa0,2025-02,South Yorkshire Police,South Yorkshire Police,-1.182033,53.539396,On or near Parking Area,E01007588,Doncaster 016C,Violence and sexual offences,Unable to prosecute suspect,
b8192aef063dac5c2183c038a6273d4581375b0c1b469fde044ac4c18cdb10a0,2025-02,South Yorkshire Police,South Yorkshire Police,-1.182033,53.539396,On or near Parking Area,E01007588,Doncaster 016C,Violence and sexual offences,Unable to prosecute suspect,
2dcb2c3127d7c99fed41d521b533b644329ea14c6c2730f57f66d618d6cfcece,2025-02,South Yorkshire Police,South Yorkshire Police,-1.182033,53.539396,On or near Parking Area,E01007588,Doncaster 016C,Violence and sexual offences,Local resolution,
5edf5d2708d1c5d298eb218156a05fa7a95a88446317ab6b72e7b9c076dea94e,2025-02,South Yorkshire Police,South Yorkshire Police,-1.182033,53.539396,On or near Parking Area,E01007588,Doncaster 016C,Violence and sexual offences,Local resolution,
2733027144941fb82c928e1b0911f13ed4948f75a95bf9d2b38b1c98a4b81686,2025-02,South Yorkshire Police,South Yorkshire Police,-1.182033,53.539396,On or near Parking Area,E01007588,Doncaster 016C,Violence and sexual offences,Unable to prosecute suspect,
,2025-02,South Yorkshire Police,South Yorkshire Police,-1.173782,53.537713,On or near Kenilworth Close,E01007589,Doncaster 016D,Anti-social behaviour,,
,2025-02,South Yorkshire Police,South Yorkshire Police,-1.172428,53.537488,On or near Rotherwood Close,E01007589,Doncaster 016D,Anti-social behaviour,,
dd48f2592e049cf2bcdbcbb4183615c47f486c6de2279b868fc40baddab4bc9d,2025-02,South Yorkshire Police,South Yorkshire Police,-1.169052,53.531882,On or near Ranworth Close,E01007589,Doncaster 016D,Public order,Unable to prosecute suspect,
73cf1f823f5a331704d11d87d4d28309d5492c1ee19c5e76d9eb595518bde2a4,2025-02,South Yorkshire Police,South Yorkshire Police,-1.169052,53.531882,On or near Ranworth Close,E01007589,Doncaster 016D,Public order,Unable to prosecute suspect,
45715949c2ca354e03b575ac4d44b575896f5de7a0ab4c948ea1d1c024aeda33,2025-02,South Yorkshire Police,South Yorkshire Police,-1.176987,53.538166,On or near Marvell Road,E01007589,Doncaster 016D,Violence and sexual offences,Unable to prosecute suspect,
eeb1cbebead434eb7c19de42db986d344447fea17ca97493fde7dcafe17c1d94,2025-02,South Yorkshire Police,South Yorkshire Police,-1.052894,53.533401,On or near Pittam Close,E01007483,Doncaster 017A,Public order,Investigation complete; no suspect identified,
098a636c9cee19c0be8bad8fdf308491928eb16a3ce8453cffdafdd2a382b11f,2025-02,South Yorkshire Police,South Yorkshire Police,-1.059670,53.529904,On or near Brampton Close,E01007483,Doncaster 017A,Violence and sexual offences,Unable to prosecute suspect,
b4953c8dcec2d5706189b1d8a76fec0246825127e123dd948df7afda9d0825f4,2025-02,South Yorkshire Police,South Yorkshire Police,-1.062410,53.531561,On or near Southmoor Lane,E01007483,Doncaster 017A,Violence and sexual offences,Unable to prosecute suspect,
285e17b9d2e04b3f6cca9afc1a4a4b7fe7ed19a96978a9a8229d08348128123e,2025-02,South Yorkshire Police,South Yorkshire Police,-1.062410,53.531561,On or near Southmoor Lane,E01007483,Doncaster 017A,Violence and sexual offences,Status update unavailable,
17a891dc8d95fd05ce1b8ff630984ac746935a45b9e3c79eeb5c3e5c2f8b2a94,2025-02,South Yorkshire Police,South Yorkshire Police,-1.056421,53.531505,On or near Toftstead,E01007483,Doncaster 017A,Other crime,Unable to prosecute suspect,
84e8349f47e79285cf80cce3458bab47e2f097dd5ab193ebf08f21cc28a6c6e1,2025-02,South Yorkshire Police,South Yorkshire Police,-1.048334,53.534929,On or near Ruskin Drive,E01007484,Doncaster 017B,Burglary,Investigation complete; no suspect identified,
c2bcb6c3dacef7944168a634505f1d0c279b97a9e7431ac23778c92539136df8,2025-02,South Yorkshire Police,South Yorkshire Police,-1.048944,53.537298,On or near Uplands Road,E01007484,Doncaster 017B,Criminal damage and arson,Investigation complete; no suspect identified,
ae12f886e0fa7ede4c809b215b6cec2a00a83cf336271f3e1cef2e5f77d26bb7,2025-02,South Yorkshire Police,South Yorkshire Police,-1.048944,53.537298,On or near Uplands Road,E01007484,Doncaster 017B,Other theft,Investigation complete; no suspect identified,
0bf19415af5e98230826f7f5a4a1e4f5ae33eeaac4c6b6b7e4b82e11b097d34b,2025-02,South Yorkshire Police,South Yorkshire Police,-1.048944,53.537298,On or near Uplands Road,E01007484,Doncaster 017B,Theft from the person,Investigation complete; no suspect identified,
07c1b2ed3b92ad8a5d0c7d37e35471178e5956da598966723436dfd2a2536d38,2025-02,South Yorkshire Police,South Yorkshire Police,-1.048944,53.537298,On or near Uplands Road,E01007484,Doncaster 017B,Vehicle crime,Investigation complete; no suspect identified,
,2025-02,South Yorkshire Police,South Yorkshire Police,-1.039407,53.534669,On or near Yorkshire Way,E01007485,Doncaster 017C,Anti-social behaviour,,
,2025-02,South Yorkshire Police,South Yorkshire Police,-1.044419,53.528516,On or near Alder Holt Close,E01007485,Doncaster 017C,Anti-social behaviour,,
,2025-02,South Yorkshire Police,South Yorkshire Police,-1.041902,53.531111,On or near Butterill Drive,E01007485,Doncaster 017C,Anti-social behaviour,,
,2025-02,South Yorkshire Police,South Yorkshire Police,-1.045479,53.530367,On or near Harden Mews,E01007485,Doncaster 017C,Anti-social behaviour,,
,2025-02,South Yorkshire Police,South Yorkshire Police,-1.041902,53.531111,On or near Butterill Drive,E01007485,Doncaster 017C,Anti-social behaviour,,
,2025-02,South Yorkshire Police,South Yorkshire Police,-1.039407,53.534669,On or near Yorkshire Way,E01007485,Doncaster 017C,Anti-social behaviour,,
3678a999e4057e9ada0773812f1e23c8a5a11ecae039fa80c509cc73bd553603,2025-02,South Yorkshire Police,South Yorkshire Police,-1.048801,53.529539,On or near Ravenfield Road,E01007485,Doncaster 017C,Public order,Unable to prosecute suspect,
cc30001f7eb95bb90d1b9c67546824db1c5b65355f308a34cb783e57ac531e35,2025-02,South Yorkshire Police,South Yorkshire Police,-1.048801,53.529539,On or near Ravenfield Road,E01007485,Doncaster 017C,Violence and sexual offences,Unable to prosecute suspect,
07e10af3299ad31e12aa41bf81c9b84bf0214ab74e42b879667b463926a9d8be,2025-02,South Yorkshire Police,South Yorkshire Police,-1.048801,53.529539,On or near Ravenfield Road,E01007485,Doncaster 017C,Violence and sexual offences,Unable to prosecute suspect,
c9b9d845cf39e4a62dc2e3993f33fb2dd727f6813c0764865e652bb414582cc7,2025-02,South Yorkshire Police,South Yorkshire Police,-1.046570,53.532838,On or near Hornsby Road,E01007486,Doncaster 017D,Burglary,Investigation complete; no suspect identified,
48505b576bc67c73301fd7577afa6a17284f7d5a6610a8b6e85449ff750547b3,2025-02,South Yorkshire Police,South Yorkshire Police,-1.048098,53.532662,On or near The Crescent,E01007486,Doncaster 017D,Violence and sexual offences,Unable to prosecute suspect,
2cb336a79035ef79d91bc890c66f5aa0ede4097951413e33d0014fe26a9a5d78,2025-02,South Yorkshire Police,South Yorkshire Police,-1.099468,53.529914,On or near Devonshire Road,E01007564,Doncaster 018A,Public order,Investigation complete; no suspect identified,
febb84aacb2f8df886f8d0616fc6eaed0ef09f9f26048b7c06f8f36e7d2c920f,2025-02,South Yorkshire Police,South Yorkshire Police,-1.096612,53.527986,On or near Cumberland Avenue,E01007564,Doncaster 018A,Robbery,Unable to prosecute suspect,
a39ec6b1220629b48e53066fe7e1afb3a9b576900f07661b1c72d8b13f3d9ab7,2025-02,South Yorkshire Police,South Yorkshire Police,-1.096328,53.529306,On or near Windermere Avenue,E01007564,Doncaster 018A,Vehicle crime,Investigation complete; no suspect identified,
c23e4f7acb1d883578773b4179f87ce1e0fcb77fd1a5683995009e68c507b0c7,2025-02,South Yorkshire Police,South Yorkshire Police,-1.096519,53.533091,On or near Cornwall Road,E01007564,Doncaster 018A,Violence and sexual offences,Unable to prosecute suspect,
4ee4f8706c03b405d3103594e657466f7c59b3f8badc2669d15133b065ce0bb6,2025-02,South Yorkshire Police,South Yorkshire Police,-1.095361,53.530062,On or near Montrose Avenue,E01007564,Doncaster 018A,Violence and sexual offences,Investigation complete; no suspect identified,
,2025-02,South Yorkshire Police,South Yorkshire Police,-1.103896,53.534540,On or near Hillcrest Road,E01007565,Doncaster 018B,Anti-social behaviour,,
,2025-02,South Yorkshire Police,South Yorkshire Police,-1.109800,53.532184,On or near Lister Court,E01007565,Doncaster 018B,Anti-social behaviour,,
,2025-02,South Yorkshire Police,South Yorkshire Police,-1.103865,53.529578,On or near Kenmare Crescent,E01007565,Doncaster 018B,Anti-social behaviour,,
b27056d5ccf55f4f09f5fd7e2c0bb126cd1de325941960210449dcc2f09cfa43,2025-02,South Yorkshire Police,South Yorkshire Police,-1.109800,53.532184,On or near Lister Court,E01007565,Doncaster 018B,Burglary,Investigation complete; no suspect identified,
a0f9d65d2f0e7f0f1cf181ee61b189849f12ace381dbf435e3028b4dea6ee702,2025-02,South Yorkshire Police,South Yorkshire Police,-1.103750,53.531456,On or near Wicklow Road,E01007565,Doncaster 018B,Burglary,Investigation complete; no suspect identified,
440bc1ef1d6c89c4b82c8b15790c2dd92ad9a0ba6b5a133462034c523f0ebb7a,2025-02,South Yorkshire Police,South Yorkshire Police,-1.102882,53.531845,On or near Malton Road,E01007565,Doncaster 018B,Robbery,Investigation complete; no suspect identified,
12d42ed86d4d723dd023edfe3abdbbff3641d934932750b16060e654f3b4e544,2025-02,South Yorkshire Police,South Yorkshire Police,-1.101181,53.535922,On or near Adlard Road,E01007565,Doncaster 018B,Shoplifting,Awaiting court outcome,
d24bb7ab9a925c4151e7d84854fcc245bf03649b3cf9f937cae4446855381386,2025-02,South Yorkshire Police,South Yorkshire Police,-1.101181,53.535922,On or near Adlard Road,E01007565,Doncaster 018B,Shoplifting,Awaiting court outcome,
598f12d7c011ab1dbb0cac808692afdb9c25286dfca39c3add38ec6ae7d11424,2025-02,South Yorkshire Police,South Yorkshire Police,-1.101181,53.535922,On or near Adlard Road,E01007565,Doncaster 018B,Shoplifting,Awaiting court outcome,
a5f55a806ee862ccaf13f28a591a1061f316cd9ab28420232370fc1988a5a97e,2025-02,South Yorkshire Police,South Yorkshire Police,-1.101181,53.535922,On or near Adlard Road,E01007565,Doncaster 018B,Shoplifting,Awaiting court outcome,
165fdb234efab8cf063c6384de228e7c83f373bdaeeb259d66ac85b6766b7bd9,2025-02,South Yorkshire Police,South Yorkshire Police,-1.101181,53.535922,On or near Adlard Road,E01007565,Doncaster 018B,Shoplifting,Awaiting court outcome,
d8d49b4ed8fb899014ffc8cd12a815916f98511fcb8d39190815a154065a58c7,2025-02,South Yorkshire Police,South Yorkshire Police,-1.109800,53.532184,On or near Lister Court,E01007565,Doncaster 018B,Violence and sexual offences,Awaiting court outcome,
ec9444cf70e7cedf360bde6c0d1ea96c62fdd6a4350990f4dd3e88bdc188c082,2025-02,South Yorkshire Police,South Yorkshire Police,-1.102882,53.531845,On or near Malton Road,E01007565,Doncaster 018B,Violence and sexual offences,Unable to prosecute suspect,
dd326d7a9bc673560435ab13babe848a57de9efd152d63b30f14d7d1cc26c76d,2025-02,South Yorkshire Police,South Yorkshire Police,-1.100591,53.535306,On or near Clifton Crescent,E01007565,Doncaster 018B,Violence and sexual offences,Unable to prosecute suspect,
,2025-02,South Yorkshire Police,South Yorkshire Police,-1.091912,53.532607,On or near Cardigan Road,E01007566,Doncaster 018C,Anti-social behaviour,,
,2025-02,South Yorkshire Police,South Yorkshire Police,-1.090377,53.532460,On or near Bluefield Way,E01007566,Doncaster 018C,Anti-social behaviour,,
00f48dce7fffd5bbc514470a99775b425ee808d2c9ac4a39ebdd8cb94034b569,2025-02,South Yorkshire Police,South Yorkshire Police,-1.094396,53.533588,On or near Radnor Way,E01007566,Doncaster 018C,Burglary,Investigation complete; no suspect identified,
60a296ec8a3c8affcd178d5e90abff17b7637f41d750c2a6b0896d7e70032183,2025-02,South Yorkshire Police,South Yorkshire Police,-1.089828,53.531998,On or near Wembley Close,E01007566,Doncaster 018C,Criminal damage and arson,Investigation complete; no suspect identified,
2413a4fd4c8f1decf6c6cd4181e635475de8ea2b50bd858e6c385c3acef04888,2025-02,South Yorkshire Police,South Yorkshire Police,-1.088687,53.533850,On or near Huntingdon Road,E01007566,Doncaster 018C,Public order,Unable to prosecute suspect,
ff925ac7cb49a1005eed222efc077b5dcf624f212932ba3b50bf57ab31317951,2025-02,South Yorkshire Police,South Yorkshire Police,-1.087808,53.532621,On or near Atholl Crescent,E01007566,Doncaster 018C,Public order,Unable to prosecute suspect,
a21b7735ac7c84aedce95c1723b26a1fb1b7c48cd7fc7978d1ae95f3c4c6845d,2025-02,South Yorkshire Police,South Yorkshire Police,-1.088737,53.531549,On or near Lothian Road,E01007566,Doncaster 018C,Public order,Unable to prosecute suspect,
0fd1f1f1af3b05181ac8df101f69481c70ce4232584f29d3506c95c9138f62b2,2025-02,South Yorkshire Police,South Yorkshire Police,-1.088687,53.533850,On or near Huntingdon Road,E01007566,Doncaster 018C,Vehicle crime,Investigation complete; no suspect identified,
f428fb9e687d7afc0bbce118045a28d1d745fd9679b0c96621a78f1027f18579,2025-02,South Yorkshire Police,South Yorkshire Police,-1.093585,53.531280,On or near Marlow Close,E01007566,Doncaster 018C,Violence and sexual offences,Unable to prosecute suspect,
f77cb654bb4b908016532b51150856b64bc47441a9934123a15daacd88dccd17,2025-02,South Yorkshire Police,South Yorkshire Police,-1.093062,53.533865,On or near Selkirk Road,E01007566,Doncaster 018C,Violence and sexual offences,Unable to prosecute suspect,
be6ca48d32d83c6f7332068b4fc6b1a2a275d7003e809fb32babf47a673c0cc6,2025-02,South Yorkshire Police,South Yorkshire Police,-1.093062,53.533865,On or near Selkirk Road,E01007566,Doncaster 018C,Violence and sexual offences,Unable to prosecute suspect,
d8d0375f516c37b01b187531ba231c120abb0c2b603ad0480787ab0a9834ac02,2025-02,South Yorkshire Police,South Yorkshire Police,-1.093062,53.533865,On or near Selkirk Road,E01007566,Doncaster 018C,Violence and sexual offences,Unable to prosecute suspect,
93062d47743ede098c9bc34454f7fe61265d37ad3d40c5b41250348d7d625603,2025-02,South Yorkshire Police,South Yorkshire Police,-1.091912,53.532607,On or near Cardigan Road,E01007566,Doncaster 018C,Violence and sexual offences,Awaiting court outcome,
a657af0e1f8263566227a8214e6fc0f1e19e413209755fc28bb34751abd9b3bf,2025-02,South Yorkshire Police,South Yorkshire Police,-1.112541,53.530218,On or near Hospital,E01007567,Doncaster 018D,Criminal damage and arson,Investigation complete; no suspect identified,
dcafeb6f40a48b2a571c94d2b90e19d20e2b4b0971ab378188caf6905dce3320,2025-02,South Yorkshire Police,South Yorkshire Police,-1.110129,53.530892,On or near Hospital,E01007567,Doncaster 018D,Drugs,Status update unavailable,
e779fedb469be331b577501bf8aa93ce8130ae544d1bb18a6ff2d80fca79a58e,2025-02,South Yorkshire Police,South Yorkshire Police,-1.110129,53.530892,On or near Hospital,E01007567,Doncaster 018D,Public order,Awaiting court outcome,
9ae2965747a01574e6c4d43a8791cee5cc7cffc6f9395f8377c8fb8926c6e5be,2025-02,South Yorkshire Police,South Yorkshire Police,-1.107060,53.528308,On or near Dublin Road,E01007567,Doncaster 018D,Shoplifting,Awaiting court outcome,
52b26c35248f00ea208112108a3ec025d88e45799152651d613b71bb372480c9,2025-02,South Yorkshire Police,South Yorkshire Police,-1.112541,53.530218,On or near Hospital,E01007567,Doncaster 018D,Vehicle crime,Investigation complete; no suspect identified,
322fe6a3a0f17cfe8ee2ed1c22133111c8b4ebdbb1c34d0795edcee1a89a4936,2025-02,South Yorkshire Police,South Yorkshire Police,-1.107060,53.528308,On or near Dublin Road,E01007567,Doncaster 018D,Vehicle crime,Investigation complete; no suspect identified,
516d726dc6aa3733f5d17e534523fd8bd626d7203542709ec183adbc8bfc266f,2025-02,South Yorkshire Police,South Yorkshire Police,-1.110129,53.530892,On or near Hospital,E01007567,Doncaster 018D,Vehicle crime,Investigation complete; no suspect identified,
d1f488a51518ebcde0d256265ecb564443ee5c905690006bc90411b8018ac8d2,2025-02,South Yorkshire Police,South Yorkshire Police,-1.112541,53.530218,On or near Hospital,E01007567,Doncaster 018D,Violence and sexual offences,Unable to prosecute suspect,
1b05a7599bdd2252fa71d7da8d26a5d02149889c051584f257500b47d0183884,2025-02,South Yorkshire Police,South Yorkshire Police,-1.110129,53.530892,On or near Hospital,E01007567,Doncaster 018D,Violence and sexual offences,Awaiting court outcome,
e3a91adf05284f942c2779f88b5b0e76f53cc2e3aca73188fc0090f8ec5b6694,2025-02,South Yorkshire Police,South Yorkshire Police,-1.103397,53.528864,On or near Sandringham Road,E01007567,Doncaster 018D,Violence and sexual offences,Unable to prosecute suspect,
914b984d52a8fdb5136773da6517f15c866ea719daf4cc8062d083c5b31adde3,2025-02,South Yorkshire Police,South Yorkshire Police,-1.110129,53.530892,On or near Hospital,E01007567,Doncaster 018D,Violence and sexual offences,Unable to prosecute suspect,
f4f07ad00411dbf94dd24fd606a249471454906b8b9ff4372a473388b999ed1f,2025-02,South Yorkshire Police,South Yorkshire Police,-1.110129,53.530892,On or near Hospital,E01007567,Doncaster 018D,Violence and sexual offences,Unable to prosecute suspect,
d9e265ad110780798714ec77c619412403d362d437d75beab56bab80afbf7867,2025-02,South Yorkshire Police,South Yorkshire Police,-1.110129,53.530892,On or near Hospital,E01007567,Doncaster 018D,Violence and sexual offences,Status update unavailable,
262a590f1eff09df63a78cecf25c2eeb7c886d88625ae776d8b4e3e6a6c3244b,2025-02,South Yorkshire Police,South Yorkshire Police,-1.107060,53.528308,On or near Dublin Road,E01007567,Doncaster 018D,Violence and sexual offences,Unable to prosecute suspect,
710a9337ab597b04775e9cde4026ccd6eefcebc734238ab484c96a427eb776ef,2025-02,South Yorkshire Police,South Yorkshire Police,-1.112541,53.530218,On or near Hospital,E01007567,Doncaster 018D,Violence and sexual offences,Unable to prosecute suspect,
d72b0ef8dc8abed2dc5fd9d9519b459684b4740531d2355c21b832348ab39684,2025-02,South Yorkshire Police,South Yorkshire Police,-1.099941,53.528946,On or near Winton Road,E01007568,Doncaster 018E,Burglary,Investigation complete; no suspect identified,
9cba98a36168e3ee84621d4cb2fdaefbac5119ff51b2150cbf50f89cdb90b7f1,2025-02,South Yorkshire Police,South Yorkshire Police,-1.104511,53.525430,On or near Warren Close,E01007568,Doncaster 018E,Criminal damage and arson,Investigation complete; no suspect identified,
b9eb5000cf2cae0af52acc49341c64555d53e358a37dcad41ca0d519aecc2fe7,2025-02,South Yorkshire Police,South Yorkshire Police,-1.101637,53.527215,On or near Sidney Road,E01007568,Doncaster 018E,Public order,Investigation complete; no suspect identified,
effbc82ea56b1113bb7c2670f07f258b491898aa73ec603264f034e2907d33e1,2025-02,South Yorkshire Police,South Yorkshire Police,-1.104511,53.525430,On or near Warren Close,E01007568,Doncaster 018E,Shoplifting,Investigation complete; no suspect identified,
1682d5d45177d7f9483c2dda72e3b87c7125d3e39c5f4bf42f7885550f3433ef,2025-02,South Yorkshire Police,South Yorkshire Police,-1.101637,53.527215,On or near Sidney Road,E01007568,Doncaster 018E,Vehicle crime,Investigation complete; no suspect identified,
293f50b1bea56874fb32c5e66242abd70af7e4a47abecbb6c0f851ece79aecfb,2025-02,South Yorkshire Police,South Yorkshire Police,-1.104511,53.525430,On or near Warren Close,E01007568,Doncaster 018E,Violence and sexual offences,Investigation complete; no suspect identified,
e22e245fc904bafb3257da4dbdbfa1f54ec0835a447b17e4bb47d21f84af07ec,2025-02,South Yorkshire Police,South Yorkshire Police,-1.101637,53.527215,On or near Sidney Road,E01007568,Doncaster 018E,Violence and sexual offences,Unable to prosecute suspect,
92588ff4efcc377e0882e5db7bda5c0504f5b67f5808fdf3789775c14660333b,2025-02,South Yorkshire Police,South Yorkshire Police,-1.101637,53.527215,On or near Sidney Road,E01007568,Doncaster 018E,Violence and sexual offences,Unable to prosecute suspect,
6bf8af2556093f60fcf30a62fc8cc98a4bdadefc99ce1920298d05f6dc91f940,2025-02,South Yorkshire Police,South Yorkshire Police,-1.104511,53.525430,On or near Warren Close,E01007568,Doncaster 018E,Violence and sexual offences,Investigation complete; no suspect identified,
9516592a0503be3ee6c9b77a08323d9914d9e17f6b9baddb593668d6b65fdc36,2025-02,South Yorkshire Police,South Yorkshire Police,-1.101637,53.527215,On or near Sidney Road,E01007568,Doncaster 018E,Other crime,Unable to prosecute suspect,
8439035dccd93625a5d56df1863b9c4afe2fa1e5f72f39fca522d8749851594a,2025-02,South Yorkshire Police,South Yorkshire Police,-1.104511,53.525430,On or near Warren Close,E01007568,Doncaster 018E,Other crime,Unable to prosecute suspect,
,2025-02,South Yorkshire Police,South Yorkshire Police,-1.088499,53.528545,On or near Appleby Road,E01007569,Doncaster 018F,Anti-social behaviour,,
06caf9b7efa8d878d1524118ba22b405a649aac52b140450b08e1e036b34178e,2025-02,South Yorkshire Police,South Yorkshire Police,-1.092249,53.526740,On or near Morgan Road,E01007569,Doncaster 018F,Criminal damage and arson,Investigation complete; no suspect identified,
8a3f7e4587d6bd5255b4d5e60e64cbf2c09bb64c967948a037960e270192cc59,2025-02,South Yorkshire Police,South Yorkshire Police,-1.090066,53.527946,On or near Malvern Road,E01007569,Doncaster 018F,Criminal damage and arson,Unable to prosecute suspect,
8ac9ea5a34a35f9a360ea97bfe62d26c1b3ae5c98e63c00a15be4c5cac133927,2025-02,South Yorkshire Police,South Yorkshire Police,-1.091789,53.526386,On or near Abercorn Road,E01007569,Doncaster 018F,Drugs,Unable to prosecute suspect,
0580f55360be5957ce49738efac5ad23bc0e92643133a057509eed015e504c3b,2025-02,South Yorkshire Police,South Yorkshire Police,-1.094324,53.526342,On or near Wiltshire Road,E01007569,Doncaster 018F,Other theft,Investigation complete; no suspect identified,
61dfa38477af6b160f7f58cd5569478bcf2f859517b5018b6d282e42e07539f2,2025-02,South Yorkshire Police,South Yorkshire Police,-1.090066,53.527946,On or near Malvern Road,E01007569,Doncaster 018F,Public order,Investigation complete; no suspect identified,
dc936edbd0c6015cd4bd35dc4162bf51d8acd17fe60f55eef90e211495c75d21,2025-02,South Yorkshire Police,South Yorkshire Police,-1.094881,53.525708,On or near Cromer Road,E01007569,Doncaster 018F,Vehicle crime,Investigation complete; no suspect identified,
cf46a3ec60feb553c6607a4c8f3e3abfccce7d4e6125c8703daedd16b6b6c2a0,2025-02,South Yorkshire Police,South Yorkshire Police,-1.095957,53.526184,On or near Penrith Road,E01007569,Doncaster 018F,Vehicle crime,Investigation complete; no suspect identified,
b3123ce453037e7d1824a6be4a02cf8d3e014991bfa43605ab9803ce09c73813,2025-02,South Yorkshire Police,South Yorkshire Police,-1.091462,53.529691,On or near Queensberry Road,E01007569,Doncaster 018F,Vehicle crime,Investigation complete; no suspect identified,
728bfd7a681d6d13e61fd6825423ae61866ca11c0826a217593ebe8d2e9f6d88,2025-02,South Yorkshire Police,South Yorkshire Police,-1.094324,53.526342,On or near Wiltshire Road,E01007569,Doncaster 018F,Violence and sexual offences,Unable to prosecute suspect,
6685a897f04b42f98c416becaa342e3a2da86c604d3a2a2d4d32954494e80572,2025-02,South Yorkshire Police,South Yorkshire Police,-1.091462,53.529691,On or near Queensberry Road,E01007569,Doncaster 018F,Violence and sexual offences,Unable to prosecute suspect,
e664cf7fb98a6845bfded2e2375437a47d20c57711e67bb07ce3aabc86f24c23,2025-02,South Yorkshire Police,South Yorkshire Police,-1.091462,53.529691,On or near Queensberry Road,E01007569,Doncaster 018F,Violence and sexual offences,Unable to prosecute suspect,
3160719c3e43c9441f407b5f737dc5c34321c2f1fcfcc8a5846d1f77301c8bea,2025-02,South Yorkshire Police,South Yorkshire Police,-1.090066,53.527946,On or near Malvern Road,E01007569,Doncaster 018F,Violence and sexual offences,Unable to prosecute suspect,
3317d7671d25add88143149af36c5e623291fad4b883c74aaa3ca867210a69d3,2025-02,South Yorkshire Police,South Yorkshire Police,-1.090066,53.527946,On or near Malvern Road,E01007569,Doncaster 018F,Violence and sexual offences,Unable to prosecute suspect,
5af46790af97083b7318c87d96843efe86c21494647baedd9763bf7255cf9149,2025-02,South Yorkshire Police,South Yorkshire Police,-1.091462,53.529691,On or near Queensberry Road,E01007569,Doncaster 018F,Violence and sexual offences,Status update unavailable,
878e87f8e093e107197e1e3fe9ae92685b1740e82e4cd144835eba578dc61d02,2025-02,South Yorkshire Police,South Yorkshire Police,-1.091462,53.529691,On or near Queensberry Road,E01007569,Doncaster 018F,Violence and sexual offences,Unable to prosecute suspect,
,2025-02,South Yorkshire Police,South Yorkshire Police,-1.111762,53.516972,On or near Hamilton Mews,E01007644,Doncaster 019A,Anti-social behaviour,,
,2025-02,South Yorkshire Police,South Yorkshire Police,-1.105814,53.520798,On or near Race Track,E01007644,Doncaster 019A,Anti-social behaviour,,
4a15260fb940af15845ddd427e57dd5da20067718c7b13e499fd52c1200587db,2025-02,South Yorkshire Police,South Yorkshire Police,-1.110847,53.514574,On or near Sandy Lane,E01007644,Doncaster 019A,Burglary,Investigation complete; no suspect identified,
e3db14729b315c0419001e70ccd0293d3347c2779bb90ce30b8c5d1c76145533,2025-02,South Yorkshire Police,South Yorkshire Police,-1.110609,53.523804,On or near Braemar Road,E01007644,Doncaster 019A,Burglary,Unable to prosecute suspect,
7873a5771eb46f0a4188eab9300d83182d5e0da83e0525c7a7d3cb4d010f6e36,2025-02,South Yorkshire Police,South Yorkshire Police,-1.112582,53.518164,On or near Sandbeck Road,E01007644,Doncaster 019A,Burglary,Investigation complete; no suspect identified,
e49098d00834548d5556d30bd64987993b74e3fc1eb0190541ce525f0e26c562,2025-02,South Yorkshire Police,South Yorkshire Police,-1.105374,53.517392,On or near Town End Drive,E01007644,Doncaster 019A,Burglary,Investigation complete; no suspect identified,
503e55785545e69c48b1538f6f0771dc6f3bff0ffb5666a74aff48275c5b407f,2025-02,South Yorkshire Police,South Yorkshire Police,-1.109411,53.517629,On or near Belle Vue Avenue,E01007644,Doncaster 019A,Drugs,Unable to prosecute suspect,
177776522b64a4a57eb4d6bacf5e53fe4ee3041170b928185f3bfb3ea83ac0d9,2025-02,South Yorkshire Police,South Yorkshire Police,-1.105374,53.517392,On or near Town End Drive,E01007644,Doncaster 019A,Other theft,Investigation complete; no suspect identified,
e53feaefede0780e8985382682c57e6915cc31c24022d32b9ccf758e425f4c22,2025-02,South Yorkshire Police,South Yorkshire Police,-1.105374,53.517392,On or near Town End Drive,E01007644,Doncaster 019A,Other theft,Investigation complete; no suspect identified,
35eb0f95ae38efa8a76b9572d73963edb2dcc2456a3571bfd3b3b97b21bc0edb,2025-02,South Yorkshire Police,South Yorkshire Police,-1.108588,53.523061,On or near Harewood Road,E01007644,Doncaster 019A,Public order,Unable to prosecute suspect,
347812daa77567ea39b2ba15849ecd5a25eb4bd764c852d2d6c0516fc81a5fbb,2025-02,South Yorkshire Police,South Yorkshire Police,-1.105374,53.517392,On or near Town End Drive,E01007644,Doncaster 019A,Public order,Investigation complete; no suspect identified,
366380fcba0dfb72432df505acc6a5a2ffb2590746ed1e68000710fbbeee919b,2025-02,South Yorkshire Police,South Yorkshire Police,-1.105814,53.520798,On or near Race Track,E01007644,Doncaster 019A,Robbery,Investigation complete; no suspect identified,
90bf88e3c5a9c55b6fbec7da3335861b04c02537bdb55907dcfbb66f81f698be,2025-02,South Yorkshire Police,South Yorkshire Police,-1.105814,53.520798,On or near Race Track,E01007644,Doncaster 019A,Shoplifting,Unable to prosecute suspect,
52f29c0bb8c980a5baee7581d2fdb17a1d7dc9a667658e06fe90101182be4265,2025-02,South Yorkshire Police,South Yorkshire Police,-1.105814,53.520798,On or near Race Track,E01007644,Doncaster 019A,Violence and sexual offences,Unable to prosecute suspect,
cf5dfdced2f0e7f80570104fc2da2ee188b13bee5c2e6cd71c51ce690a9a3fdb,2025-02,South Yorkshire Police,South Yorkshire Police,-1.105814,53.520798,On or near Race Track,E01007644,Doncaster 019A,Violence and sexual offences,Investigation complete; no suspect identified,
89a0c14ca2d57d6e623866d7fcc207811f2be681d77581e18cbdce9911713d0a,2025-02,South Yorkshire Police,South Yorkshire Police,-1.102313,53.517351,On or near Belle Vue Way,E01007644,Doncaster 019A,Violence and sexual offences,Unable to prosecute suspect,
ed2ca64cb361d12e40d527acf397ee319e78e199bc9a8c9054fdacb2c3a3b465,2025-02,South Yorkshire Police,South Yorkshire Police,-1.104506,53.516360,On or near Rovers Way,E01007644,Doncaster 019A,Violence and sexual offences,Status update unavailable,
ac0dde95af86337bdf013da709a712411cf92d1cb438c4767bbab4cc77ab8395,2025-02,South Yorkshire Police,South Yorkshire Police,-1.105814,53.520798,On or near Race Track,E01007644,Doncaster 019A,Violence and sexual offences,Unable to prosecute suspect,
d0a3f2227f4b76187f6c330654f7217b18919504f0b252ab6776c25e31c29ca3,2025-02,South Yorkshire Police,South Yorkshire Police,-1.109411,53.517629,On or near Belle Vue Avenue,E01007644,Doncaster 019A,Violence and sexual offences,Unable to prosecute suspect,
a30f7e6053aaa32aef917f3f6150fa07e26a5f54b2b624111ffc874be0d09aed,2025-02,South Yorkshire Police,South Yorkshire Police,-1.104023,53.517067,On or near Popular Mews,E01007644,Doncaster 019A,Violence and sexual offences,Unable to prosecute suspect,
8311cc44119dad28939f0d7942a721cca49ab4f0c9b676bd36d9cc073d2fa378,2025-02,South Yorkshire Police,South Yorkshire Police,-1.111762,53.516972,On or near Hamilton Mews,E01007644,Doncaster 019A,Violence and sexual offences,Unable to prosecute suspect,
714f256669a5e1da77fc1e6859571e609cd56fe686e0d72088244c05cca8f422,2025-02,South Yorkshire Police,South Yorkshire Police,-1.105814,53.520798,On or near Race Track,E01007644,Doncaster 019A,Violence and sexual offences,Investigation complete; no suspect identified,
,2025-02,South Yorkshire Police,South Yorkshire Police,-1.116203,53.527548,On or near Windsor Road,E01007646,Doncaster 019B,Anti-social behaviour,,
,2025-02,South Yorkshire Police,South Yorkshire Police,-1.119701,53.529794,On or near Avenue Road,E01007646,Doncaster 019B,Anti-social behaviour,,
,2025-02,South Yorkshire Police,South Yorkshire Police,-1.121826,53.526997,On or near Rectory Gardens,E01007646,Doncaster 019B,Anti-social behaviour,,
059a69ceb4054791ebc11ec5aa05548bf127d8ad2175bf575f5c4d218049d6ea,2025-02,South Yorkshire Police,South Yorkshire Police,-1.117637,53.531101,On or near Norborough Road,E01007646,Doncaster 019B,Burglary,Investigation complete; no suspect identified,
adfa700fe7de2b7d91820a328dbafecfd2d79f3d4cbaf91362a754b172162b46,2025-02,South Yorkshire Police,South Yorkshire Police,-1.117518,53.529581,On or near Axholme Court,E01007646,Doncaster 019B,Criminal damage and arson,Investigation complete; no suspect identified,
3ef118ab15bd2e466c8badc341b094062d2d1747b3b0db0b3b865fad9acdfc9a,2025-02,South Yorkshire Police,South Yorkshire Police,-1.121826,53.526997,On or near Rectory Gardens,E01007646,Doncaster 019B,Criminal damage and arson,Unable to prosecute suspect,
e2ec22939a47434442a9937f6f75d17acea69301c710bf3684676cd9efb131d5,2025-02,South Yorkshire Police,South Yorkshire Police,-1.117127,53.528086,On or near Victorian Crescent,E01007646,Doncaster 019B,Vehicle crime,Investigation complete; no suspect identified,
fb9839264dcb7ad5985452dcf123b2ae37cf0ed7fffb50fef46b8b29d8b8dd7e,2025-02,South Yorkshire Police,South Yorkshire Police,-1.117127,53.528086,On or near Victorian Crescent,E01007646,Doncaster 019B,Violence and sexual offences,Unable to prosecute suspect,
9cbb4dddf213901a6abce435e2adac8ad4d9e83ca587af50ee9d8b5372f9a40e,2025-02,South Yorkshire Police,South Yorkshire Police,-1.121826,53.526997,On or near Rectory Gardens,E01007646,Doncaster 019B,Violence and sexual offences,Investigation complete; no suspect identified,
d6232277bf85004c224266da1c259ff68286d72754d3767d45e31147c3c3c763,2025-02,South Yorkshire Police,South Yorkshire Police,-1.117518,53.529581,On or near Axholme Court,E01007646,Doncaster 019B,Violence and sexual offences,Awaiting court outcome,
,2025-02,South Yorkshire Police,South Yorkshire Police,-1.121013,53.521596,On or near Sports/Recreation Area,E01007647,Doncaster 019C,Anti-social behaviour,,
,2025-02,South Yorkshire Police,South Yorkshire Police,-1.121013,53.521596,On or near Sports/Recreation Area,E01007647,Doncaster 019C,Anti-social behaviour,,
,2025-02,South Yorkshire Police,South Yorkshire Police,-1.122524,53.525348,On or near Rutland Street,E01007647,Doncaster 019C,Anti-social behaviour,,
f8357f73ee89871d66e823a813570c85fd3909c3e23ed09bf4ace1f52e87495f,2025-02,South Yorkshire Police,South Yorkshire Police,-1.115360,53.518041,On or near Danum Road,E01007647,Doncaster 019C,Burglary,Investigation complete; no suspect identified,
7f7216b05836065a5859fd05411169fd6548bd811ad1e861eced6ef3a3733dd2,2025-02,South Yorkshire Police,South Yorkshire Police,-1.112934,53.524432,On or near Town Moor Avenue,E01007647,Doncaster 019C,Burglary,Unable to prosecute suspect,
f94713405337493bcae38f6e29a0f62a59f7717ba10c9dc1b6f5e1147ae701be,2025-02,South Yorkshire Police,South Yorkshire Police,-1.115693,53.519401,On or near Bennetthorpe,E01007647,Doncaster 019C,Burglary,Investigation complete; no suspect identified,
302ab0030cc526c7d2f39bdef175ee24c072afc135376d4e406c0c41e3fac82b,2025-02,South Yorkshire Police,South Yorkshire Police,-1.121013,53.521596,On or near Sports/Recreation Area,E01007647,Doncaster 019C,Burglary,Awaiting court outcome,
ab1d1eb11f487eb1a33b4958d6f955de85b2b78b75420c4528cda7cec3d9612c,2025-02,South Yorkshire Police,South Yorkshire Police,-1.121013,53.521596,On or near Sports/Recreation Area,E01007647,Doncaster 019C,Drugs,Awaiting court outcome,
1dc387846d79fc379181a927cf22c94565586a70d1be78df226ffc9e27f9fc54,2025-02,South Yorkshire Police,South Yorkshire Police,-1.115693,53.519401,On or near Bennetthorpe,E01007647,Doncaster 019C,Vehicle crime,Investigation complete; no suspect identified,
c0c25cd6cc97800469752602d0da257d736e3b02699a5ef8e451437a2a381af4,2025-02,South Yorkshire Police,South Yorkshire Police,-1.122524,53.525348,On or near Rutland Street,E01007647,Doncaster 019C,Violence and sexual offences,Unable to prosecute suspect,
2e4349f08774ea4254a28ce970a5b27e1121b5b0d32cdb1cc47488c776914dfa,2025-02,South Yorkshire Police,South Yorkshire Police,-1.119367,53.518970,On or near Roman Road,E01007647,Doncaster 019C,Violence and sexual offences,Unable to prosecute suspect,
4f1e86ee62abefe5854cf61bf9a46d93f46debbd1a88ff76c0683eb1a0475fe6,2025-02,South Yorkshire Police,South Yorkshire Police,-1.119367,53.518970,On or near Roman Road,E01007647,Doncaster 019C,Violence and sexual offences,Unable to prosecute suspect,
c5a006d934f55e1a347dc4e9b4c9de6c185f03051ecce34b825e6b59276864e5,2025-02,South Yorkshire Police,South Yorkshire Police,-1.114772,53.521623,On or near Alderson Drive,E01007647,Doncaster 019C,Violence and sexual offences,Investigation complete; no suspect identified,
65c27ad6f73d5e4878c610e2bb3a0af0c1b21da93282dba6092c8054fccd96cb,2025-02,South Yorkshire Police,South Yorkshire Police,-1.114040,53.519865,On or near Granby Crescent,E01007647,Doncaster 019C,Violence and sexual offences,Status update unavailable,
38ca9c8ab9687107b27e33979ba96a0268bbb801def2fd9ef71c132ce1e97e4c,2025-02,South Yorkshire Police,South Yorkshire Police,-1.119367,53.518970,On or near Roman Road,E01007647,Doncaster 019C,Other crime,Investigation complete; no suspect identified,
,2025-02,South Yorkshire Police,South Yorkshire Police,-1.107001,53.523930,On or near Glamis Road,E01007649,Doncaster 019E,Anti-social behaviour,,
,2025-02,South Yorkshire Police,South Yorkshire Police,-1.104611,53.523552,On or near Leicester Avenue,E01007649,Doncaster 019E,Anti-social behaviour,,
f8ae3ae2b71885899218101ef00614f7fdac52b7cb9a840aeafc4098f3817d8c,2025-02,South Yorkshire Police,South Yorkshire Police,-1.114900,53.528510,On or near Balmoral Road,E01007649,Doncaster 019E,Burglary,Investigation complete; no suspect identified,
f6bc6482f39e2e77abc218cc0d2a952dbe662051e0b9f78e1130d17b3f948f2c,2025-02,South Yorkshire Police,South Yorkshire Police,-1.113409,53.526233,On or near Buckingham Road,E01007649,Doncaster 019E,Burglary,Investigation complete; no suspect identified,
fd1c46add1f1617b22932b1853ffad820fa670a106487c6c43e891ec03f5a02d,2025-02,South Yorkshire Police,South Yorkshire Police,-1.109926,53.524724,On or near Holyrood Road,E01007649,Doncaster 019E,Criminal damage and arson,Investigation complete; no suspect identified,
37943b2e874d164de0f92ed693f885e6f3df4fa5ec5e6a80f4b4d52713fdb55f,2025-02,South Yorkshire Police,South Yorkshire Police,-1.109926,53.524724,On or near Holyrood Road,E01007649,Doncaster 019E,Criminal damage and arson,Local resolution,
749ed5e488f402960746d81fbf3a68650916469a04852144557010707803614b,2025-02,South Yorkshire Police,South Yorkshire Police,-1.109926,53.524724,On or near Holyrood Road,E01007649,Doncaster 019E,Criminal damage and arson,Unable to prosecute suspect,
a45384228cb0132e1c079db8fbb2b17e106f8ad8c495f003422c73fdf2be4b7b,2025-02,South Yorkshire Police,South Yorkshire Police,-1.114900,53.528510,On or near Balmoral Road,E01007649,Doncaster 019E,Other theft,Investigation complete; no suspect identified,
18ffee575e41c39b7af09d5577bcc4d169b68ffbde4414ccd63f1c591e117790,2025-02,South Yorkshire Police,South Yorkshire Police,-1.107001,53.523930,On or near Glamis Road,E01007649,Doncaster 019E,Vehicle crime,Investigation complete; no suspect identified,
4c42b34fd0bc9accf5ad5821b7089edd196bd261b657bf4233a284e13479260b,2025-02,South Yorkshire Police,South Yorkshire Police,-1.104611,53.523552,On or near Leicester Avenue,E01007649,Doncaster 019E,Vehicle crime,Investigation complete; no suspect identified,
06163ad9a7b23e73945009fcbb57b68f88d42d76320ee03028b3f51ca778ab75,2025-02,South Yorkshire Police,South Yorkshire Police,-1.113996,53.527011,On or near Imperial Crescent,E01007649,Doncaster 019E,Vehicle crime,Investigation complete; no suspect identified,
5fe8be2854bc6c6c9e80170c088568f497c1eb7603a3ba7455b0094535c15487,2025-02,South Yorkshire Police,South Yorkshire Police,-1.104611,53.523552,On or near Leicester Avenue,E01007649,Doncaster 019E,Vehicle crime,Investigation complete; no suspect identified,
a66988a1b635c68f337e43a062a1f6753d0efed332cf5d93f918277a01aafa5e,2025-02,South Yorkshire Police,South Yorkshire Police,-1.111361,53.527495,On or near Zetland Road,E01007649,Doncaster 019E,Violence and sexual offences,Status update unavailable,
a297310ebdf655956b8c3f0370c3f0278a010e7127c3e23b37672908986ef2e4,2025-02,South Yorkshire Police,South Yorkshire Police,-1.113996,53.527011,On or near Imperial Crescent,E01007649,Doncaster 019E,Other crime,Investigation complete; no suspect identified,
,2025-02,South Yorkshire Police,South Yorkshire Police,-1.123923,53.533547,On or near Radiance Road,E01007654,Doncaster 019F,Anti-social behaviour,,
,2025-02,South Yorkshire Police,South Yorkshire Police,-1.123923,53.533547,On or near Radiance Road,E01007654,Doncaster 019F,Anti-social behaviour,,
,2025-02,South Yorkshire Police,South Yorkshire Police,-1.123923,53.533547,On or near Radiance Road,E01007654,Doncaster 019F,Anti-social behaviour,,
,2025-02,South Yorkshire Police,South Yorkshire Police,-1.123923,53.533547,On or near Radiance Road,E01007654,Doncaster 019F,Anti-social behaviour,,
1b49399643354965d35365cbe51dfef7a7f333cf1e4d797be835417cd5f29448,2025-02,South Yorkshire Police,South Yorkshire Police,-1.123316,53.535169,On or near Churchill Road,E01007654,Doncaster 019F,Burglary,Investigation complete; no suspect identified,
2e601afd5b925346df124ba09678bae1c300c8b9b9171e7bf080ccfe7388b9b4,2025-02,South Yorkshire Police,South Yorkshire Police,-1.116157,53.531917,On or near Lifford Road,E01007654,Doncaster 019F,Burglary,Investigation complete; no suspect identified,
5dedf9cdb3b1e8ef5148a207dbba280c7b3f539f54775c12075c469898fcbe39,2025-02,South Yorkshire Police,South Yorkshire Police,-1.114838,53.531520,On or near Ferrers Road,E01007654,Doncaster 019F,Burglary,Investigation complete; no suspect identified,
80b049999f5a8e1bff7a6380c87c408cab15265cc36fa3df90daefc70e9d779e,2025-02,South Yorkshire Police,South Yorkshire Police,-1.120503,53.531877,On or near Old School Way,E01007654,Doncaster 019F,Criminal damage and arson,Unable to prosecute suspect,
e0deed75f686e73959294a273cba4806f4cf0552b179fadd25ec834ce22ab990,2025-02,South Yorkshire Police,South Yorkshire Police,-1.120503,53.531877,On or near Old School Way,E01007654,Doncaster 019F,Criminal damage and arson,Investigation complete; no suspect identified,
49b5fab9a036f0edff7cbf9d3c020fa998a2b1f92150810a51a1b09e09e0f93e,2025-02,South Yorkshire Police,South Yorkshire Police,-1.123923,53.533547,On or near Radiance Road,E01007654,Doncaster 019F,Other theft,Investigation complete; no suspect identified,
aa1a5edb5afdd1345dc9055805d0299217f23501546b27b8d1bf10bee0e923f2,2025-02,South Yorkshire Police,South Yorkshire Police,-1.123923,53.533547,On or near Radiance Road,E01007654,Doncaster 019F,Other theft,Investigation complete; no suspect identified,
9de8210ebeddebd65759e16759444470dcbce7ef1c60116d4fb24fb7d4f98a0e,2025-02,South Yorkshire Police,South Yorkshire Police,-1.120503,53.531877,On or near Old School Way,E01007654,Doncaster 019F,Shoplifting,Awaiting court outcome,
34eb7626ed0ea8b5bb082ba952f96f9648b7428e5251f4de011d682268929663,2025-02,South Yorkshire Police,South Yorkshire Police,-1.120503,53.531877,On or near Old School Way,E01007654,Doncaster 019F,Shoplifting,Investigation complete; no suspect identified,
2cb6f792e520c1011c34708fbed73dac8045f806d452f2936231253344447d35,2025-02,South Yorkshire Police,South Yorkshire Police,-1.120503,53.531877,On or near Old School Way,E01007654,Doncaster 019F,Shoplifting,Investigation complete; no suspect identified,
e998ab0b6aea6b8eff80bf5ab28241b4bf7a88a4b13a0b9f7a7937e971e89455,2025-02,South Yorkshire Police,South Yorkshire Police,-1.120503,53.531877,On or near Old School Way,E01007654,Doncaster 019F,Shoplifting,Investigation complete; no suspect identified,
f0a05984ba608831a9ffc938ddfc187b7d614aa7577083993ba71c06347d3b56,2025-02,South Yorkshire Police,South Yorkshire Police,-1.120503,53.531877,On or near Old School Way,E01007654,Doncaster 019F,Shoplifting,Investigation complete; no suspect identified,
25933ad7fcf0f2f238528ec95fd29753aabc05b6aaf00ddf87c8ba01a73f83bf,2025-02,South Yorkshire Police,South Yorkshire Police,-1.120503,53.531877,On or near Old School Way,E01007654,Doncaster 019F,Shoplifting,Investigation complete; no suspect identified,
5067926bca6151e1627bf00eb618a29fa9acb7ce51db427c28362bae065aa273,2025-02,South Yorkshire Police,South Yorkshire Police,-1.120503,53.531877,On or near Old School Way,E01007654,Doncaster 019F,Shoplifting,Investigation complete; no suspect identified,
a92e3474e0922805030984836747e86ccc941f721604afc062ae595b2584307b,2025-02,South Yorkshire Police,South Yorkshire Police,-1.120503,53.531877,On or near Old School Way,E01007654,Doncaster 019F,Shoplifting,Investigation complete; no suspect identified,
3ac7edf69baec258ae0fb3913f547f4e52b035960413e08eb4853ad94dc60ec6,2025-02,South Yorkshire Police,South Yorkshire Police,-1.120503,53.531877,On or near Old School Way,E01007654,Doncaster 019F,Shoplifting,Investigation complete; no suspect identified,
10ddcb9dd8e7d30ba7187a7afe4901bcba9db8060cf5c6812b3a527e1cb24411,2025-02,South Yorkshire Police,South Yorkshire Police,-1.120503,53.531877,On or near Old School Way,E01007654,Doncaster 019F,Shoplifting,Investigation complete; no suspect identified,
6adf11a20d1210a91f21a1f14c58de12d8d92911eb7a0ba833a7cbc48d89ed75,2025-02,South Yorkshire Police,South Yorkshire Police,-1.120503,53.531877,On or near Old School Way,E01007654,Doncaster 019F,Shoplifting,Awaiting court outcome,
ad13cd1572ceea1501b978789ba413bf438daf37004f6bde864dae40aded60c2,2025-02,South Yorkshire Police,South Yorkshire Police,-1.120503,53.531877,On or near Old School Way,E01007654,Doncaster 019F,Shoplifting,Investigation complete; no suspect identified,
947c5ff186b0d35a625bd7d18e35d6db2bf4226e6bcdca92279c12dad839488d,2025-02,South Yorkshire Police,South Yorkshire Police,-1.120503,53.531877,On or near Old School Way,E01007654,Doncaster 019F,Shoplifting,Investigation complete; no suspect identified,
8a8667c4443ce5b112d0d9e605649a54ca1d63622f8454ed1c744a7bb7745b72,2025-02,South Yorkshire Police,South Yorkshire Police,-1.120503,53.531877,On or near Old School Way,E01007654,Doncaster 019F,Shoplifting,Investigation complete; no suspect identified,
a0e1bc9198cb76f369a8c76684dca9a27f6ee72ecd1924c499df759bfaddb7f6,2025-02,South Yorkshire Police,South Yorkshire Police,-1.120503,53.531877,On or near Old School Way,E01007654,Doncaster 019F,Shoplifting,Awaiting court outcome,
8d7ccd1afcb1b7dac0b58dbf3c7baf694c295f98b109ed00903c2f7fab7de612,2025-02,South Yorkshire Police,South Yorkshire Police,-1.120503,53.531877,On or near Old School Way,E01007654,Doncaster 019F,Shoplifting,Investigation complete; no suspect identified,
36130894e1502fb444137b8501f0856d8545f2198747474230b7fb6ea6b6e7cb,2025-02,South Yorkshire Police,South Yorkshire Police,-1.120503,53.531877,On or near Old School Way,E01007654,Doncaster 019F,Shoplifting,Investigation complete; no suspect identified,
914fcafddcf175769e50aaa23b09908d8a0f8c2596de42da074e9db82bf9bf6d,2025-02,South Yorkshire Police,South Yorkshire Police,-1.120503,53.531877,On or near Old School Way,E01007654,Doncaster 019F,Shoplifting,Investigation complete; no suspect identified,
542117d682fe8c905ad7881800d2b6e27b4baefd0841d06539fec14634f09537,2025-02,South Yorkshire Police,South Yorkshire Police,-1.120503,53.531877,On or near Old School Way,E01007654,Doncaster 019F,Shoplifting,Awaiting court outcome,
02b21d0608bf2d3aa1f9d30c1fb77d7be311d70088de9776c1f27ff696a81dfb,2025-02,South Yorkshire Police,South Yorkshire Police,-1.120503,53.531877,On or near Old School Way,E01007654,Doncaster 019F,Shoplifting,Investigation complete; no suspect identified,
bdfbc6c5e0ed2c3a617596b2ffbd0a977af850e0986cd3be3f84daeb5b89ea6d,2025-02,South Yorkshire Police,South Yorkshire Police,-1.120503,53.531877,On or near Old School Way,E01007654,Doncaster 019F,Shoplifting,Investigation complete; no suspect identified,
e0ab0f8123fff86fbba1a8b54bc331308d933ee929a94206d031d4c648d3e897,2025-02,South Yorkshire Police,South Yorkshire Police,-1.120503,53.531877,On or near Old School Way,E01007654,Doncaster 019F,Shoplifting,Investigation complete; no suspect identified,
5ded3bbb37d37b72a240cbf72b81125bd6a2572783d7327469db6f9aa2a083e2,2025-02,South Yorkshire Police,South Yorkshire Police,-1.120503,53.531877,On or near Old School Way,E01007654,Doncaster 019F,Shoplifting,Awaiting court outcome,
6ca1f8c34fda138dfc1296f522908f367c63fe512cb0d17ea3aadb297ade359e,2025-02,South Yorkshire Police,South Yorkshire Police,-1.120503,53.531877,On or near Old School Way,E01007654,Doncaster 019F,Shoplifting,Investigation complete; no suspect identified,
bc9b12cbeb864eb6b6be2bdbd654586d69a6877e43367a62f8b8ca572e364b0c,2025-02,South Yorkshire Police,South Yorkshire Police,-1.120503,53.531877,On or near Old School Way,E01007654,Doncaster 019F,Shoplifting,Investigation complete; no suspect identified,
cf88a0de16f9a33e100d470eaf8b29d6c00e02fbd482ee36949abf1d759bf06d,2025-02,South Yorkshire Police,South Yorkshire Police,-1.120503,53.531877,On or near Old School Way,E01007654,Doncaster 019F,Shoplifting,Awaiting court outcome,
f2e7a0775c6fe858a373874f0a3f134298e3655efffaeed23e076b48a701aa14,2025-02,South Yorkshire Police,South Yorkshire Police,-1.120503,53.531877,On or near Old School Way,E01007654,Doncaster 019F,Shoplifting,Investigation complete; no suspect identified,
8928dba2b53889dbab8814537f14b98f71147f97a391dbed0e6b819c274a2f6b,2025-02,South Yorkshire Police,South Yorkshire Police,-1.120503,53.531877,On or near Old School Way,E01007654,Doncaster 019F,Shoplifting,Investigation complete; no suspect identified,
db02e8a94e4cdc85103e747e50c289ca3bb96117d55275bf2c70986b4bad8d20,2025-02,South Yorkshire Police,South Yorkshire Police,-1.120503,53.531877,On or near Old School Way,E01007654,Doncaster 019F,Shoplifting,Investigation complete; no suspect identified,
2487864bc2e227d26c9917e127800d4e2367cce15a47831452a82a855a714236,2025-02,South Yorkshire Police,South Yorkshire Police,-1.120503,53.531877,On or near Old School Way,E01007654,Doncaster 019F,Shoplifting,Investigation complete; no suspect identified,
6c2b991fd5588d3a12a1c7b5f94181b9d8f116471bd871fd76447513b2ecdea7,2025-02,South Yorkshire Police,South Yorkshire Police,-1.120503,53.531877,On or near Old School Way,E01007654,Doncaster 019F,Shoplifting,Awaiting court outcome,
482163091a9ebf5391bc08e284e700aaf563e8bf5897b4bebd102035b0f4360e,2025-02,South Yorkshire Police,South Yorkshire Police,-1.120503,53.531877,On or near Old School Way,E01007654,Doncaster 019F,Shoplifting,Awaiting court outcome,
ac705647f51e337323b9cccf1656e1b7fd983260d1de65ffa857717b9fc97bde,2025-02,South Yorkshire Police,South Yorkshire Police,-1.120503,53.531877,On or near Old School Way,E01007654,Doncaster 019F,Shoplifting,Investigation complete; no suspect identified,
09c726f84071abbb99aae08b7e8607f3133480dc50c3c1bb523d366dfbbe202a,2025-02,South Yorkshire Police,South Yorkshire Police,-1.120503,53.531877,On or near Old School Way,E01007654,Doncaster 019F,Shoplifting,Unable to prosecute suspect,
cb8405562b8d921b99cc041b5c4b0c890b3abfdc1c78d6a486be2303a581a890,2025-02,South Yorkshire Police,South Yorkshire Police,-1.123316,53.535169,On or near Churchill Road,E01007654,Doncaster 019F,Theft from the person,Investigation complete; no suspect identified,
1cbc3cb8c483231917e2adeddaf275c9744c58b658111f4ab6cf5f2374ecb749,2025-02,South Yorkshire Police,South Yorkshire Police,-1.121799,53.532677,On or near Rockingham Road,E01007654,Doncaster 019F,Vehicle crime,Investigation complete; no suspect identified,
6e91129fe053dfe3a0c2432ca055c0e86371ce70448f97ab57f005d31388feb4,2025-02,South Yorkshire Police,South Yorkshire Police,-1.121799,53.532677,On or near Rockingham Road,E01007654,Doncaster 019F,Vehicle crime,Investigation complete; no suspect identified,
2026d21da130d04f7517079da8e157efe62b7a3b13462990f98843848922bfee,2025-02,South Yorkshire Police,South Yorkshire Police,-1.123923,53.533547,On or near Radiance Road,E01007654,Doncaster 019F,Violence and sexual offences,Unable to prosecute suspect,
a80bdefce1592787368f2ddfb0329111a34287cb08280476ea64637f365f4526,2025-02,South Yorkshire Police,South Yorkshire Police,-1.123316,53.535169,On or near Churchill Road,E01007654,Doncaster 019F,Violence and sexual offences,Unable to prosecute suspect,
20ea00d371522a71a02a48375c92960366194b6a4348db8447308dbaa545e425,2025-02,South Yorkshire Police,South Yorkshire Police,-1.121799,53.532677,On or near Rockingham Road,E01007654,Doncaster 019F,Violence and sexual offences,Unable to prosecute suspect,
8b664b7b88eca87dff119e3f1f0e0110e69109a69df1f09a1108beda94e568a9,2025-02,South Yorkshire Police,South Yorkshire Police,-1.121799,53.532677,On or near Rockingham Road,E01007654,Doncaster 019F,Violence and sexual offences,Unable to prosecute suspect,
,2025-02,South Yorkshire Police,South Yorkshire Police,-1.125382,53.526465,On or near Royal Avenue,E01034236,Doncaster 019G,Anti-social behaviour,,
,2025-02,South Yorkshire Police,South Yorkshire Police,-1.124303,53.527590,On or near Queen'S Road,E01034236,Doncaster 019G,Anti-social behaviour,,
7163a72f647bd6b09959058b5ade4e25dd8afac9a480ec57850f9379a875bbf7,2025-02,South Yorkshire Police,South Yorkshire Police,-1.124466,53.525515,On or near St Vincent Avenue,E01034236,Doncaster 019G,Burglary,Investigation complete; no suspect identified,
5d54cf06d0a947b747c66f434460b45580fffde822a05b4b41a9dbb1142a79d9,2025-02,South Yorkshire Police,South Yorkshire Police,-1.126483,53.524972,On or near Glyn Avenue,E01034236,Doncaster 019G,Burglary,Investigation complete; no suspect identified,
67ba42adaedbcb2ff2bc13bf275c022d5673ba8ef520f124fdce87c4be236fb4,2025-02,South Yorkshire Police,South Yorkshire Police,-1.124640,53.528788,On or near Baxter Avenue,E01034236,Doncaster 019G,Criminal damage and arson,Unable to prosecute suspect,
4ce91d5cfb1bf9bc74052a4e5c8705add88aafd019c7badd1a0c2479cd5e85c1,2025-02,South Yorkshire Police,South Yorkshire Police,-1.124640,53.528788,On or near Baxter Avenue,E01034236,Doncaster 019G,Criminal damage and arson,Awaiting court outcome,
a1dc9afb10651c5a37dbfb248a89237d1c54db36e7a05a5811b544004f7a786e,2025-02,South Yorkshire Police,South Yorkshire Police,-1.126483,53.524972,On or near Glyn Avenue,E01034236,Doncaster 019G,Criminal damage and arson,Investigation complete; no suspect identified,
0168f0b49f1d792de1921035d1b218bf0a58f5770e14e673e3c19a041ed7030d,2025-02,South Yorkshire Police,South Yorkshire Police,-1.124303,53.527590,On or near Queen'S Road,E01034236,Doncaster 019G,Drugs,Local resolution,
6be49207453a07b738d54b9289cdc17e19bbdc0834e35844b5dffa11799c6103,2025-02,South Yorkshire Police,South Yorkshire Police,-1.125382,53.526465,On or near Royal Avenue,E01034236,Doncaster 019G,Public order,Unable to prosecute suspect,
3edc45b03efb4609c001cb0a31afe52032c928e33daa6c43dd9044ed2ebe5276,2025-02,South Yorkshire Police,South Yorkshire Police,-1.124303,53.527590,On or near Queen'S Road,E01034236,Doncaster 019G,Violence and sexual offences,Unable to prosecute suspect,
b25c24a5c057cc5cc99e7a9c8a84e43d3443d214ddb0cd42f1c09cc06a2a992f,2025-02,South Yorkshire Police,South Yorkshire Police,-1.124466,53.525515,On or near St Vincent Avenue,E01034236,Doncaster 019G,Violence and sexual offences,Unable to prosecute suspect,
781b45aa123e208b1a02f66270412368a8eb934e8f620ca0aa938d35d5449dd1,2025-02,South Yorkshire Police,South Yorkshire Police,-1.124640,53.528788,On or near Baxter Avenue,E01034236,Doncaster 019G,Violence and sexual offences,Awaiting court outcome,
aa3d87851eab1ff0f8d6e2a024e9c8d3cce477df82052318ed8aca26dcede670,2025-02,South Yorkshire Police,South Yorkshire Police,-1.125382,53.526465,On or near Royal Avenue,E01034236,Doncaster 019G,Violence and sexual offences,Unable to prosecute suspect,
762967ffc1809532255bb724d726e949d4ed645e30f1c7778314eb5dae56d46d,2025-02,South Yorkshire Police,South Yorkshire Police,-1.124303,53.527590,On or near Queen'S Road,E01034236,Doncaster 019G,Violence and sexual offences,Unable to prosecute suspect,
1c1ff22089331b0fc7fde22d3c0cbaa20b44add5ecab1d1a2348c5ce94154e0c,2025-02,South Yorkshire Police,South Yorkshire Police,-1.125382,53.526465,On or near Royal Avenue,E01034236,Doncaster 019G,Other crime,Unable to prosecute suspect,
e9c9cf4ec3e9ad5350e80615614be18882530a087bc83923075327d70f0b6290,2025-02,South Yorkshire Police,South Yorkshire Police,-1.124640,53.528788,On or near Baxter Avenue,E01034236,Doncaster 019G,Other crime,Unable to prosecute suspect,
aa6eca779e656230ed22ba38901b0609f75f89d3f26240ba5ad5f67b9db3f68a,2025-02,South Yorkshire Police,South Yorkshire Police,-1.130585,53.524525,On or near Theatre/Concert Hall,E01034237,Doncaster 019H,Criminal damage and arson,Unable to prosecute suspect,
2d9bf89d9d8f44dd6e095cbb5de58bb66efad2c21a8be529de8ca61d03dfb56a,2025-02,South Yorkshire Police,South Yorkshire Police,-1.128972,53.524991,On or near Coopers Terrace,E01034237,Doncaster 019H,Robbery,Unable to prosecute suspect,
50bf500c5b312dafab8e21a07be9dd013937196eaf126361fef7864b3eb881a5,2025-02,South Yorkshire Police,South Yorkshire Police,-1.126039,53.528223,On or near Supermarket,E01034237,Doncaster 019H,Shoplifting,Investigation complete; no suspect identified,
c199b7e605ad747ab796d1c4c9ee320853b5810cb575acb4f901ea0ffe2cbb1b,2025-02,South Yorkshire Police,South Yorkshire Police,-1.126039,53.528223,On or near Supermarket,E01034237,Doncaster 019H,Shoplifting,Investigation complete; no suspect identified,
0b0fc9b88d12a96f383b5d6c95593a9ac720ac3bfc1021f4e7ac1e7d28d525cb,2025-02,South Yorkshire Police,South Yorkshire Police,-1.126566,53.526097,On or near Broxholme Lane,E01034237,Doncaster 019H,Vehicle crime,Investigation complete; no suspect identified,
5a54fc09dd4e8b4b17092496c91891779d40c26f1b169df735da01aba643cca1,2025-02,South Yorkshire Police,South Yorkshire Police,-1.123206,53.523708,On or near Lawn Avenue,E01034237,Doncaster 019H,Violence and sexual offences,Investigation complete; no suspect identified,
b0a7f333886655a2122e610fbe6178f83e786aa44a4bccb3e3b9b5f3c6395135,2025-02,South Yorkshire Police,South Yorkshire Police,-1.123206,53.523708,On or near Lawn Avenue,E01034237,Doncaster 019H,Violence and sexual offences,Unable to prosecute suspect,
3310b1e9986b0c55d12af2ffb926e754cef8a4edd9b38a13ac744173efbdf8d6,2025-02,South Yorkshire Police,South Yorkshire Police,-1.125444,53.527122,On or near King'S Road,E01034237,Doncaster 019H,Violence and sexual offences,Unable to prosecute suspect,
e2d525d0078adbd04063e1ff5726a7049b966850529e44533d959c917d72fedc,2025-02,South Yorkshire Police,South Yorkshire Police,-1.127289,53.525428,On or near Vaughan Avenue,E01034237,Doncaster 019H,Violence and sexual offences,Unable to prosecute suspect,
288fafc7cd1926d1e99b768d671fb9b053d2eb588d70a58456cafa1b0d4c33b8,2025-02,South Yorkshire Police,South Yorkshire Police,-1.126566,53.526097,On or near Broxholme Lane,E01034237,Doncaster 019H,Violence and sexual offences,Unable to prosecute suspect,
6b1dbe42b150861e71facc5d8c62ffcfb071d98d6be4243bba97c5f3795cd99b,2025-02,South Yorkshire Police,South Yorkshire Police,-1.126566,53.526097,On or near Broxholme Lane,E01034237,Doncaster 019H,Other crime,Investigation complete; no suspect identified,
,2025-02,South Yorkshire Police,South Yorkshire Police,-1.231711,53.512553,On or near Doncaster Road,E01007583,Doncaster 020A,Anti-social behaviour,,
,2025-02,South Yorkshire Police,South Yorkshire Police,-1.249545,53.512440,On or near Sports/Recreation Area,E01007583,Doncaster 020A,Anti-social behaviour,,
,2025-02,South Yorkshire Police,South Yorkshire Police,-1.295481,53.509989,On or near Harlington Road,E01007583,Doncaster 020A,Anti-social behaviour,,
,2025-02,South Yorkshire Police,South Yorkshire Police,-1.293361,53.508727,On or near Crow Tree Lane,E01007583,Doncaster 020A,Anti-social behaviour,,
94e80bdf48b770e89f3467b624a01c2fb5d2e5be3b06195b425e9c3f6e927f7c,2025-02,South Yorkshire Police,South Yorkshire Police,-1.273508,53.515448,On or near Mill Lane,E01007583,Doncaster 020A,Burglary,Investigation complete; no suspect identified,
6592897a1683daeed193f27ca725c5f9326c869d4cf6049133bf206e1e4c5cd6,2025-02,South Yorkshire Police,South Yorkshire Police,-1.229148,53.534945,On or near Mellinder Lane,E01007583,Doncaster 020A,Burglary,Investigation complete; no suspect identified,
1b1e36e9a3dae1c90a8651a590bf6ba964868d31853ff876e001001812eecbf3,2025-02,South Yorkshire Police,South Yorkshire Police,-1.293361,53.508727,On or near Crow Tree Lane,E01007583,Doncaster 020A,Criminal damage and arson,Unable to prosecute suspect,
54ad1fc7c54402e3a48d7feef2f2144137d693da8a1ea5e66924bc5ec16afb90,2025-02,South Yorkshire Police,South Yorkshire Police,-1.232670,53.511193,On or near Church Lane,E01007583,Doncaster 020A,Other theft,Investigation complete; no suspect identified,
b97c16886ddeaef74a5e775679228de5481a5a30d8672457ecff858151553113,2025-02,South Yorkshire Police,South Yorkshire Police,-1.272812,53.521790,On or near Church Lane,E01007583,Doncaster 020A,Vehicle crime,Investigation complete; no suspect identified,
82ab74d9f4ad4e21350a59dbf4e3b64c153c9eedf0c80e9d46fb4cda29833e07,2025-02,South Yorkshire Police,South Yorkshire Police,-1.273744,53.520160,On or near Church Lane,E01007583,Doncaster 020A,Violence and sexual offences,Unable to prosecute suspect,
10aeb2b8b945c6a5a8df3e8a00ad54df4cf5abdd39a9199bd34303a6b2481ef2,2025-02,South Yorkshire Police,South Yorkshire Police,-1.269016,53.522360,On or near Fox Lane,E01007583,Doncaster 020A,Violence and sexual offences,Investigation complete; no suspect identified,
1e204f99aa1545548013836d2424715569230534d40ac59a1d72ae0fcd2de734,2025-02,South Yorkshire Police,South Yorkshire Police,-1.273744,53.520160,On or near Church Lane,E01007583,Doncaster 020A,Violence and sexual offences,Unable to prosecute suspect,
c275fbb8e7ee75f97fcd065603ac2f89e3ad42bb00f26822a278d288a9879f5e,2025-02,South Yorkshire Police,South Yorkshire Police,-1.293049,53.511188,On or near Harlington Road,E01007583,Doncaster 020A,Violence and sexual offences,Unable to prosecute suspect,
2c642fa3369dd431334b0335d262bb2ced646f4b41d020dd67351a70e85b9ee9,2025-02,South Yorkshire Police,South Yorkshire Police,-1.272458,53.542434,On or near Barnsley Road,E01007586,Doncaster 020B,Drugs,Unable to prosecute suspect,
b4f021b31041a66d2871130ce8054419535723e2eb3558f50b56a3920e661128,2025-02,South Yorkshire Police,South Yorkshire Police,-1.272458,53.542434,On or near Barnsley Road,E01007586,Doncaster 020B,Violence and sexual offences,Unable to prosecute suspect,
,2025-02,South Yorkshire Police,South Yorkshire Police,-1.190617,53.541073,On or near Scawsby Lane,E01007587,Doncaster 020C,Anti-social behaviour,,
,2025-02,South Yorkshire Police,South Yorkshire Police,-1.182027,53.539711,On or near Parking Area,E01007587,Doncaster 020C,Anti-social behaviour,,
94d4a4a514b75cfc39841dab5fa1c6d89523f2f4ed14725ff9516dfc627cb3d4,2025-02,South Yorkshire Police,South Yorkshire Police,-1.182027,53.539711,On or near Parking Area,E01007587,Doncaster 020C,Burglary,Investigation complete; no suspect identified,
660beb9013f1ab3dcf943473d1c4059f1ac0bc9fb8d15c9548568dbb422b0af1,2025-02,South Yorkshire Police,South Yorkshire Police,-1.197840,53.550137,On or near Green Lane,E01007587,Doncaster 020C,Burglary,Status update unavailable,
d5ede8db40a0bac54265cc2483122bf403409948f50b2754f3222556ddb22c38,2025-02,South Yorkshire Police,South Yorkshire Police,-1.177388,53.542376,On or near Roman Mews,E01007587,Doncaster 020C,Criminal damage and arson,Investigation complete; no suspect identified,
abd954decaf73824cb616fbe55bd7b140911f3cba6aaa470dd30f45e5927e6ca,2025-02,South Yorkshire Police,South Yorkshire Police,-1.177388,53.542376,On or near Roman Mews,E01007587,Doncaster 020C,Drugs,Status update unavailable,
a23fa194f4af004032be96687967402d204497b20b7da701ababb4cf3e0ba8d6,2025-02,South Yorkshire Police,South Yorkshire Police,-1.177388,53.542376,On or near Roman Mews,E01007587,Doncaster 020C,Drugs,Status update unavailable,
770c38caead5a0bd410ad0de31d9c93eb962ecbb6b7c6eb4461564b100b26f84,2025-02,South Yorkshire Police,South Yorkshire Police,-1.177388,53.542376,On or near Roman Mews,E01007587,Doncaster 020C,Drugs,Status update unavailable,
cc33a2886d8a1fb3ea49d096a4bf60a739947a7be2f56b2930903657ae8356dc,2025-02,South Yorkshire Police,South Yorkshire Police,-1.235192,53.587217,On or near Leys Lane,E01007587,Doncaster 020C,Drugs,Awaiting court outcome,
5a81e9461b827f17cf22386e21c8fafe19ab489adc9ce8fe8a7f06de113c02d3,2025-02,South Yorkshire Police,South Yorkshire Police,-1.222654,53.560808,On or near Pickburn Lane,E01007587,Doncaster 020C,Other theft,Investigation complete; no suspect identified,
b8768823cf7f1b8621dae13911579919e1f961dfae57ffe962b0a2162222bc2a,2025-02,South Yorkshire Police,South Yorkshire Police,-1.233407,53.561462,On or near Ling Field Road,E01007587,Doncaster 020C,Vehicle crime,Investigation complete; no suspect identified,
f7921d3a30e6c0a6d4e8de187dd4540604bb951fdbb8376d57c6ee806d74ff51,2025-02,South Yorkshire Police,South Yorkshire Police,-1.222654,53.560808,On or near Pickburn Lane,E01007587,Doncaster 020C,Vehicle crime,Investigation complete; no suspect identified,
9fd265cd2bf1c40ce8c2b3e2024ae75cc1b88919326d169776883700cdcdcbd7,2025-02,South Yorkshire Police,South Yorkshire Police,-1.177388,53.542376,On or near Roman Mews,E01007587,Doncaster 020C,Violence and sexual offences,Unable to prosecute suspect,
9dd34b081837592fc74ac5406526cb3398d0632bad5dcee95cd2ef55cf9b1508,2025-02,South Yorkshire Police,South Yorkshire Police,-1.177388,53.542376,On or near Roman Mews,E01007587,Doncaster 020C,Violence and sexual offences,Unable to prosecute suspect,
2f5d8f68fb03a3e1b0bf4c56524e2dd41e9ce25d7839f6bdf0ec9fc323685651,2025-02,South Yorkshire Police,South Yorkshire Police,-1.178613,53.542276,On or near Vulcan Crescent,E01007587,Doncaster 020C,Violence and sexual offences,Unable to prosecute suspect,
,2025-02,South Yorkshire Police,South Yorkshire Police,-1.221012,53.484970,On or near Bentinck Street,E01007620,Doncaster 020D,Anti-social behaviour,,
df9ec3c1193acaee5376accb91f61bdfa3e81dffa48a7afe838b641ccb93c209,2025-02,South Yorkshire Police,South Yorkshire Police,-1.217671,53.483905,On or near Petrol Station,E01007620,Doncaster 020D,Criminal damage and arson,Investigation complete; no suspect identified,
ca4bac8b075b4f28dd8ddd37fde6bdea03ea23a1c914a4feb6207af9634044f9,2025-02,South Yorkshire Police,South Yorkshire Police,-1.222453,53.486103,On or near Burcroft Hill,E01007620,Doncaster 020D,Other theft,Investigation complete; no suspect identified,
647e8f4d90e8a935a7734d667756a6da9638206abf415dc397117c134b9c2c91,2025-02,South Yorkshire Police,South Yorkshire Police,-1.217671,53.483905,On or near Petrol Station,E01007620,Doncaster 020D,Other theft,Investigation complete; no suspect identified,
3f902711692bad4382e40b4559dcb76a13f4f4c1c03126ddfa3c2a83978cdd76,2025-02,South Yorkshire Police,South Yorkshire Police,-1.216232,53.485145,On or near Milner Gate,E01007620,Doncaster 020D,Public order,Unable to prosecute suspect,
80aee77478237101b757b6ef785e6a2bd07b53645dcdd374d62afbdfe5df82d6,2025-02,South Yorkshire Police,South Yorkshire Police,-1.217671,53.483905,On or near Petrol Station,E01007620,Doncaster 020D,Shoplifting,Investigation complete; no suspect identified,
40fed76a234f22c9037e4ee6877ec198ca762ae8d3401c5907e38d8e1ccd006b,2025-02,South Yorkshire Police,South Yorkshire Police,-1.218791,53.485288,On or near Orchard Court,E01007620,Doncaster 020D,Vehicle crime,Status update unavailable,
124ecef1b6c58345af9dabf8eafb048df9064465768b5958a3a747ce858ac892,2025-02,South Yorkshire Police,South Yorkshire Police,-1.220627,53.500239,On or near Caderby Lane,E01007620,Doncaster 020D,Vehicle crime,Investigation complete; no suspect identified,
631c56f7d6017b154a77d898c92d15e313c31603a456d8c1e091a87722889851,2025-02,South Yorkshire Police,South Yorkshire Police,-1.215554,53.485123,On or near Woodsett Walk,E01007620,Doncaster 020D,Violence and sexual offences,Unable to prosecute suspect,
1c5a182a71d217e934d8196a4e0e493aeaefb802c89f7f74530bcdcb66079dca,2025-02,South Yorkshire Police,South Yorkshire Police,-1.214389,53.486194,On or near Valley View,E01007620,Doncaster 020D,Violence and sexual offences,Unable to prosecute suspect,
931fe010126a2520b6cefd8be9b20cdb7d4cf4ad426e6b31160831af5ad9baa0,2025-02,South Yorkshire Police,South Yorkshire Police,-1.221604,53.484731,On or near Bentinick Street,E01007620,Doncaster 020D,Violence and sexual offences,Unable to prosecute suspect,
e34c6e2f3b7b87f5014fbe46d23b236c41e83ad9cd5a9d5bb294f322a04a998d,2025-02,South Yorkshire Police,South Yorkshire Police,-1.221604,53.484731,On or near Bentinick Street,E01007620,Doncaster 020D,Violence and sexual offences,Unable to prosecute suspect,
525fc8abd20c3f46efca2d917e225988bbe981540bdba725146f5dfb89f62c48,2025-02,South Yorkshire Police,South Yorkshire Police,-1.217671,53.483905,On or near Petrol Station,E01007620,Doncaster 020D,Other crime,Status update unavailable,
a55cf0296ad029f0cb4562ed689cde06a1cfbb0380f0bb5c5923a88ce6a7bfb4,2025-02,South Yorkshire Police,South Yorkshire Police,-1.155252,53.528622,On or near Anchorage Crescent,E01007584,Doncaster 021A,Criminal damage and arson,Investigation complete; no suspect identified,
8fab7e33d9aeff2425df645a358da3515be572012f1538bd50d2b7bc2d6e4fd1,2025-02,South Yorkshire Police,South Yorkshire Police,-1.146109,53.528674,On or near Power Station Road,E01007584,Doncaster 021A,Other theft,Status update unavailable,
1eeb3a5076f2b1596da818cbd45d21ac86a9ae934ce319eb8475a48eb2a85bc0,2025-02,South Yorkshire Police,South Yorkshire Police,-1.155068,53.531820,On or near Newcomen Road,E01007584,Doncaster 021A,Public order,Investigation complete; no suspect identified,
cf328013533cba800b8498831724f30c90a547463a2fd325d3cb383b455a8398,2025-02,South Yorkshire Police,South Yorkshire Police,-1.155068,53.531820,On or near Newcomen Road,E01007584,Doncaster 021A,Shoplifting,Investigation complete; no suspect identified,
ab73ffeb1ad39e133cf87fbd43047b30adc5ccde5d001516737835625f354808,2025-02,South Yorkshire Police,South Yorkshire Police,-1.154002,53.531656,On or near Shopping Area,E01007584,Doncaster 021A,Shoplifting,Unable to prosecute suspect,
07bb54771f40df1f0bd8a56a8ac18be65a855c3d81df552b9a05deae0e324a5d,2025-02,South Yorkshire Police,South Yorkshire Police,-1.154002,53.531656,On or near Shopping Area,E01007584,Doncaster 021A,Shoplifting,Investigation complete; no suspect identified,
a2a8c576c1304c483125252ac20e0b1a7218cb8e93fa046a9636ada8e3636e9e,2025-02,South Yorkshire Police,South Yorkshire Police,-1.155068,53.531820,On or near Newcomen Road,E01007584,Doncaster 021A,Shoplifting,Investigation complete; no suspect identified,
b60fa4e363ba213d32da5948a8e22ee6bf77d58769fbe90f316795cf5c14c5d0,2025-02,South Yorkshire Police,South Yorkshire Police,-1.155068,53.531820,On or near Newcomen Road,E01007584,Doncaster 021A,Shoplifting,Investigation complete; no suspect identified,
1e3440f65c1ae2407525461720883decec294226cc7d94e3a4a6271cbe769fcf,2025-02,South Yorkshire Police,South Yorkshire Police,-1.154002,53.531656,On or near Shopping Area,E01007584,Doncaster 021A,Shoplifting,Status update unavailable,
11eb389ace4185dc349687154bcff5137cedf028828a8a01c28749e6646870ab,2025-02,South Yorkshire Police,South Yorkshire Police,-1.155252,53.528622,On or near Anchorage Crescent,E01007584,Doncaster 021A,Violence and sexual offences,Awaiting court outcome,
d789b3f38c0106d11fbed52a68e1a1458a8a76eb146dda05dabdb68968beb316,2025-02,South Yorkshire Police,South Yorkshire Police,-1.150993,53.527009,On or near Hospital,E01007584,Doncaster 021A,Violence and sexual offences,Unable to prosecute suspect,
81db61c1df5468260ec51d2fa1008a02cc6fbede5159d1584065949db1fc7201,2025-02,South Yorkshire Police,South Yorkshire Police,-1.150993,53.527009,On or near Hospital,E01007584,Doncaster 021A,Violence and sexual offences,Unable to prosecute suspect,
cd77a70596440e2182691d397c0694582615082087edf70de3bcad77eb0e7397,2025-02,South Yorkshire Police,South Yorkshire Police,-1.160646,53.523653,On or near Sovereign Court,E01007585,Doncaster 021B,Shoplifting,Awaiting court outcome,
7c5f5169d45c0182d7a4cca9327072027eba39549514255ae5cecb64887f4d79,2025-02,South Yorkshire Police,South Yorkshire Police,-1.160646,53.523653,On or near Sovereign Court,E01007585,Doncaster 021B,Shoplifting,Investigation complete; no suspect identified,
10d8941dc40ea42c4e038575009a565dcfb6a086784753360e48322c72f1d314,2025-02,South Yorkshire Police,South Yorkshire Police,-1.160646,53.523653,On or near Sovereign Court,E01007585,Doncaster 021B,Shoplifting,Investigation complete; no suspect identified,
36c77a2fd42f908a556bdc9d3fddb046da979dee703f21471d73c2dbcee72e86,2025-02,South Yorkshire Police,South Yorkshire Police,-1.160646,53.523653,On or near Sovereign Court,E01007585,Doncaster 021B,Shoplifting,Awaiting court outcome,
2423988e70bfc382aaee3ae40d05a1b6d8f6b51018b17969927120339d1bd004,2025-02,South Yorkshire Police,South Yorkshire Police,-1.164409,53.520237,On or near Hengist Road,E01007585,Doncaster 021B,Violence and sexual offences,Unable to prosecute suspect,
5bad4446c4994660c9f2f3bf8cc9ed677b7dfc80cd88ed97e33b51bb0f2d1ab8,2025-02,South Yorkshire Police,South Yorkshire Police,-1.163193,53.521478,On or near Newton Drive,E01007585,Doncaster 021B,Violence and sexual offences,Unable to prosecute suspect,
8c8ddf30936bc14c889281d526380275132e9617a10c9a57a669d476f442a869,2025-02,South Yorkshire Police,South Yorkshire Police,-1.161540,53.528028,On or near Wordsworth Drive,E01007585,Doncaster 021B,Violence and sexual offences,Unable to prosecute suspect,
05d973197bc0813de028e4f21ffa00aafa4c9819a0bf9661987be4babad7fa36,2025-02,South Yorkshire Police,South Yorkshire Police,-1.161540,53.528028,On or near Wordsworth Drive,E01007585,Doncaster 021B,Violence and sexual offences,Unable to prosecute suspect,
,2025-02,South Yorkshire Police,South Yorkshire Police,-1.201162,53.514807,On or near Toecroft Lane,E01007617,Doncaster 021C,Anti-social behaviour,,
,2025-02,South Yorkshire Police,South Yorkshire Police,-1.201162,53.514807,On or near Toecroft Lane,E01007617,Doncaster 021C,Anti-social behaviour,,
b1910709ab25b21fe14ba9d83a38094f426dec987bf5f26aca0e0d6b67bd2540,2025-02,South Yorkshire Police,South Yorkshire Police,-1.195313,53.514669,On or near Kendal Close,E01007617,Doncaster 021C,Burglary,Investigation complete; no suspect identified,
3e83d09815327ff019a478e7c63f7b4bd4544bad80192ac840af8bbb2e4f0026,2025-02,South Yorkshire Police,South Yorkshire Police,-1.190316,53.529206,On or near Long Lane,E01007617,Doncaster 021C,Public order,Investigation complete; no suspect identified,
bb7b524dccf7585dbd33b038d89a85b2789fed64963b1dba5e92158cb4f79114,2025-02,South Yorkshire Police,South Yorkshire Police,-1.198136,53.514490,On or near Chiltern Crescent,E01007617,Doncaster 021C,Other crime,Investigation complete; no suspect identified,
97c7ee9b596e9bce762391fdacf5981e9e632e6578ffc67b20aa14a5c6917427,2025-02,South Yorkshire Police,South Yorkshire Police,-1.172961,53.518642,On or near Dean Close,E01007618,Doncaster 021D,Other theft,Investigation complete; no suspect identified,
3499e5af9dba99b60a579c36ed3013e2eac1a52281f8c6039153ae8179348596,2025-02,South Yorkshire Police,South Yorkshire Police,-1.168317,53.524003,On or near Valiant Gardens,E01007618,Doncaster 021D,Other theft,Unable to prosecute suspect,
ad24fafcd3868e8d7c4c055ebe38c8bf76bec68c91cb28e6d6d890f13459c1c3,2025-02,South Yorkshire Police,South Yorkshire Police,-1.167983,53.522536,On or near Challenger Drive,E01007618,Doncaster 021D,Vehicle crime,Investigation complete; no suspect identified,
c3a1d4980ff6509c34b6328fd413bc823b922dccb139de378f8a1e4c37b0d2f1,2025-02,South Yorkshire Police,South Yorkshire Police,-1.167383,53.518532,On or near Ingle Grove,E01007618,Doncaster 021D,Violence and sexual offences,Unable to prosecute suspect,
121dc040de46ef3548d03b30509e4506390d11bc6435a6ae39d092dca0ea7b31,2025-02,South Yorkshire Police,South Yorkshire Police,-1.167383,53.518532,On or near Ingle Grove,E01007618,Doncaster 021D,Violence and sexual offences,Unable to prosecute suspect,
4b4f7770eee92d16226283442a1a53ad43a23ea5273bfdcff63eaee1757a2ab9,2025-02,South Yorkshire Police,South Yorkshire Police,-1.167383,53.518532,On or near Ingle Grove,E01007618,Doncaster 021D,Violence and sexual offences,Local resolution,
feb79ff17162dd8517a8dc7f80791a7c0c4b607b46a6e25671be507d4aa2e7e5,2025-02,South Yorkshire Police,South Yorkshire Police,-1.167383,53.518532,On or near Ingle Grove,E01007618,Doncaster 021D,Violence and sexual offences,Unable to prosecute suspect,
b884f204a37c0e1d1682b2056f172414b0ed2ad032d5df536d2b7d87ff2ca37e,2025-02,South Yorkshire Police,South Yorkshire Police,-1.167383,53.518532,On or near Ingle Grove,E01007618,Doncaster 021D,Other crime,Unable to prosecute suspect,
,2025-02,South Yorkshire Police,South Yorkshire Police,-1.190145,53.513654,On or near Woodview,E01007619,Doncaster 021E,Anti-social behaviour,,
77e4c045de38c54ef74e7daeae46c27d51087067a1c6bb781679319f73848925,2025-02,South Yorkshire Police,South Yorkshire Police,-1.190027,53.511092,On or near Rectory Mews,E01007619,Doncaster 021E,Criminal damage and arson,Investigation complete; no suspect identified,
ac98a172e9c83129177846aa25bbeaf1623133cdcef24fa3ae8f22dec3308949,2025-02,South Yorkshire Police,South Yorkshire Police,-1.190027,53.511092,On or near Rectory Mews,E01007619,Doncaster 021E,Criminal damage and arson,Unable to prosecute suspect,
4d63d0c286e645af4a09f57a685ab09dee943076b21e5d3dca3840d1466e5755,2025-02,South Yorkshire Police,South Yorkshire Police,-1.187315,53.514147,On or near Melton Gardens,E01007619,Doncaster 021E,Violence and sexual offences,Unable to prosecute suspect,
a4c6cba7ac75bb688229592d51b1d0ce003eda645d6fb018e720ddb8f8cc9bd2,2025-02,South Yorkshire Police,South Yorkshire Police,-1.175865,53.513584,On or near Oak Court,E01007619,Doncaster 021E,Violence and sexual offences,Unable to prosecute suspect,
,2025-02,South Yorkshire Police,South Yorkshire Police,-1.139586,53.522263,On or near Doncaster,E01007529,Doncaster 022A,Anti-social behaviour,,
,2025-02,South Yorkshire Police,South Yorkshire Police,-1.139586,53.522263,On or near Doncaster,E01007529,Doncaster 022A,Anti-social behaviour,,
,2025-02,South Yorkshire Police,South Yorkshire Police,-1.138072,53.521092,On or near West Street,E01007529,Doncaster 022A,Anti-social behaviour,,
,2025-02,South Yorkshire Police,South Yorkshire Police,-1.139586,53.522263,On or near Doncaster,E01007529,Doncaster 022A,Anti-social behaviour,,
1f1ed46656610bdad3a8d70e138f6a60f73759c0302e9c8aa888f00629d18572,2025-02,South Yorkshire Police,South Yorkshire Police,-1.139586,53.522263,On or near Doncaster,E01007529,Doncaster 022A,Bicycle theft,Investigation complete; no suspect identified,
57aa30a7673fe686be20b0481f0ea0dfe2b752923823fc629467fb8bbdec7f9d,2025-02,South Yorkshire Police,South Yorkshire Police,-1.151555,53.515832,On or near Beaconsfield Road,E01007529,Doncaster 022A,Burglary,Awaiting court outcome,
6a181962546830f47471745a682923c3ed2ebff321a6f8b44c22aa3904ea2c28,2025-02,South Yorkshire Police,South Yorkshire Police,-1.146922,53.517533,On or near Lindum Street,E01007529,Doncaster 022A,Burglary,Awaiting court outcome,
55eb3ee681485fdca3ed559480bdc9123a5ef65344c15a3e3e4bb3e96f0664d6,2025-02,South Yorkshire Police,South Yorkshire Police,-1.144846,53.517231,On or near Stone Close Avenue,E01007529,Doncaster 022A,Burglary,Investigation complete; no suspect identified,
b823989700556c6314b33c96e69f19610b0c46c1be1f9ba5f4bd005faace25fa,2025-02,South Yorkshire Police,South Yorkshire Police,-1.151248,53.517618,On or near Senior Road,E01007529,Doncaster 022A,Criminal damage and arson,Unable to prosecute suspect,
c787a52c258dfe56a1b20b174836625203e37a8f85db4e91f7af68210f647996,2025-02,South Yorkshire Police,South Yorkshire Police,-1.145598,53.518854,On or near Flowitt Street,E01007529,Doncaster 022A,Criminal damage and arson,Investigation complete; no suspect identified,
d89c82e28c0e49f2e47899d108844e2b30100040badc9a5ab739001936882b8a,2025-02,South Yorkshire Police,South Yorkshire Police,-1.151248,53.517618,On or near Senior Road,E01007529,Doncaster 022A,Criminal damage and arson,Investigation complete; no suspect identified,
d7c158abf9de53806ed87e81de14a133594b423543be29859cb6d1f71fbc6137,2025-02,South Yorkshire Police,South Yorkshire Police,-1.151248,53.517618,On or near Senior Road,E01007529,Doncaster 022A,Criminal damage and arson,Investigation complete; no suspect identified,
7f413062e28bd5a41c87478d9cd197e2ee90b67c080c83dc2ac830e57d08406b,2025-02,South Yorkshire Police,South Yorkshire Police,-1.144456,53.518630,On or near Hexthorpe Road,E01007529,Doncaster 022A,Drugs,Unable to prosecute suspect,
c2753859c2e111b298f47dee2256ff50b0bb205f080fb0686d4ff425e8c1e02b,2025-02,South Yorkshire Police,South Yorkshire Police,-1.143799,53.519039,On or near Crimpsall Road,E01007529,Doncaster 022A,Drugs,Unable to prosecute suspect,
21d7bd399dd98527ca52e95c04cb47855b4005ab3f660ad2195b528191afaa25,2025-02,South Yorkshire Police,South Yorkshire Police,-1.144456,53.518630,On or near Hexthorpe Road,E01007529,Doncaster 022A,Drugs,Local resolution,
d0b59ba5ad42dd15683298aa1dc8be5cedbf39af538ffd1c7fc3ca6583803ee7,2025-02,South Yorkshire Police,South Yorkshire Police,-1.147820,53.517081,On or near Mutual Street,E01007529,Doncaster 022A,Other theft,Investigation complete; no suspect identified,
b82a3e3b16c24e7ecb42465c2e4d07a9dece2170bb692dccae975ecf2258bb30,2025-02,South Yorkshire Police,South Yorkshire Police,-1.149359,53.517838,On or near Bentley Avenue,E01007529,Doncaster 022A,Other theft,Investigation complete; no suspect identified,
8e069a6477c0aea9d494ee526649c3ff9c1b5a2929524ae75efa424c04e4f78a,2025-02,South Yorkshire Police,South Yorkshire Police,-1.147820,53.517081,On or near Mutual Street,E01007529,Doncaster 022A,Other theft,Unable to prosecute suspect,
4f68e4ae865cd7f6b974b775eae3848ef4f0194b755c137b01d1f402bd40f371,2025-02,South Yorkshire Police,South Yorkshire Police,-1.145598,53.518854,On or near Flowitt Street,E01007529,Doncaster 022A,Other theft,Unable to prosecute suspect,
796f026439ae97484f40cee5c314f4eba9b8d66790934e2094963a1d2e760c93,2025-02,South Yorkshire Police,South Yorkshire Police,-1.145003,53.525178,On or near Prison,E01007529,Doncaster 022A,Other theft,Investigation complete; no suspect identified,
0eed9b70ad0582ec38fb20504efec7b5c667252a0c805ef2c2d9aa103493e4b2,2025-02,South Yorkshire Police,South Yorkshire Police,-1.145598,53.518854,On or near Flowitt Street,E01007529,Doncaster 022A,Other theft,Investigation complete; no suspect identified,
a8839e3ae380ba31e8d20401d62b29308a572b9560b352b92ea0cf85e6aa4d66,2025-02,South Yorkshire Police,South Yorkshire Police,-1.144204,53.517649,On or near Ellerker Avenue,E01007529,Doncaster 022A,Possession of weapons,Unable to prosecute suspect,
3c97521c003830f716b38ee70d3c98d2348796fedb8c5ddba24bf2065a21bd18,2025-02,South Yorkshire Police,South Yorkshire Police,-1.145003,53.525178,On or near Prison,E01007529,Doncaster 022A,Public order,Status update unavailable,
1502619004e4d1e9bb2083e65f22ffed14c140a47f61126dfa7ce1e636292f91,2025-02,South Yorkshire Police,South Yorkshire Police,-1.139586,53.522263,On or near Doncaster,E01007529,Doncaster 022A,Shoplifting,Awaiting court outcome,
832a0dc7bbcde8c7616580b88d841403421537954cab0dde330e67d44aff82e6,2025-02,South Yorkshire Police,South Yorkshire Police,-1.145598,53.518854,On or near Flowitt Street,E01007529,Doncaster 022A,Shoplifting,Investigation complete; no suspect identified,
7788d46bb6392dfa218b9230477058bd981b9ad947078d3744304f19ba581448,2025-02,South Yorkshire Police,South Yorkshire Police,-1.139586,53.522263,On or near Doncaster,E01007529,Doncaster 022A,Shoplifting,Status update unavailable,
4e01ddf9f4f7f4503863a2163ae01aadb5ab773820b0ae28685a4cb966b9f346,2025-02,South Yorkshire Police,South Yorkshire Police,-1.145598,53.518854,On or near Flowitt Street,E01007529,Doncaster 022A,Shoplifting,Unable to prosecute suspect,
6851b2103d23966616ec4030df6e131b40fe3d141287f81541f2c14e1b6494e0,2025-02,South Yorkshire Police,South Yorkshire Police,-1.139586,53.522263,On or near Doncaster,E01007529,Doncaster 022A,Shoplifting,Investigation complete; no suspect identified,
2559f41c2b744e8b839271fa5a26ba691b934f7672dea35a8b15dbf44eb33e98,2025-02,South Yorkshire Police,South Yorkshire Police,-1.146922,53.517533,On or near Lindum Street,E01007529,Doncaster 022A,Vehicle crime,Investigation complete; no suspect identified,
b193858b93874f30d5e1de8f27473419164cc54e635e5fad1f7a866ea3ab6eaa,2025-02,South Yorkshire Police,South Yorkshire Police,-1.139089,53.519275,On or near Parking Area,E01007529,Doncaster 022A,Vehicle crime,Unable to prosecute suspect,
81426b8a2040947f1d882e52304c11bb4a7a9b2757b8986e8fc27f7bab855271,2025-02,South Yorkshire Police,South Yorkshire Police,-1.149359,53.517838,On or near Bentley Avenue,E01007529,Doncaster 022A,Vehicle crime,Investigation complete; no suspect identified,
ed7c239f4fda5ea1baecaddd394e85dd82ded896452bcc56233e862237677407,2025-02,South Yorkshire Police,South Yorkshire Police,-1.147820,53.517081,On or near Mutual Street,E01007529,Doncaster 022A,Vehicle crime,Investigation complete; no suspect identified,
9404b6f568642086b39b23eb66590886f38aacef2ef289d0f94f1ef55f9aa6d7,2025-02,South Yorkshire Police,South Yorkshire Police,-1.139089,53.519275,On or near Parking Area,E01007529,Doncaster 022A,Vehicle crime,Investigation complete; no suspect identified,
740bfbd7f98794d5749226fc873f93784922310006c31277ce643245d306d2c2,2025-02,South Yorkshire Police,South Yorkshire Police,-1.144456,53.518630,On or near Hexthorpe Road,E01007529,Doncaster 022A,Vehicle crime,Investigation complete; no suspect identified,
d5d5b0b0e8e4e6d9a80ccda55c096ea99ad442123e4897a03072a4f81a483ec2,2025-02,South Yorkshire Police,South Yorkshire Police,-1.149200,53.518233,On or near Ramsden Road,E01007529,Doncaster 022A,Violence and sexual offences,Unable to prosecute suspect,
76a8bd09a9690d36191cebe8cc328025c33bdaa5b94c149b42db4e3072ff0423,2025-02,South Yorkshire Police,South Yorkshire Police,-1.149200,53.518233,On or near Ramsden Road,E01007529,Doncaster 022A,Violence and sexual offences,Unable to prosecute suspect,
5807890fd79bbc8e289b9721f6ee71b67426260549e476676f88ecce3cfd9274,2025-02,South Yorkshire Police,South Yorkshire Police,-1.144456,53.518630,On or near Hexthorpe Road,E01007529,Doncaster 022A,Violence and sexual offences,Investigation complete; no suspect identified,
3816c4aa8e56b5d05bb3a106417b7b30870479963b4224257eca9d12b38d80d9,2025-02,South Yorkshire Police,South Yorkshire Police,-1.144456,53.518630,On or near Hexthorpe Road,E01007529,Doncaster 022A,Violence and sexual offences,Offender given a caution,
cb6a4b8d5f325d4f83f88398a76455b6436cdb9fbc82cfa7cb9528b2ab57a0b4,2025-02,South Yorkshire Police,South Yorkshire Police,-1.144456,53.518630,On or near Hexthorpe Road,E01007529,Doncaster 022A,Violence and sexual offences,Investigation complete; no suspect identified,
7f42a8d5389af7bd1658830606ab45a4b4cda7dc727013e0528ac728856662aa,2025-02,South Yorkshire Police,South Yorkshire Police,-1.145003,53.525178,On or near Prison,E01007529,Doncaster 022A,Violence and sexual offences,Action to be taken by another organisation,
f43bf4916e4c3100049cc51593f34752c9ef5f5dc605e4cb3db0c0fe3a32bb8c,2025-02,South Yorkshire Police,South Yorkshire Police,-1.139586,53.522263,On or near Doncaster,E01007529,Doncaster 022A,Violence and sexual offences,Unable to prosecute suspect,
dfada21d7c802cb0fb6b99d4e45ec6e632bcee066cc83c21839f9c78e32e55a5,2025-02,South Yorkshire Police,South Yorkshire Police,-1.151555,53.515832,On or near Beaconsfield Road,E01007529,Doncaster 022A,Violence and sexual offences,Unable to prosecute suspect,
60c6182190e19084ef86496eaa45d684275d12ee90fdfd2408e78cead403a6db,2025-02,South Yorkshire Police,South Yorkshire Police,-1.144846,53.517231,On or near Stone Close Avenue,E01007529,Doncaster 022A,Violence and sexual offences,Unable to prosecute suspect,
9358430955f399311e713c8f2cfce71af3337c4b0d6890c26222683f832a4a97,2025-02,South Yorkshire Police,South Yorkshire Police,-1.151248,53.517618,On or near Senior Road,E01007529,Doncaster 022A,Violence and sexual offences,Awaiting court outcome,
33262955ea61088a4838afce295137f0f6e11fcd0b3d443614d269e60193cd2a,2025-02,South Yorkshire Police,South Yorkshire Police,-1.145598,53.518854,On or near Flowitt Street,E01007529,Doncaster 022A,Violence and sexual offences,Unable to prosecute suspect,
eb817fdf678ff46d7c26acbc3ac4e94ea9ccefea2d9ebae55ac43d42c86d2e2a,2025-02,South Yorkshire Police,South Yorkshire Police,-1.151248,53.517618,On or near Senior Road,E01007529,Doncaster 022A,Violence and sexual offences,Unable to prosecute suspect,
7061016824f26f131aa61f9ac1756f0b68395a5cde3c210793450c414bb0880c,2025-02,South Yorkshire Police,South Yorkshire Police,-1.144456,53.518630,On or near Hexthorpe Road,E01007529,Doncaster 022A,Violence and sexual offences,Investigation complete; no suspect identified,
17434b1aac01be5fce1abe57bdf22b0ab0e6678704d377374d7d015929c46524,2025-02,South Yorkshire Police,South Yorkshire Police,-1.149359,53.517838,On or near Bentley Avenue,E01007529,Doncaster 022A,Violence and sexual offences,Unable to prosecute suspect,
015048841dbfd76e1d633e25e0c8995113a49c19ddc7370b80a708462efdb62c,2025-02,South Yorkshire Police,South Yorkshire Police,-1.149200,53.518233,On or near Ramsden Road,E01007529,Doncaster 022A,Violence and sexual offences,Unable to prosecute suspect,
8add1b8baec16edd0efca5631935935f4e739bbc70eaa6a488c44c45cf200c72,2025-02,South Yorkshire Police,South Yorkshire Police,-1.145003,53.525178,On or near Prison,E01007529,Doncaster 022A,Violence and sexual offences,Further investigation is not in the public interest,
1a9635920e795243ec330da1c8669ff2b9b1086bdc16568f560c974fd6d559b8,2025-02,South Yorkshire Police,South Yorkshire Police,-1.149200,53.518233,On or near Ramsden Road,E01007529,Doncaster 022A,Violence and sexual offences,Unable to prosecute suspect,
b7b5f216b363c7525ad49cb742e0f3a43d0466cc7a2755ddcf5ed4bc9b26578c,2025-02,South Yorkshire Police,South Yorkshire Police,-1.149200,53.518233,On or near Ramsden Road,E01007529,Doncaster 022A,Violence and sexual offences,Unable to prosecute suspect,
76ce638c94699442095fc218e356e9cf0e36f40ae331bcb1e763c403ac53b807,2025-02,South Yorkshire Police,South Yorkshire Police,-1.153424,53.515899,On or near Shady Side,E01007529,Doncaster 022A,Violence and sexual offences,Unable to prosecute suspect,
53518fc63fc16c6ecd48be545dc09095cdf729f5d887993b99dfaa47c5291fda,2025-02,South Yorkshire Police,South Yorkshire Police,-1.145003,53.525178,On or near Prison,E01007529,Doncaster 022A,Violence and sexual offences,Action to be taken by another organisation,
31eeb62c7085c54f41617be8dff1cf172d185cf21446eaf01fef5f5c605b8e70,2025-02,South Yorkshire Police,South Yorkshire Police,-1.145003,53.525178,On or near Prison,E01007529,Doncaster 022A,Violence and sexual offences,Status update unavailable,
8e98b3c8690b916ef6cb421d33c738c397a62d0b63b44be24a1f0ae0d8b736de,2025-02,South Yorkshire Police,South Yorkshire Police,-1.145598,53.518854,On or near Flowitt Street,E01007529,Doncaster 022A,Violence and sexual offences,Unable to prosecute suspect,
91a7685ffe048382c1d7f266cfa640b7d26db7b01483a60c993c2536b72435f3,2025-02,South Yorkshire Police,South Yorkshire Police,-1.144204,53.517649,On or near Ellerker Avenue,E01007529,Doncaster 022A,Violence and sexual offences,Unable to prosecute suspect,
574b892640ddc331287e6a921e1ff2c2260a35229b46ead4a9fe138148bdd722,2025-02,South Yorkshire Police,South Yorkshire Police,-1.145003,53.525178,On or near Prison,E01007529,Doncaster 022A,Violence and sexual offences,Unable to prosecute suspect,
1a8c6636bc8b59ca4fb8c44659433973c160c1b5ac0206922c4e760eae7256b8,2025-02,South Yorkshire Police,South Yorkshire Police,-1.145598,53.518854,On or near Flowitt Street,E01007529,Doncaster 022A,Other crime,Investigation complete; no suspect identified,
2a710fadc9d5819eda221ffe245830d63b76d9ab4c7ca753760c2111766ae663,2025-02,South Yorkshire Police,South Yorkshire Police,-1.145003,53.525178,On or near Prison,E01007529,Doncaster 022A,Other crime,Status update unavailable,
0308a9463ab46c824d381d2b5aee119b76d633a960ae1341b4624e395a28b39e,2025-02,South Yorkshire Police,South Yorkshire Police,-1.145003,53.525178,On or near Prison,E01007529,Doncaster 022A,Other crime,Action to be taken by another organisation,
,2025-02,South Yorkshire Police,South Yorkshire Police,-1.140605,53.512922,On or near Petrol Station,E01007530,Doncaster 022B,Anti-social behaviour,,
972fe5279550c29a111cb15986a9831edde6f2f535bb0d990b6fe114fefcdaa7,2025-02,South Yorkshire Police,South Yorkshire Police,-1.126545,53.513908,On or near St Andrew'S Terrace,E01007530,Doncaster 022B,Burglary,Awaiting court outcome,
a1c3e11c089db009e51b3128583fc3e984d6fd5a21bbb19ce598c89ca0d18d4d,2025-02,South Yorkshire Police,South Yorkshire Police,-1.122660,53.512909,On or near Lady Bank Drive,E01007530,Doncaster 022B,Criminal damage and arson,Investigation complete; no suspect identified,
bfe366f46ecb3518dd895cd5504206af7c708c02d3d6895611f16b839dcea8a4,2025-02,South Yorkshire Police,South Yorkshire Police,-1.138608,53.513249,On or near Holly Street,E01007530,Doncaster 022B,Drugs,Local resolution,
10300d012ba492dea4603128aa82f5db080b7c13539d12dcc8b2f2d15a08c1dd,2025-02,South Yorkshire Police,South Yorkshire Police,-1.126195,53.514786,On or near North Street,E01007530,Doncaster 022B,Drugs,Status update unavailable,
c8f6323a7cbe12263e613d0dd2edded60c4a908ca0de28a92989f7f3865e7b8a,2025-02,South Yorkshire Police,South Yorkshire Police,-1.130504,53.514287,On or near Carr Lane,E01007530,Doncaster 022B,Other theft,Investigation complete; no suspect identified,
ca92bea8043fcd242afb1a6099c61d325f6fbf03ce0ccbaa9b47a7d2ea36343a,2025-02,South Yorkshire Police,South Yorkshire Police,-1.141953,53.512635,On or near Petrol Station,E01007530,Doncaster 022B,Other theft,Investigation complete; no suspect identified,
ee4bdb4da83db35f6d45d52cea8b8f12b416eb0f13646bb5ac1045fd5a6aa6cf,2025-02,South Yorkshire Police,South Yorkshire Police,-1.136695,53.516822,On or near Oxford Place,E01007530,Doncaster 022B,Public order,Unable to prosecute suspect,
b8efd19d4acd80b23be202ec720d12f13426d77b2155927ea0264a5b5c9a7da3,2025-02,South Yorkshire Police,South Yorkshire Police,-1.126195,53.514786,On or near North Street,E01007530,Doncaster 022B,Robbery,Unable to prosecute suspect,
b03941bb92f2e0a4fc54655ea98687e1c145e04435b8299cbe11faf0f24af0d0,2025-02,South Yorkshire Police,South Yorkshire Police,-1.140605,53.512922,On or near Petrol Station,E01007530,Doncaster 022B,Shoplifting,Investigation complete; no suspect identified,
3637450c2733774590f387fb4b5e4ac0a1dbcb1db549ce50b4fb0e1a58bff222,2025-02,South Yorkshire Police,South Yorkshire Police,-1.141953,53.512635,On or near Petrol Station,E01007530,Doncaster 022B,Shoplifting,Investigation complete; no suspect identified,
05ef4a415a0c1e758db9655906c335e48d0a290ceb971211776d7b3e5a4a1557,2025-02,South Yorkshire Police,South Yorkshire Police,-1.140605,53.512922,On or near Petrol Station,E01007530,Doncaster 022B,Theft from the person,Investigation complete; no suspect identified,
0be8f48dce10e601b726d88ee263c012d624075ef56b1142ae25a7fc7acb0991,2025-02,South Yorkshire Police,South Yorkshire Police,-1.131569,53.516021,On or near Bentinck Close,E01007530,Doncaster 022B,Vehicle crime,Investigation complete; no suspect identified,
0beefee457775689dc5f1ca7deaa1ed116d1ad967289f07899ed2a03616b0662,2025-02,South Yorkshire Police,South Yorkshire Police,-1.128559,53.514228,On or near Nelson Street,E01007530,Doncaster 022B,Vehicle crime,Investigation complete; no suspect identified,
a46b382ef255d0343d78b3abf255df6d10ecfe49211a9766b4571fa85582d11b,2025-02,South Yorkshire Police,South Yorkshire Police,-1.136695,53.516822,On or near Oxford Place,E01007530,Doncaster 022B,Violence and sexual offences,Unable to prosecute suspect,
9b62a51a0bc1df084a8abbe0f03259565f0fc2e282804c5eae7069a27f6a0775,2025-02,South Yorkshire Police,South Yorkshire Police,-1.138608,53.513249,On or near Holly Street,E01007530,Doncaster 022B,Violence and sexual offences,Unable to prosecute suspect,
31948dd6b1010eb4bf4bec39409ec52dd12b51b30650d9d6ba3764dd8713d143,2025-02,South Yorkshire Police,South Yorkshire Police,-1.133643,53.515613,On or near Exchange Street,E01007530,Doncaster 022B,Violence and sexual offences,Unable to prosecute suspect,
f037ba361c3b12477d9c3b60495c0cc39f56768b5e4d7633d94fc913cfb5e748,2025-02,South Yorkshire Police,South Yorkshire Police,-1.125397,53.514717,On or near Cooper Street,E01007530,Doncaster 022B,Violence and sexual offences,Unable to prosecute suspect,
2c939657f089372f9127143533acc1192aba370341598f2ec7b840e7d386cce1,2025-02,South Yorkshire Police,South Yorkshire Police,-1.130504,53.514287,On or near Carr Lane,E01007530,Doncaster 022B,Violence and sexual offences,Unable to prosecute suspect,
23b19a31d7a13b368f9303671e5bc8fec15a5d0e677132d77b58441704b50a29,2025-02,South Yorkshire Police,South Yorkshire Police,-1.126195,53.514786,On or near North Street,E01007530,Doncaster 022B,Violence and sexual offences,Unable to prosecute suspect,
47bb2d9a6051e78d4412b08d75428db13fa316e2a812e3e498a1adc9288d53b0,2025-02,South Yorkshire Police,South Yorkshire Police,-1.130504,53.514287,On or near Carr Lane,E01007530,Doncaster 022B,Violence and sexual offences,Unable to prosecute suspect,
e05b5f312a79fdabef72d29a677e75c07c88630994b8e8cdbac2ad27effcbdcf,2025-02,South Yorkshire Police,South Yorkshire Police,-1.123772,53.515272,On or near Childers Street,E01007530,Doncaster 022B,Violence and sexual offences,Unable to prosecute suspect,
dd77f65f4a7920f33bb58886858a99ae032baefc0ef471b7a87ef4e1bf77d78d,2025-02,South Yorkshire Police,South Yorkshire Police,-1.130504,53.514287,On or near Carr Lane,E01007530,Doncaster 022B,Violence and sexual offences,Unable to prosecute suspect,
7519350f3f7f2ee5012a4e5323779e33142f4e4c1f6453b6e0f97f1206b9d1ca,2025-02,South Yorkshire Police,South Yorkshire Police,-1.130504,53.514287,On or near Carr Lane,E01007530,Doncaster 022B,Other crime,Unable to prosecute suspect,
0b5e5bf99211d598a12b761ca5a7c7f34fa499e4577c30351a7521ca471b05da,2025-02,South Yorkshire Police,South Yorkshire Police,-1.122660,53.512909,On or near Lady Bank Drive,E01007530,Doncaster 022B,Other crime,Unable to prosecute suspect,
,2025-02,South Yorkshire Police,South Yorkshire Police,-1.148467,53.517949,On or near Laughton Road,E01007531,Doncaster 022C,Anti-social behaviour,,
,2025-02,South Yorkshire Police,South Yorkshire Police,-1.147453,53.518113,On or near Denison Road,E01007531,Doncaster 022C,Anti-social behaviour,,
,2025-02,South Yorkshire Police,South Yorkshire Police,-1.147453,53.518113,On or near Denison Road,E01007531,Doncaster 022C,Anti-social behaviour,,
eb5ce91155cdfee2bcb1fb9b60326cb07208ebb1041fe53b99544cd568358238,2025-02,South Yorkshire Police,South Yorkshire Police,-1.157050,53.514810,On or near Travis Gardens,E01007531,Doncaster 022C,Bicycle theft,Unable to prosecute suspect,
00c0de9559e4ff371c5cfd33f7a6349ca808f3b45e4029fe92833d79ecf61aee,2025-02,South Yorkshire Police,South Yorkshire Police,-1.152129,53.517346,On or near Eden Grove,E01007531,Doncaster 022C,Burglary,Investigation complete; no suspect identified,
ffd64e2e3d6b300a63bfaead5329f323f545665979a071cb7a4264731ba01ea0,2025-02,South Yorkshire Police,South Yorkshire Police,-1.148467,53.517949,On or near Laughton Road,E01007531,Doncaster 022C,Burglary,Investigation complete; no suspect identified,
943ae2c07e57343612214fe70818ed40d438ee258699e321ae64127d98bb6f76,2025-02,South Yorkshire Police,South Yorkshire Police,-1.152536,53.516558,On or near Wharncliffe Street,E01007531,Doncaster 022C,Burglary,Investigation complete; no suspect identified,
8399d7bb8953f3e20cf83d647ce63e01dd1586bcfaefdae8a5f53a7aa89807e9,2025-02,South Yorkshire Police,South Yorkshire Police,-1.152536,53.516558,On or near Wharncliffe Street,E01007531,Doncaster 022C,Burglary,Investigation complete; no suspect identified,
c7b11272a1ba310b8c2dba1ecbb2c45ce297afac3465039622dbd68fba7c342e,2025-02,South Yorkshire Police,South Yorkshire Police,-1.152536,53.516558,On or near Wharncliffe Street,E01007531,Doncaster 022C,Burglary,Investigation complete; no suspect identified,
f3f4280fa514d0c3af32b7f4cfd1fa35c6457d6c38cdd3f3cfc2f083f0fc92cc,2025-02,South Yorkshire Police,South Yorkshire Police,-1.152536,53.516558,On or near Wharncliffe Street,E01007531,Doncaster 022C,Burglary,Investigation complete; no suspect identified,
738a674457f284134e4dbfecfcc50deeb930930c14d29f691acff5c9e5105e70,2025-02,South Yorkshire Police,South Yorkshire Police,-1.157050,53.514810,On or near Travis Gardens,E01007531,Doncaster 022C,Burglary,Investigation complete; no suspect identified,
b01fe50b188cfd3aff4d0688efa7f409d067625b7eb9085dadf5c81a20e38282,2025-02,South Yorkshire Police,South Yorkshire Police,-1.147453,53.518113,On or near Denison Road,E01007531,Doncaster 022C,Criminal damage and arson,Investigation complete; no suspect identified,
eaca3b2c0feffa8600ed7decbc332e6b80936a5862df937dc5d77572ea77c934,2025-02,South Yorkshire Police,South Yorkshire Police,-1.147453,53.518113,On or near Denison Road,E01007531,Doncaster 022C,Criminal damage and arson,Investigation complete; no suspect identified,
c9c895bc2c511656d0563122d878c1be748ae98bd439fade13ad56df60efb7cc,2025-02,South Yorkshire Police,South Yorkshire Police,-1.147453,53.518113,On or near Denison Road,E01007531,Doncaster 022C,Drugs,Investigation complete; no suspect identified,
b276cab45fc3dbe8df4d991906cb1f5fa301580be31288333ef46fe4e82fb3dd,2025-02,South Yorkshire Police,South Yorkshire Police,-1.154911,53.513941,On or near Windle Road,E01007531,Doncaster 022C,Public order,Unable to prosecute suspect,
9f0c7818ce55becc2b316f8573421f140f769e39ec70c053c4b042cb3aec248e,2025-02,South Yorkshire Police,South Yorkshire Police,-1.155686,53.513623,On or near Scarll Road,E01007531,Doncaster 022C,Public order,Unable to prosecute suspect,
581eba40375cc20490909505fe000a05df605ae6eb9de9217dea98d0fd01de6f,2025-02,South Yorkshire Police,South Yorkshire Police,-1.156326,53.513313,On or near Laneside Close,E01007531,Doncaster 022C,Robbery,Investigation complete; no suspect identified,
7174fbd95ef525a2066a074495e5d1cd7ad07ca284cee1fe047db7649f789c10,2025-02,South Yorkshire Police,South Yorkshire Police,-1.152536,53.516558,On or near Wharncliffe Street,E01007531,Doncaster 022C,Vehicle crime,Unable to prosecute suspect,
95e101185c06b010d9dae9dc7516bc75dd34a5af330f201897ca4f340eb241a4,2025-02,South Yorkshire Police,South Yorkshire Police,-1.147453,53.518113,On or near Denison Road,E01007531,Doncaster 022C,Vehicle crime,Investigation complete; no suspect identified,
79b1a941ef31e4b86b76d2082d399203e6c462e66bbab1b595d19aa2d1701dc1,2025-02,South Yorkshire Police,South Yorkshire Police,-1.148467,53.517949,On or near Laughton Road,E01007531,Doncaster 022C,Violence and sexual offences,Awaiting court outcome,
c9c9450c66c93d3e991b20a0fcab7dec2bbf5c7842c4d36dafcd2550682dada6,2025-02,South Yorkshire Police,South Yorkshire Police,-1.156619,53.515247,On or near Old Hexthorpe,E01007531,Doncaster 022C,Violence and sexual offences,Unable to prosecute suspect,
2add4411ef34eb6af55b13ada3f83789634bde676a62a5af9f646b0081b36bab,2025-02,South Yorkshire Police,South Yorkshire Police,-1.156326,53.513313,On or near Laneside Close,E01007531,Doncaster 022C,Violence and sexual offences,Investigation complete; no suspect identified,
0bc9408ae8cfc515d0864044efa68d5b2d4e0dfbea22578a933267d13b3aa8f2,2025-02,South Yorkshire Police,South Yorkshire Police,-1.155686,53.513623,On or near Scarll Road,E01007531,Doncaster 022C,Violence and sexual offences,Unable to prosecute suspect,
af8384c26df64841a6144f456c69171614edd23349a2d00d13d96f8c3e1bc783,2025-02,South Yorkshire Police,South Yorkshire Police,-1.152129,53.517346,On or near Eden Grove,E01007531,Doncaster 022C,Violence and sexual offences,Unable to prosecute suspect,
63d66a82af623850fb29ddb3dde656e6d92217d518ed9bf6b5a9a670e3d38f8d,2025-02,South Yorkshire Police,South Yorkshire Police,-1.156326,53.513313,On or near Laneside Close,E01007531,Doncaster 022C,Violence and sexual offences,Investigation complete; no suspect identified,
38649e70b2580257743b80f605d914d89a38e5cb3cdf74c14fc10d18df90114d,2025-02,South Yorkshire Police,South Yorkshire Police,-1.156619,53.515247,On or near Old Hexthorpe,E01007531,Doncaster 022C,Violence and sexual offences,Unable to prosecute suspect,
215352ba896111cc0f7c1d9c78536f24103cb571eb84f15ae60ab24069bdd89b,2025-02,South Yorkshire Police,South Yorkshire Police,-1.156619,53.515247,On or near Old Hexthorpe,E01007531,Doncaster 022C,Violence and sexual offences,Unable to prosecute suspect,
3ced8e2dd4f357bf82989bcbaf958c65d8a3933942ae45bc889ec9931286d966,2025-02,South Yorkshire Police,South Yorkshire Police,-1.148467,53.517949,On or near Laughton Road,E01007531,Doncaster 022C,Violence and sexual offences,Unable to prosecute suspect,
dbb8cf047a26030f934f4b7e14a3b616e4c9a918323c1a32a88de14c932c1b70,2025-02,South Yorkshire Police,South Yorkshire Police,-1.152129,53.517346,On or near Eden Grove,E01007531,Doncaster 022C,Violence and sexual offences,Investigation complete; no suspect identified,
4643a8493dc83b3df11e1ecea3643759810ee8525919375b7ea10a217a52eef5,2025-02,South Yorkshire Police,South Yorkshire Police,-1.147453,53.518113,On or near Denison Road,E01007531,Doncaster 022C,Other crime,Further action is not in the public interest,
2993db983a894c3f0a45b3a72666ab9e2adba5500437b25f7f8d0721f7652d75,2025-02,South Yorkshire Police,South Yorkshire Police,-1.147453,53.518113,On or near Denison Road,E01007531,Doncaster 022C,Other crime,Further action is not in the public interest,
491d00fdbb851a0b44243acb331cb1cf2880f96f1e380d407987c4d507d8d381,2025-02,South Yorkshire Police,South Yorkshire Police,-1.156326,53.513313,On or near Laneside Close,E01007531,Doncaster 022C,Other crime,Awaiting court outcome,
06df4a05d3d9f798a1682e033efe6d42140ee8effa9b000e2843ca6c6bff1002,2025-02,South Yorkshire Police,South Yorkshire Police,-1.147453,53.518113,On or near Denison Road,E01007531,Doncaster 022C,Other crime,Further action is not in the public interest,
,2025-02,South Yorkshire Police,South Yorkshire Police,-1.115733,53.515347,On or near Lime Tree Court,E01007643,Doncaster 022D,Anti-social behaviour,,
,2025-02,South Yorkshire Police,South Yorkshire Police,-1.112767,53.515101,On or near Rufford Road,E01007643,Doncaster 022D,Anti-social behaviour,,
097103ecb893c880d9fe20ebc7a3ad2edc329dcc98ad2a6fd1cc8310f433ac2a,2025-02,South Yorkshire Police,South Yorkshire Police,-1.121763,53.516192,On or near Clark Avenue,E01007643,Doncaster 022D,Other theft,Unable to prosecute suspect,
11a7ce90da6d862de4888d79a58b2b455e7b55dbc94cdd3d7424a59590f0eb8d,2025-02,South Yorkshire Police,South Yorkshire Police,-1.114323,53.515705,On or near Thoresby Avenue,E01007643,Doncaster 022D,Public order,Further investigation is not in the public interest,
e582fecef6ea5e095ae56dccee98b41f784965218c9b36529f4607b0b01b3729,2025-02,South Yorkshire Police,South Yorkshire Police,-1.121763,53.516192,On or near Clark Avenue,E01007643,Doncaster 022D,Violence and sexual offences,Unable to prosecute suspect,
444c0b2d756c4f24c2a7121f4e9067459bf67b67d4e7a2aaf007753164746219,2025-02,South Yorkshire Police,South Yorkshire Police,-1.112619,53.515693,On or near Clumber Road,E01007643,Doncaster 022D,Violence and sexual offences,Unable to prosecute suspect,
d7eb75c39e7b987693cdebcf158b072516eaad2be1d4920b0cdeee9e2867be44,2025-02,South Yorkshire Police,South Yorkshire Police,-1.115733,53.515347,On or near Lime Tree Court,E01007643,Doncaster 022D,Violence and sexual offences,Unable to prosecute suspect,
c459b56dc1daee248f1c17842be6dcb9d913eea4d0ccfdc930c2c045827cd77c,2025-02,South Yorkshire Police,South Yorkshire Police,-1.115733,53.515347,On or near Lime Tree Court,E01007643,Doncaster 022D,Violence and sexual offences,Unable to prosecute suspect,
3cd989743ceb94fbf9b70071e09f3958069e83caf14f26755b28a6f47f1b90ef,2025-02,South Yorkshire Police,South Yorkshire Police,-1.119254,53.514996,On or near Chequer Avenue,E01007643,Doncaster 022D,Violence and sexual offences,Unable to prosecute suspect,
23a8ea75b9106234f072a346a39d19f5bd7b3a554f8c72096aa66231158ad80b,2025-02,South Yorkshire Police,South Yorkshire Police,-1.124198,53.516560,On or near Carr House Road,E01007643,Doncaster 022D,Violence and sexual offences,Local resolution,
,2025-02,South Yorkshire Police,South Yorkshire Police,-1.134050,53.528955,On or near Chappell Drive,E01007655,Doncaster 022F,Anti-social behaviour,,
,2025-02,South Yorkshire Police,South Yorkshire Police,-1.133183,53.525623,On or near High Fisher Gate,E01007655,Doncaster 022F,Anti-social behaviour,,
,2025-02,South Yorkshire Police,South Yorkshire Police,-1.131408,53.524613,On or near Sunny Bar,E01007655,Doncaster 022F,Anti-social behaviour,,
,2025-02,South Yorkshire Police,South Yorkshire Police,-1.126952,53.528580,On or near Athron Street,E01007655,Doncaster 022F,Anti-social behaviour,,
,2025-02,South Yorkshire Police,South Yorkshire Police,-1.134947,53.524198,On or near Baxter Gate,E01007655,Doncaster 022F,Anti-social behaviour,,
,2025-02,South Yorkshire Police,South Yorkshire Police,-1.137384,53.526741,On or near Friars Gate,E01007655,Doncaster 022F,Anti-social behaviour,,
,2025-02,South Yorkshire Police,South Yorkshire Police,-1.128263,53.527188,On or near Milbanke Street,E01007655,Doncaster 022F,Anti-social behaviour,,
,2025-02,South Yorkshire Police,South Yorkshire Police,-1.137384,53.526741,On or near Friars Gate,E01007655,Doncaster 022F,Anti-social behaviour,,
,2025-02,South Yorkshire Police,South Yorkshire Police,-1.128470,53.531090,On or near Parkinson Street,E01007655,Doncaster 022F,Anti-social behaviour,,
,2025-02,South Yorkshire Police,South Yorkshire Police,-1.132570,53.524594,On or near Shopping Area,E01007655,Doncaster 022F,Anti-social behaviour,,
,2025-02,South Yorkshire Police,South Yorkshire Police,-1.137384,53.526741,On or near Friars Gate,E01007655,Doncaster 022F,Anti-social behaviour,,
bc7d133243f84fcf043601b81d7773aacf14f06cf79a20fe5b3f597c34484d50,2025-02,South Yorkshire Police,South Yorkshire Police,-1.132570,53.524594,On or near Shopping Area,E01007655,Doncaster 022F,Burglary,Investigation complete; no suspect identified,
afddbfc0efd539801f5236cbabcb22cde0d3af4072d172e48016b238903d0daf,2025-02,South Yorkshire Police,South Yorkshire Police,-1.132570,53.524594,On or near Shopping Area,E01007655,Doncaster 022F,Burglary,Investigation complete; no suspect identified,
742e89f3644476533dc9720782a2207f2b8fb3643a59902cc7d44c4d6a19a8fe,2025-02,South Yorkshire Police,South Yorkshire Police,-1.128470,53.531090,On or near Parkinson Street,E01007655,Doncaster 022F,Burglary,Unable to prosecute suspect,
e29538165a8894c101676b15f27433f2a39648600f7f0bf8b31f840e7a28ae86,2025-02,South Yorkshire Police,South Yorkshire Police,-1.126338,53.529861,On or near Cheshire Road,E01007655,Doncaster 022F,Burglary,Investigation complete; no suspect identified,
688aa574fe18506a4f29bfe9ac9e806e2dc657f0ed36de8d45dcbcb7ad85d662,2025-02,South Yorkshire Police,South Yorkshire Police,-1.130652,53.526207,On or near Harrington Street,E01007655,Doncaster 022F,Burglary,Investigation complete; no suspect identified,
38e1807df198fffcab7a1dbd83bcc573b2511aef4f4d4e51a7ae7d0dfab0013d,2025-02,South Yorkshire Police,South Yorkshire Police,-1.131408,53.524613,On or near Sunny Bar,E01007655,Doncaster 022F,Criminal damage and arson,Awaiting court outcome,
14e05a8714de21aca54e0229e72e2e5273c9668e197324a0f37f9656ebf6d8a8,2025-02,South Yorkshire Police,South Yorkshire Police,-1.122967,53.530915,On or near Lockwood Road,E01007655,Doncaster 022F,Criminal damage and arson,Unable to prosecute suspect,
f60ec50a75bb25deb534cfd8be13614264ff8f1b672c8adc436a0223673849cb,2025-02,South Yorkshire Police,South Yorkshire Police,-1.123057,53.531680,On or near Carlton Road,E01007655,Doncaster 022F,Criminal damage and arson,Unable to prosecute suspect,
e5d673c1934d9d004f3d918758439d1263109ddba60d5a26cd8b5e00623bf2ac,2025-02,South Yorkshire Police,South Yorkshire Police,-1.134460,53.525120,On or near St George Gate,E01007655,Doncaster 022F,Criminal damage and arson,Investigation complete; no suspect identified,
9fd378f708d8cc1306fd09c0146233cebf5e8c799a58a4ceb2f921eb620c53f6,2025-02,South Yorkshire Police,South Yorkshire Police,-1.128470,53.531090,On or near Parkinson Street,E01007655,Doncaster 022F,Drugs,Offender given a caution,
5694c8c64b042df912464211946ab253d9352c87b02de79f51b41730beb6ac9e,2025-02,South Yorkshire Police,South Yorkshire Police,-1.137384,53.526741,On or near Friars Gate,E01007655,Doncaster 022F,Drugs,Offender given a caution,
21f7e70161363862222a94d364b108fe5c4fa8bc8d2afd83edc4940222548018,2025-02,South Yorkshire Police,South Yorkshire Police,-1.126952,53.528580,On or near Athron Street,E01007655,Doncaster 022F,Drugs,Offender given a caution,
a2d5ce19157c1c6fb8704ad8423f9fc875bc13fff4c8af1cac420824cfbbfb03,2025-02,South Yorkshire Police,South Yorkshire Police,-1.126952,53.528580,On or near Athron Street,E01007655,Doncaster 022F,Drugs,Awaiting court outcome,
1dc46763a392e70487eb4e097149d47a9dca32745d0b9fee9b2999416ef2cf64,2025-02,South Yorkshire Police,South Yorkshire Police,-1.130652,53.526207,On or near Harrington Street,E01007655,Doncaster 022F,Drugs,Investigation complete; no suspect identified,
a1c2cbd024c599a3ae1d7b258243e023d6b21a5740c029edf0a414ba76987577,2025-02,South Yorkshire Police,South Yorkshire Police,-1.131097,53.527512,On or near Petrol Station,E01007655,Doncaster 022F,Other theft,Investigation complete; no suspect identified,
f6b8d7dd1dc0524ce206848356b218958015112104c70eed44c8258c27ba2574,2025-02,South Yorkshire Police,South Yorkshire Police,-1.131097,53.527512,On or near Petrol Station,E01007655,Doncaster 022F,Other theft,Investigation complete; no suspect identified,
8292a0dc97c476df0c7a3a9f85b599a9e199433cec7dc54f8a3f3fcd7711e921,2025-02,South Yorkshire Police,South Yorkshire Police,-1.131097,53.527512,On or near Petrol Station,E01007655,Doncaster 022F,Other theft,Investigation complete; no suspect identified,
887a4f4832d79a58e986439cd7847161718eed45af013184d3545c2395e044b8,2025-02,South Yorkshire Police,South Yorkshire Police,-1.131097,53.527512,On or near Petrol Station,E01007655,Doncaster 022F,Other theft,Investigation complete; no suspect identified,
859bf1c57f4756a33b54f259f7a2f7e7ebb0abacfcd4e3f0e5154bf7ac917c5f,2025-02,South Yorkshire Police,South Yorkshire Police,-1.135456,53.524354,On or near Shopping Area,E01007655,Doncaster 022F,Other theft,Investigation complete; no suspect identified,
fc078c916e6313f39fce3fa6753e4ad50b351d70abc4e45b71d594b1fbed0b52,2025-02,South Yorkshire Police,South Yorkshire Police,-1.134460,53.525120,On or near St George Gate,E01007655,Doncaster 022F,Possession of weapons,Awaiting court outcome,
4a51d8a1ec8a775cf841f137c8151c4c24acfda15d1b0ffe4d1ff10a3cb54c12,2025-02,South Yorkshire Police,South Yorkshire Police,-1.134947,53.524198,On or near Baxter Gate,E01007655,Doncaster 022F,Public order,Unable to prosecute suspect,
c7dec25e3752fd24ee70130a9b578671ec1ffce100e3182cd0610f2e80d04a38,2025-02,South Yorkshire Police,South Yorkshire Police,-1.126952,53.528580,On or near Athron Street,E01007655,Doncaster 022F,Public order,Unable to prosecute suspect,
47d4134f5ede46ef1db366034bfc52540d525945995aa0b632e151a9c43cdb9f,2025-02,South Yorkshire Police,South Yorkshire Police,-1.132803,53.525018,On or near Market Place,E01007655,Doncaster 022F,Public order,Unable to prosecute suspect,
69b66affd6c86bbaac4b8c3629a4db4cc8b604c38f10ac97fc0e394c30f440dc,2025-02,South Yorkshire Police,South Yorkshire Police,-1.133593,53.523262,On or near Scot Lane,E01007655,Doncaster 022F,Public order,Unable to prosecute suspect,
ab47a08e9ce235522945965cd11e22bef51b0c2a1f895441f944ff7708307a58,2025-02,South Yorkshire Police,South Yorkshire Police,-1.128470,53.531090,On or near Parkinson Street,E01007655,Doncaster 022F,Public order,Status update unavailable,
bdcba1a23f24b9d4011dc5b1554e654493810ea5c21f86b0668f3c8aa83a1449,2025-02,South Yorkshire Police,South Yorkshire Police,-1.133593,53.523262,On or near Scot Lane,E01007655,Doncaster 022F,Public order,Unable to prosecute suspect,
932edf3cc9997254ab63884610b938f8cae3568384531337cbf8be816a0ec5cb,2025-02,South Yorkshire Police,South Yorkshire Police,-1.133183,53.525623,On or near High Fisher Gate,E01007655,Doncaster 022F,Public order,Unable to prosecute suspect,
c4db822b6a077f1dcc05ad578c35f6f7bf7c59b959a91262f6969d29f899d27d,2025-02,South Yorkshire Police,South Yorkshire Police,-1.137384,53.526741,On or near Friars Gate,E01007655,Doncaster 022F,Public order,Investigation complete; no suspect identified,
1771e19e4de43ae7c2a2ada39b5000cc4972c29449b2085c23d31b861536b8b6,2025-02,South Yorkshire Police,South Yorkshire Police,-1.128470,53.531090,On or near Parkinson Street,E01007655,Doncaster 022F,Public order,Unable to prosecute suspect,
3a8b2075847556091fecfa438e1b1137bf26606e9147a0c6a51fe674371ab756,2025-02,South Yorkshire Police,South Yorkshire Police,-1.135456,53.524354,On or near Shopping Area,E01007655,Doncaster 022F,Robbery,Unable to prosecute suspect,
aa1847f874105a798a6e5b14468930e95aa7dcd4ef85b0a5366e3e55196748d7,2025-02,South Yorkshire Police,South Yorkshire Police,-1.129586,53.527422,On or near Montague Street,E01007655,Doncaster 022F,Robbery,Unable to prosecute suspect,
99bc1b2acbe033842fc0eef478b05a54ea1a6dbc43df74d0bb87daf9ea8765ff,2025-02,South Yorkshire Police,South Yorkshire Police,-1.139069,53.529189,On or near New Bridge Road,E01007655,Doncaster 022F,Shoplifting,Investigation complete; no suspect identified,
92510e92abe6765ce3d066a4f1935e50332d31a7d7e36689b1221a3bf5ac4cf5,2025-02,South Yorkshire Police,South Yorkshire Police,-1.137384,53.526741,On or near Friars Gate,E01007655,Doncaster 022F,Shoplifting,Awaiting court outcome,
4f26ec5488b0a3bff54b59e32196e600db9c7c0b8c086c85f76ea07dcb45ec05,2025-02,South Yorkshire Police,South Yorkshire Police,-1.137384,53.526741,On or near Friars Gate,E01007655,Doncaster 022F,Shoplifting,Awaiting court outcome,
ddd99c5fe76e430174da673cc4972f28d0cf6d620901e15b9382ca8bff030280,2025-02,South Yorkshire Police,South Yorkshire Police,-1.137384,53.526741,On or near Friars Gate,E01007655,Doncaster 022F,Shoplifting,Unable to prosecute suspect,
536f0e75127af46f60cc3de8612de952fcc9771adb2acd11792013473b73ebe9,2025-02,South Yorkshire Police,South Yorkshire Police,-1.134460,53.525120,On or near St George Gate,E01007655,Doncaster 022F,Theft from the person,Investigation complete; no suspect identified,
a020a07e67d22641bcd4e8c7d9d2c1bf82dbf3abd81240071576b8809b2736af,2025-02,South Yorkshire Police,South Yorkshire Police,-1.122967,53.530915,On or near Lockwood Road,E01007655,Doncaster 022F,Vehicle crime,Investigation complete; no suspect identified,
5eaaae96101e617c0f238c465570bc65c93c3cb03de560c2cac5bb6eddb89297,2025-02,South Yorkshire Police,South Yorkshire Police,-1.127656,53.527381,On or near Penistone Street,E01007655,Doncaster 022F,Vehicle crime,Investigation complete; no suspect identified,
1d409505a9f73a4534b9d79f27e53794ccfab6112b8e1c988ff874da36a5b731,2025-02,South Yorkshire Police,South Yorkshire Police,-1.136723,53.527348,On or near Parking Area,E01007655,Doncaster 022F,Vehicle crime,Status update unavailable,
3a3eac2e83d4efb2a8494c5afe385e83e8c0eb9abe1b517f2688e9b7a8917b05,2025-02,South Yorkshire Police,South Yorkshire Police,-1.132667,53.525781,On or near Parking Area,E01007655,Doncaster 022F,Vehicle crime,Investigation complete; no suspect identified,
f8e7ecd9e24748b3b91275c9399c514253e51a9e4cde904f63256d09ad856896,2025-02,South Yorkshire Police,South Yorkshire Police,-1.134947,53.524198,On or near Baxter Gate,E01007655,Doncaster 022F,Violence and sexual offences,Investigation complete; no suspect identified,
ac33970bc0837d80c92c34d9df0b0d6e3e35655448f3cd8a9bb3d9336cc4644f,2025-02,South Yorkshire Police,South Yorkshire Police,-1.128470,53.531090,On or near Parkinson Street,E01007655,Doncaster 022F,Violence and sexual offences,Unable to prosecute suspect,
788976c08d4d1ca7de5139e9d507c2e991cfd9174fb7602f45051f3cafc47c88,2025-02,South Yorkshire Police,South Yorkshire Police,-1.133000,53.527941,On or near Further/Higher Educational Building,E01007655,Doncaster 022F,Violence and sexual offences,Investigation complete; no suspect identified,
65712adb1d39c1e2f4ccc8c5cbc2909c4a4e9634ebafe0d9fd7d67b25fece588,2025-02,South Yorkshire Police,South Yorkshire Police,-1.126952,53.528580,On or near Athron Street,E01007655,Doncaster 022F,Violence and sexual offences,Unable to prosecute suspect,
056f4bf3cbb4e5c840cd3d6a1024df95ef113256a5670184f13a8d34dbee7595,2025-02,South Yorkshire Police,South Yorkshire Police,-1.137384,53.526741,On or near Friars Gate,E01007655,Doncaster 022F,Violence and sexual offences,Unable to prosecute suspect,
2cc83c08fc591c6d55b8b3a6c73bb6233284969bc12c1b9979691f3a35b5afec,2025-02,South Yorkshire Police,South Yorkshire Police,-1.131408,53.524613,On or near Sunny Bar,E01007655,Doncaster 022F,Violence and sexual offences,Investigation complete; no suspect identified,
3545a9a1471a7c07c825fd405b0313f66334aa6a1eadc3bc2dd7e7141b4ab03f,2025-02,South Yorkshire Police,South Yorkshire Police,-1.133593,53.523262,On or near Scot Lane,E01007655,Doncaster 022F,Violence and sexual offences,Unable to prosecute suspect,
968eb496694be80f0d085b9ac2f9da790e5b2fe0daab24c27a8003c7cce1d416,2025-02,South Yorkshire Police,South Yorkshire Police,-1.131408,53.524613,On or near Sunny Bar,E01007655,Doncaster 022F,Violence and sexual offences,Offender given a caution,
6153ff789b1972ea19405da469fcae62fb31b2117e7fa99488fadfd07a9eb6e0,2025-02,South Yorkshire Police,South Yorkshire Police,-1.123057,53.531680,On or near Carlton Road,E01007655,Doncaster 022F,Violence and sexual offences,Unable to prosecute suspect,
f9914166afd497263eb06aa8d904175019d0f0750dff8083cd74f49dcde40ccd,2025-02,South Yorkshire Police,South Yorkshire Police,-1.134460,53.525120,On or near St George Gate,E01007655,Doncaster 022F,Violence and sexual offences,Awaiting court outcome,
4ec2dabcdbce87dbb2fa6ee523b77c6d28371486472db59b451909d01ec2f8ff,2025-02,South Yorkshire Police,South Yorkshire Police,-1.131408,53.524613,On or near Sunny Bar,E01007655,Doncaster 022F,Violence and sexual offences,Unable to prosecute suspect,
da29f188bb8082e5c4066e432329245b527d4befdbf41352d39b41da4c914ff9,2025-02,South Yorkshire Police,South Yorkshire Police,-1.126542,53.529485,On or near Charles Street,E01007655,Doncaster 022F,Violence and sexual offences,Unable to prosecute suspect,
0fc96cd601eb909b65b5fe73cb7d78d23cb05c9b7d3fdb17d527c805ef468aa0,2025-02,South Yorkshire Police,South Yorkshire Police,-1.134460,53.525120,On or near St George Gate,E01007655,Doncaster 022F,Violence and sexual offences,Investigation complete; no suspect identified,
0a2446698804f2f3ea2a8d323ab65c937b7ffcfde021e9aea4dac1d902b15b45,2025-02,South Yorkshire Police,South Yorkshire Police,-1.131408,53.524613,On or near Sunny Bar,E01007655,Doncaster 022F,Violence and sexual offences,Unable to prosecute suspect,
156d13e4df25a8dc5922d4b1435f8805fb8b070d03d31a276a43659dd0d50809,2025-02,South Yorkshire Police,South Yorkshire Police,-1.126542,53.529485,On or near Charles Street,E01007655,Doncaster 022F,Violence and sexual offences,Unable to prosecute suspect,
a8dfa4cbe403b8e41f2b44726a84e4fe982c65461d7a9eb4fd2f41a0a9ee90a8,2025-02,South Yorkshire Police,South Yorkshire Police,-1.128470,53.531090,On or near Parkinson Street,E01007655,Doncaster 022F,Violence and sexual offences,Investigation complete; no suspect identified,
4fc4910c17a1a6e411f7751d379fd40a39904d11166a246eb4ba767607e9d8c7,2025-02,South Yorkshire Police,South Yorkshire Police,-1.128470,53.531090,On or near Parkinson Street,E01007655,Doncaster 022F,Violence and sexual offences,Unable to prosecute suspect,
7e7543a5bf9bf4602645a7d97a2823931277180486736a8a28aee9cb5f64e4b2,2025-02,South Yorkshire Police,South Yorkshire Police,-1.131408,53.524613,On or near Sunny Bar,E01007655,Doncaster 022F,Violence and sexual offences,Status update unavailable,
448ab430d2245b63b32c0c1d5abfcf22a7a86d853c9e8713278d2983b7117873,2025-02,South Yorkshire Police,South Yorkshire Police,-1.127323,53.529608,On or near Don Street,E01007655,Doncaster 022F,Violence and sexual offences,Unable to prosecute suspect,
ac65f54bcb11b3a7c48bd20d1080b37c7f4c922282efd024e632c3cabfb11501,2025-02,South Yorkshire Police,South Yorkshire Police,-1.133000,53.527941,On or near Further/Higher Educational Building,E01007655,Doncaster 022F,Violence and sexual offences,Unable to prosecute suspect,
ae1bc49d02aeee484fb392e27eeb2185132cb895c6670c25c9e95a14ba051e5f,2025-02,South Yorkshire Police,South Yorkshire Police,-1.124049,53.530357,On or near Jubilee Road,E01007655,Doncaster 022F,Violence and sexual offences,Unable to prosecute suspect,
1957681985a8637af490803ffc745971626c796833e2aabfd6febd179cdd6388,2025-02,South Yorkshire Police,South Yorkshire Police,-1.129187,53.526259,On or near Copley Road,E01007655,Doncaster 022F,Violence and sexual offences,Unable to prosecute suspect,
a8611cd8457aee3638c34918f160c85343890be2da72b25ef1186405d8ff0fb9,2025-02,South Yorkshire Police,South Yorkshire Police,-1.131408,53.524613,On or near Sunny Bar,E01007655,Doncaster 022F,Violence and sexual offences,Unable to prosecute suspect,
49f864f2c9f4bd88220ac60f3dede4935929143ca9a8d1dfec0eb21cc6d66946,2025-02,South Yorkshire Police,South Yorkshire Police,-1.131408,53.524613,On or near Sunny Bar,E01007655,Doncaster 022F,Violence and sexual offences,Investigation complete; no suspect identified,
dfc61a2a812b8bb9d9b83afd0699518904772277c2365a68d04c770184809f6d,2025-02,South Yorkshire Police,South Yorkshire Police,-1.133593,53.523262,On or near Scot Lane,E01007655,Doncaster 022F,Violence and sexual offences,Investigation complete; no suspect identified,
e7f91baeab2068675d78c12353fff5c38fca2fd24a2998d7f9d3df05586f13da,2025-02,South Yorkshire Police,South Yorkshire Police,-1.131408,53.524613,On or near Sunny Bar,E01007655,Doncaster 022F,Violence and sexual offences,Unable to prosecute suspect,
cee23abaf954fdacb0a2b975bf74ab376ec5ecbd0c5671b2e508397966ecaea4,2025-02,South Yorkshire Police,South Yorkshire Police,-1.131408,53.524613,On or near Sunny Bar,E01007655,Doncaster 022F,Violence and sexual offences,Unable to prosecute suspect,
c7b85bf324ebee85b3f7ecb4c5dfa80f97977221fb07d3cbf7f99707a3de4a92,2025-02,South Yorkshire Police,South Yorkshire Police,-1.131408,53.524613,On or near Sunny Bar,E01007655,Doncaster 022F,Violence and sexual offences,Unable to prosecute suspect,
a39ed8383a71c778813f846177395afe8da536a4fa6d09b175e7864194454628,2025-02,South Yorkshire Police,South Yorkshire Police,-1.131408,53.524613,On or near Sunny Bar,E01007655,Doncaster 022F,Violence and sexual offences,Unable to prosecute suspect,
607827ab6554dea3fe505bc4a9a181290261d1db84e9622f3120942d1eb2968f,2025-02,South Yorkshire Police,South Yorkshire Police,-1.128470,53.531090,On or near Parkinson Street,E01007655,Doncaster 022F,Other crime,Unable to prosecute suspect,
1b2b5a94df570f20e75f4c87b748195177b43eb342de95cde989905e5b149c3e,2025-02,South Yorkshire Police,South Yorkshire Police,-1.128470,53.531090,On or near Parkinson Street,E01007655,Doncaster 022F,Other crime,Unable to prosecute suspect,
86a8acebf2deefe33452d78db741f481174f344a4c2891f373ec7f64688d10ea,2025-02,South Yorkshire Police,South Yorkshire Police,-1.126952,53.528580,On or near Athron Street,E01007655,Doncaster 022F,Other crime,Awaiting court outcome,
cad765a016b704e2f88ea11cacaa0908dc4f49c0959cbaef5ccfd1f1f21aa6ad,2025-02,South Yorkshire Police,South Yorkshire Police,-1.131097,53.527512,On or near Petrol Station,E01007655,Doncaster 022F,Other crime,Action to be taken by another organisation,
,2025-02,South Yorkshire Police,South Yorkshire Police,-1.131625,53.522775,On or near Nightclub,E01034238,Doncaster 022G,Anti-social behaviour,,
,2025-02,South Yorkshire Police,South Yorkshire Police,-1.136014,53.523630,On or near Shopping Area,E01034238,Doncaster 022G,Anti-social behaviour,,
,2025-02,South Yorkshire Police,South Yorkshire Police,-1.136507,53.522402,On or near St Sepulchre Gate,E01034238,Doncaster 022G,Anti-social behaviour,,
,2025-02,South Yorkshire Police,South Yorkshire Police,-1.125822,53.521938,On or near Regent Square,E01034238,Doncaster 022G,Anti-social behaviour,,
,2025-02,South Yorkshire Police,South Yorkshire Police,-1.133505,53.521680,On or near Young Street,E01034238,Doncaster 022G,Anti-social behaviour,,
,2025-02,South Yorkshire Police,South Yorkshire Police,-1.136014,53.523630,On or near Shopping Area,E01034238,Doncaster 022G,Anti-social behaviour,,
,2025-02,South Yorkshire Police,South Yorkshire Police,-1.125822,53.521938,On or near Regent Square,E01034238,Doncaster 022G,Anti-social behaviour,,
,2025-02,South Yorkshire Police,South Yorkshire Police,-1.136014,53.523630,On or near Shopping Area,E01034238,Doncaster 022G,Anti-social behaviour,,
,2025-02,South Yorkshire Police,South Yorkshire Police,-1.136014,53.523630,On or near Shopping Area,E01034238,Doncaster 022G,Anti-social behaviour,,
,2025-02,South Yorkshire Police,South Yorkshire Police,-1.136014,53.523630,On or near Shopping Area,E01034238,Doncaster 022G,Anti-social behaviour,,
,2025-02,South Yorkshire Police,South Yorkshire Police,-1.136014,53.523630,On or near Shopping Area,E01034238,Doncaster 022G,Anti-social behaviour,,
,2025-02,South Yorkshire Police,South Yorkshire Police,-1.136507,53.522402,On or near St Sepulchre Gate,E01034238,Doncaster 022G,Anti-social behaviour,,
,2025-02,South Yorkshire Police,South Yorkshire Police,-1.131491,53.523544,On or near Silver Street,E01034238,Doncaster 022G,Anti-social behaviour,,
,2025-02,South Yorkshire Police,South Yorkshire Police,-1.131625,53.522775,On or near Nightclub,E01034238,Doncaster 022G,Anti-social behaviour,,
,2025-02,South Yorkshire Police,South Yorkshire Police,-1.130754,53.519017,On or near Police Station,E01034238,Doncaster 022G,Anti-social behaviour,,
,2025-02,South Yorkshire Police,South Yorkshire Police,-1.136507,53.522402,On or near St Sepulchre Gate,E01034238,Doncaster 022G,Anti-social behaviour,,
,2025-02,South Yorkshire Police,South Yorkshire Police,-1.136014,53.523630,On or near Shopping Area,E01034238,Doncaster 022G,Anti-social behaviour,,
,2025-02,South Yorkshire Police,South Yorkshire Police,-1.136014,53.523630,On or near Shopping Area,E01034238,Doncaster 022G,Anti-social behaviour,,
,2025-02,South Yorkshire Police,South Yorkshire Police,-1.136014,53.523630,On or near Shopping Area,E01034238,Doncaster 022G,Anti-social behaviour,,
,2025-02,South Yorkshire Police,South Yorkshire Police,-1.136507,53.522402,On or near St Sepulchre Gate,E01034238,Doncaster 022G,Anti-social behaviour,,
,2025-02,South Yorkshire Police,South Yorkshire Police,-1.125822,53.521938,On or near Regent Square,E01034238,Doncaster 022G,Anti-social behaviour,,
,2025-02,South Yorkshire Police,South Yorkshire Police,-1.136507,53.522402,On or near St Sepulchre Gate,E01034238,Doncaster 022G,Anti-social behaviour,,
,2025-02,South Yorkshire Police,South Yorkshire Police,-1.125822,53.521938,On or near Regent Square,E01034238,Doncaster 022G,Anti-social behaviour,,
,2025-02,South Yorkshire Police,South Yorkshire Police,-1.136014,53.523630,On or near Shopping Area,E01034238,Doncaster 022G,Anti-social behaviour,,
,2025-02,South Yorkshire Police,South Yorkshire Police,-1.130430,53.523752,On or near Frances Street,E01034238,Doncaster 022G,Anti-social behaviour,,
581fc9fd08e86084ff4b640e3456ab846c07ca69b2c7d73ca0cef1bad05ad308,2025-02,South Yorkshire Police,South Yorkshire Police,-1.136014,53.523630,On or near Shopping Area,E01034238,Doncaster 022G,Bicycle theft,Investigation complete; no suspect identified,
9cc6e45e4707a7fc3020bdde3786ea575528d2a40d7a7fda03592a6205aad117,2025-02,South Yorkshire Police,South Yorkshire Police,-1.134702,53.519909,On or near Parking Area,E01034238,Doncaster 022G,Burglary,Investigation complete; no suspect identified,
b88deb5b82522d40e90430312ec5fd28e327ac299730f486c0bcab5d9c6686d2,2025-02,South Yorkshire Police,South Yorkshire Police,-1.132719,53.521719,On or near Parking Area,E01034238,Doncaster 022G,Burglary,Investigation complete; no suspect identified,
68cc64e8fb9f86cbf97bb790c75ba0dd28f29d28368dec7fcee2dc4cadd59629,2025-02,South Yorkshire Police,South Yorkshire Police,-1.132967,53.519950,On or near Parking Area,E01034238,Doncaster 022G,Burglary,Investigation complete; no suspect identified,
e765e0e86ad56ee13ba7253bbd66f19839bb53da9c55c453dd0fbf52728ec5d8,2025-02,South Yorkshire Police,South Yorkshire Police,-1.131491,53.523544,On or near Silver Street,E01034238,Doncaster 022G,Burglary,Awaiting court outcome,
fca46dff5f7f16e30dea882f3d1a38802bb5c26159cb19a5c8ba09b43da3faad,2025-02,South Yorkshire Police,South Yorkshire Police,-1.133456,53.518902,On or near Catherine Street,E01034238,Doncaster 022G,Burglary,Unable to prosecute suspect,
15658cd6a70aafe4fcf622ddd8d0917409281b28c60dbc1dcc2ec01f7cf9bac8,2025-02,South Yorkshire Police,South Yorkshire Police,-1.136014,53.523630,On or near Shopping Area,E01034238,Doncaster 022G,Burglary,Investigation complete; no suspect identified,
eceb7d6a28aab7b3cbe11948bec328b0c5d11b320484bba3bfffb2a4d7c7457e,2025-02,South Yorkshire Police,South Yorkshire Police,-1.135825,53.521795,On or near Parking Area,E01034238,Doncaster 022G,Burglary,Unable to prosecute suspect,
c856a40ff1c24cbc196ea2a8ed8faaa0e0bc4ee71a3b5e15a95c9cfbb43f4b3e,2025-02,South Yorkshire Police,South Yorkshire Police,-1.132115,53.521058,On or near Parking Area,E01034238,Doncaster 022G,Burglary,Investigation complete; no suspect identified,
9dcbfea685fc4f9412ba96489be4c8a0368507ffef978c8404507fcb7554cbce,2025-02,South Yorkshire Police,South Yorkshire Police,-1.129602,53.521481,On or near Parking Area,E01034238,Doncaster 022G,Burglary,Unable to prosecute suspect,
b3243854a46b1674e0242afa976f2eaeab8ea8caf878736c6056ca0852753fb5,2025-02,South Yorkshire Police,South Yorkshire Police,-1.133456,53.518902,On or near Catherine Street,E01034238,Doncaster 022G,Burglary,Investigation complete; no suspect identified,
21b6d37ce3870720ce44e961a880977b641c772cfcb20276fdcde8a8f9dbaf9b,2025-02,South Yorkshire Police,South Yorkshire Police,-1.136507,53.522402,On or near St Sepulchre Gate,E01034238,Doncaster 022G,Burglary,Investigation complete; no suspect identified,
a0f412c93d336190de940bb41009edc0e93a71e9c0f5ee229fc39250f69395b0,2025-02,South Yorkshire Police,South Yorkshire Police,-1.130754,53.519017,On or near Police Station,E01034238,Doncaster 022G,Criminal damage and arson,Awaiting court outcome,
9f5fb6c9431fb88002af6cdc4d831e6dee642c2550e3355118754f49a5c2eae1,2025-02,South Yorkshire Police,South Yorkshire Police,-1.136014,53.523630,On or near Shopping Area,E01034238,Doncaster 022G,Criminal damage and arson,Investigation complete; no suspect identified,
077729ed27455fd23e04d8f421b0fe241132e2a0ae09457cc326f8ab89730af6,2025-02,South Yorkshire Police,South Yorkshire Police,-1.134167,53.523239,On or near High Street,E01034238,Doncaster 022G,Criminal damage and arson,Investigation complete; no suspect identified,
a00a7876281e3a548fe5f1fe50ae14d876d63cb8831bb64cc75c2a0afdb1feb4,2025-02,South Yorkshire Police,South Yorkshire Police,-1.136014,53.523630,On or near Shopping Area,E01034238,Doncaster 022G,Criminal damage and arson,Investigation complete; no suspect identified,
36ba69188a68079bc9ee115fd2e22aaa851a6d22160c8a1be2613812ad7b26b6,2025-02,South Yorkshire Police,South Yorkshire Police,-1.130126,53.521668,On or near Nightclub,E01034238,Doncaster 022G,Criminal damage and arson,Unable to prosecute suspect,
90efe138b2609458b3323b76bf1dae1089757fb495467693629ab1b459111ad5,2025-02,South Yorkshire Police,South Yorkshire Police,-1.136014,53.523630,On or near Shopping Area,E01034238,Doncaster 022G,Criminal damage and arson,Investigation complete; no suspect identified,
4433484a0491e0d9d67d45252510e379d4303a12b9c394764e45779f4b0e3e39,2025-02,South Yorkshire Police,South Yorkshire Police,-1.136014,53.523630,On or near Shopping Area,E01034238,Doncaster 022G,Criminal damage and arson,Unable to prosecute suspect,
5550abb03b3e4eb80267c85f9bcca496b960b43c6990cc4324a6799753e7f307,2025-02,South Yorkshire Police,South Yorkshire Police,-1.136014,53.523630,On or near Shopping Area,E01034238,Doncaster 022G,Criminal damage and arson,Investigation complete; no suspect identified,
2e97422952fddb1591aca24ebfe59916db94d60e9c109a337fd9c3989c717037,2025-02,South Yorkshire Police,South Yorkshire Police,-1.136507,53.522402,On or near St Sepulchre Gate,E01034238,Doncaster 022G,Criminal damage and arson,Investigation complete; no suspect identified,
59c5d21a5dce3d917afb6e009b003811919da74e3897cc3c5c56fcdddf1f84f0,2025-02,South Yorkshire Police,South Yorkshire Police,-1.136507,53.522402,On or near St Sepulchre Gate,E01034238,Doncaster 022G,Criminal damage and arson,Unable to prosecute suspect,
7d8ab2926074f493f92e95a7523387d9398264ef54099e5e85ddae99e7dc9247,2025-02,South Yorkshire Police,South Yorkshire Police,-1.136014,53.523630,On or near Shopping Area,E01034238,Doncaster 022G,Criminal damage and arson,Investigation complete; no suspect identified,
fa648fccaa9964d99a734f5a3d2a2cd7e124215520cba9f135ef1adbde1d075b,2025-02,South Yorkshire Police,South Yorkshire Police,-1.131625,53.522775,On or near Nightclub,E01034238,Doncaster 022G,Criminal damage and arson,Investigation complete; no suspect identified,
75501201999d34f8fd703a893f20b76b36900a94f98a044820a39204263293b6,2025-02,South Yorkshire Police,South Yorkshire Police,-1.135825,53.521795,On or near Parking Area,E01034238,Doncaster 022G,Criminal damage and arson,Offender given a caution,
ecee83a350e3218b4bc05d0ca0675b0109ecf4db3e5fa64dc4878f2c1267e395,2025-02,South Yorkshire Police,South Yorkshire Police,-1.131625,53.522775,On or near Nightclub,E01034238,Doncaster 022G,Criminal damage and arson,Unable to prosecute suspect,
318a4de4ec02d43f2c183dd0ef2ef52f3e8aaaac906f423dc0f4481a37c7a6d8,2025-02,South Yorkshire Police,South Yorkshire Police,-1.134702,53.519909,On or near Parking Area,E01034238,Doncaster 022G,Criminal damage and arson,Investigation complete; no suspect identified,
ef97ecf6ae2ac2caeecf1cc8f3169b57812c58f9277699ca097f145c506da2c6,2025-02,South Yorkshire Police,South Yorkshire Police,-1.135825,53.521795,On or near Parking Area,E01034238,Doncaster 022G,Criminal damage and arson,Investigation complete; no suspect identified,
0f1d4ece7c790ac8073f3e3c92c50678cc46bb7182b50f448b7bcba4223134d2,2025-02,South Yorkshire Police,South Yorkshire Police,-1.136014,53.523630,On or near Shopping Area,E01034238,Doncaster 022G,Criminal damage and arson,Investigation complete; no suspect identified,
c58dc6efc6f4ae84c4f3a12e0e0c9eb5d4eeb9c06294cb2378cf0ef274ce40f1,2025-02,South Yorkshire Police,South Yorkshire Police,-1.134702,53.519909,On or near Parking Area,E01034238,Doncaster 022G,Criminal damage and arson,Unable to prosecute suspect,
97ddf6f105f42493d383c0e4b6ea865109d130d077431ec8d2da4941ee8bfa8b,2025-02,South Yorkshire Police,South Yorkshire Police,-1.136507,53.522402,On or near St Sepulchre Gate,E01034238,Doncaster 022G,Criminal damage and arson,Investigation complete; no suspect identified,
7909a36e6a615c458d2b883f67bf474f81cfe5a189ae39f595411c5f6047b5b1,2025-02,South Yorkshire Police,South Yorkshire Police,-1.130082,53.522338,On or near Hall Gate,E01034238,Doncaster 022G,Criminal damage and arson,Awaiting court outcome,
75192f0326b58217d7c839cfa3c2814ad1a67db7bf74ecd24622086831839ff6,2025-02,South Yorkshire Police,South Yorkshire Police,-1.130430,53.523752,On or near Frances Street,E01034238,Doncaster 022G,Criminal damage and arson,Investigation complete; no suspect identified,
46577c04db869537d2446609026f92a3c08aac04ff2f435fb82a1b94b60e81ba,2025-02,South Yorkshire Police,South Yorkshire Police,-1.136014,53.523630,On or near Shopping Area,E01034238,Doncaster 022G,Criminal damage and arson,Investigation complete; no suspect identified,
93c6f8f151b154bb716c79b4213e30cc8b54c38579d42aa8133f521d2df8900b,2025-02,South Yorkshire Police,South Yorkshire Police,-1.136014,53.523630,On or near Shopping Area,E01034238,Doncaster 022G,Criminal damage and arson,Investigation complete; no suspect identified,
9185c7764851c869d6c3422870064eadb2fdcb086135e8a1af1e43096793cded,2025-02,South Yorkshire Police,South Yorkshire Police,-1.125822,53.521938,On or near Regent Square,E01034238,Doncaster 022G,Drugs,Local resolution,
731f7a70da8d92e460eb3875d11c717a84f4bd9261c7e14db8df9e1cf1383de4,2025-02,South Yorkshire Police,South Yorkshire Police,-1.136014,53.523630,On or near Shopping Area,E01034238,Doncaster 022G,Drugs,Awaiting court outcome,
f89cbd1df8499b39d11ef1f36a94cc7362ea7fa723e31c28d8f5fa2453e14f53,2025-02,South Yorkshire Police,South Yorkshire Police,-1.131625,53.522775,On or near Nightclub,E01034238,Doncaster 022G,Drugs,Unable to prosecute suspect,
d27463e4e63366f72b8f4df331e6f26471542ede7b075c1f3a5274f358bac710,2025-02,South Yorkshire Police,South Yorkshire Police,-1.130754,53.519017,On or near Police Station,E01034238,Doncaster 022G,Drugs,Unable to prosecute suspect,
bf480712f817d07691f99d784521a80e27a77dabae2b29c0c48060c4270fc55d,2025-02,South Yorkshire Police,South Yorkshire Police,-1.135825,53.521795,On or near Parking Area,E01034238,Doncaster 022G,Drugs,Status update unavailable,
4cbf0f6580a7e4a482fa9da398cd1ff05f2674977f856b544578f8a61c79d949,2025-02,South Yorkshire Police,South Yorkshire Police,-1.129602,53.521481,On or near Parking Area,E01034238,Doncaster 022G,Drugs,Investigation complete; no suspect identified,
39ee325ffe563d78b3dcbea60cc93016f85eb162ef5887b9d3ffd76e18b6902c,2025-02,South Yorkshire Police,South Yorkshire Police,-1.136014,53.523630,On or near Shopping Area,E01034238,Doncaster 022G,Drugs,Awaiting court outcome,
3e44d7aad29f65891c31bf671af15243bea5365e6368a74b74b267f8195f194a,2025-02,South Yorkshire Police,South Yorkshire Police,-1.131491,53.523544,On or near Silver Street,E01034238,Doncaster 022G,Drugs,Unable to prosecute suspect,
cfecd13f6cbf73caf9e449da3ee3cd450238793d6f78f5d661c73d3f9da6f03b,2025-02,South Yorkshire Police,South Yorkshire Police,-1.131491,53.523544,On or near Silver Street,E01034238,Doncaster 022G,Drugs,Local resolution,
7ed2bbad695a9c11896d10a291d813a31a4a2e7ee6093774e2f5c71e470f261a,2025-02,South Yorkshire Police,South Yorkshire Police,-1.130754,53.519017,On or near Police Station,E01034238,Doncaster 022G,Drugs,Unable to prosecute suspect,
67a478db88303318c3a63152936105fdaa389b2bb07a458d60bc11bbc3eb5773,2025-02,South Yorkshire Police,South Yorkshire Police,-1.135825,53.521795,On or near Parking Area,E01034238,Doncaster 022G,Drugs,Status update unavailable,
55cd3eabbdfffc8b9d779acf24717b6377d1fd47b60c10a5118f6a6a200f2739,2025-02,South Yorkshire Police,South Yorkshire Police,-1.130754,53.519017,On or near Police Station,E01034238,Doncaster 022G,Drugs,Awaiting court outcome,
9cd65fcef0dc0019c987665de4c72efb7ff1ba37e1be896e317c1d096ef49502,2025-02,South Yorkshire Police,South Yorkshire Police,-1.130754,53.519017,On or near Police Station,E01034238,Doncaster 022G,Drugs,Unable to prosecute suspect,
ed2299db64cbc30d8ef08f5d6eed598b1d5343d6a48b21ab2f2b515ff74ee3bc,2025-02,South Yorkshire Police,South Yorkshire Police,-1.131491,53.523544,On or near Silver Street,E01034238,Doncaster 022G,Drugs,Unable to prosecute suspect,
3aeb330fa77cf7e24e66b0128d35e81c4c4ad993903ecac128192415a1283f26,2025-02,South Yorkshire Police,South Yorkshire Police,-1.131625,53.522775,On or near Nightclub,E01034238,Doncaster 022G,Drugs,Local resolution,
0ef96f1650c0d08a3b692001b5228d9b07fdd6c0ad600f2aacb66b8894c72d6c,2025-02,South Yorkshire Police,South Yorkshire Police,-1.136507,53.522402,On or near St Sepulchre Gate,E01034238,Doncaster 022G,Other theft,Investigation complete; no suspect identified,
6f72e26175258fa36a9b19a142d482a2017abea66aec27dfbfb7730a5ec9314a,2025-02,South Yorkshire Police,South Yorkshire Police,-1.136415,53.521701,On or near Chancery Place,E01034238,Doncaster 022G,Other theft,Unable to prosecute suspect,
a8732686b53c992be996d1fc74ccf8731d424089fd830d893d432a3021bd36b9,2025-02,South Yorkshire Police,South Yorkshire Police,-1.131625,53.522775,On or near Nightclub,E01034238,Doncaster 022G,Other theft,Investigation complete; no suspect identified,
62c35bb78267118de93ce77a196a106252691c63f5c381b23279c70e53e88737,2025-02,South Yorkshire Police,South Yorkshire Police,-1.130082,53.522338,On or near Hall Gate,E01034238,Doncaster 022G,Other theft,Unable to prosecute suspect,
fdbbee8faf4a5e140a0c3e58c95666956e9c2cb507fa2dca29eafca705a3d8dc,2025-02,South Yorkshire Police,South Yorkshire Police,-1.136507,53.522402,On or near St Sepulchre Gate,E01034238,Doncaster 022G,Other theft,Investigation complete; no suspect identified,
ed96b47b1c9cce68bba1490035d62212ad3c2ea583c84210e33c433b88542a76,2025-02,South Yorkshire Police,South Yorkshire Police,-1.129602,53.521481,On or near Parking Area,E01034238,Doncaster 022G,Other theft,Investigation complete; no suspect identified,
8c6e5d46f8fc397dc965484f0891ebc29e080c693db405a335f5c44ccaa00174,2025-02,South Yorkshire Police,South Yorkshire Police,-1.133039,53.518638,On or near Parking Area,E01034238,Doncaster 022G,Possession of weapons,Unable to prosecute suspect,
2dd803a2c9e3f16e3c915934889ebedf024b01cc317760825893a7c5fd2baa04,2025-02,South Yorkshire Police,South Yorkshire Police,-1.130754,53.519017,On or near Police Station,E01034238,Doncaster 022G,Possession of weapons,Unable to prosecute suspect,
0022ba5788867327a8d68543b5d2e460aa8aa7cbbaf9b8dc7d1496e5a2b8bf12,2025-02,South Yorkshire Police,South Yorkshire Police,-1.136507,53.522402,On or near St Sepulchre Gate,E01034238,Doncaster 022G,Public order,Unable to prosecute suspect,
46bee3f850932055b85b707d7447561025b8c665da99fb0bf6bdcfda1b5aecc3,2025-02,South Yorkshire Police,South Yorkshire Police,-1.136507,53.522402,On or near St Sepulchre Gate,E01034238,Doncaster 022G,Public order,Investigation complete; no suspect identified,
e121ec1d444f1fe76587cf1e1d390a03a9083eeaa4f56d68c1864fe163fc211f,2025-02,South Yorkshire Police,South Yorkshire Police,-1.131625,53.522775,On or near Nightclub,E01034238,Doncaster 022G,Public order,Unable to prosecute suspect,
4bba2365dd2384646a02ea6eef60be98f74151be1514de39fbd666df6c3b2dc1,2025-02,South Yorkshire Police,South Yorkshire Police,-1.130754,53.519017,On or near Police Station,E01034238,Doncaster 022G,Public order,Awaiting court outcome,
4a34a21f37741e6a0e6f447eacc4d446a80a80060703a91e287a64412469bca9,2025-02,South Yorkshire Police,South Yorkshire Police,-1.127707,53.524136,On or near Park Terrace,E01034238,Doncaster 022G,Public order,Unable to prosecute suspect,
cc86df41eb85b46805f382dace80e3eb690fd1efb1ee5cb0326c496d98d7f1cd,2025-02,South Yorkshire Police,South Yorkshire Police,-1.136507,53.522402,On or near St Sepulchre Gate,E01034238,Doncaster 022G,Public order,Unable to prosecute suspect,
ab4bb28cee3ffd36c297f8c4ea9240013712fff05cbf74fa4fb3a20e46fd40be,2025-02,South Yorkshire Police,South Yorkshire Police,-1.136507,53.522402,On or near St Sepulchre Gate,E01034238,Doncaster 022G,Public order,Unable to prosecute suspect,
5af7faeb5ed74f22dbdac7ca947971ec30e50b66fd077818b3fe2e0fc7d567b2,2025-02,South Yorkshire Police,South Yorkshire Police,-1.130754,53.519017,On or near Police Station,E01034238,Doncaster 022G,Public order,Further investigation is not in the public interest,
fa8efd52dc158b8c9e453d5605842dca8d6315d14c82e913218cb563ed544c29,2025-02,South Yorkshire Police,South Yorkshire Police,-1.136507,53.522402,On or near St Sepulchre Gate,E01034238,Doncaster 022G,Public order,Unable to prosecute suspect,
460715e79bfb58c9b13e7dbc5d6805a039e428a551889fce71b9d72537a46698,2025-02,South Yorkshire Police,South Yorkshire Police,-1.136014,53.523630,On or near Shopping Area,E01034238,Doncaster 022G,Public order,Unable to prosecute suspect,
1c7bba66d2dbc6e1541a865dca04c316930f885e9ffd9f40a9e1e091ab229d88,2025-02,South Yorkshire Police,South Yorkshire Police,-1.133039,53.518638,On or near Parking Area,E01034238,Doncaster 022G,Public order,Unable to prosecute suspect,
30f92f79e5ee271c24dc6b565ff4ba087cec93077e431d62da5196cb4e4b9e39,2025-02,South Yorkshire Police,South Yorkshire Police,-1.131625,53.522775,On or near Nightclub,E01034238,Doncaster 022G,Public order,Investigation complete; no suspect identified,
d692782f630d270fbc6a03a64c23a480a17c4240da9104fc95addbd4bab488e8,2025-02,South Yorkshire Police,South Yorkshire Police,-1.123980,53.521305,On or near Town Fields,E01034238,Doncaster 022G,Public order,Unable to prosecute suspect,
cd40ec031ac9eaea56894e014359efad9a36271b2043a028bf68acfaf228996e,2025-02,South Yorkshire Police,South Yorkshire Police,-1.136014,53.523630,On or near Shopping Area,E01034238,Doncaster 022G,Public order,Investigation complete; no suspect identified,
fe3e420122121058b27ac293bbfae157083ff677154757762acd76af6550b405,2025-02,South Yorkshire Police,South Yorkshire Police,-1.136507,53.522402,On or near St Sepulchre Gate,E01034238,Doncaster 022G,Public order,Investigation complete; no suspect identified,
d0c518ebe3ac63d2d2f42d0f711adf625556d8e4b94f25a8ca48fd32fcedf140,2025-02,South Yorkshire Police,South Yorkshire Police,-1.136507,53.522402,On or near St Sepulchre Gate,E01034238,Doncaster 022G,Public order,Unable to prosecute suspect,
9bea36effeec8fd12a15d609a22f139e36640d720268a4bbf9053f64fbcc2eae,2025-02,South Yorkshire Police,South Yorkshire Police,-1.130754,53.519017,On or near Police Station,E01034238,Doncaster 022G,Public order,Offender given a caution,
c729cbd8f43f08bf8e882f6637d379b43e79bbc9118bcd58f74951a26cbb24e7,2025-02,South Yorkshire Police,South Yorkshire Police,-1.123980,53.521305,On or near Town Fields,E01034238,Doncaster 022G,Public order,Unable to prosecute suspect,
a2510ccbcfb82a1fa070abddecc9cdd95a12eb34da4b13e200087d75b129a85c,2025-02,South Yorkshire Police,South Yorkshire Police,-1.136415,53.521701,On or near Chancery Place,E01034238,Doncaster 022G,Public order,Unable to prosecute suspect,
12da46a7104c62b793943c0e9dff60f50c53d8f3e48cd095ce6bbefba4ba0d4d,2025-02,South Yorkshire Police,South Yorkshire Police,-1.136014,53.523630,On or near Shopping Area,E01034238,Doncaster 022G,Public order,Unable to prosecute suspect,
3c731265b3470abad04bf3dcd442fd264d75228b6e298d7b8a261ac14b4436a5,2025-02,South Yorkshire Police,South Yorkshire Police,-1.133456,53.518902,On or near Catherine Street,E01034238,Doncaster 022G,Public order,Investigation complete; no suspect identified,
74c740367a59824556a1fadd142b038ddf6f3f74f77244b4ed7eb641ce710527,2025-02,South Yorkshire Police,South Yorkshire Police,-1.136507,53.522402,On or near St Sepulchre Gate,E01034238,Doncaster 022G,Shoplifting,Investigation complete; no suspect identified,
6f1e47ba66d50fa55d7710269f691fb52f24fa262546de14bc841587300d2c7e,2025-02,South Yorkshire Police,South Yorkshire Police,-1.136507,53.522402,On or near St Sepulchre Gate,E01034238,Doncaster 022G,Shoplifting,Investigation complete; no suspect identified,
b025cf47281b54058aa48f25c5641241b99e3f3623456c9d4033e8bf0f0df775,2025-02,South Yorkshire Police,South Yorkshire Police,-1.136014,53.523630,On or near Shopping Area,E01034238,Doncaster 022G,Shoplifting,Awaiting court outcome,
e564839f362188d2637750b0d341cd32e66bd967d92d935f61ba534044570406,2025-02,South Yorkshire Police,South Yorkshire Police,-1.136014,53.523630,On or near Shopping Area,E01034238,Doncaster 022G,Shoplifting,Awaiting court outcome,
c04ed292ebaaf5182cce9b03ac11216807a346810994c52e7967d0a1b901a28d,2025-02,South Yorkshire Police,South Yorkshire Police,-1.136014,53.523630,On or near Shopping Area,E01034238,Doncaster 022G,Shoplifting,Awaiting court outcome,
9aae8c04817cfe87282dd5841b847e6030604a041cde2f16bcc4ac8e950e6045,2025-02,South Yorkshire Police,South Yorkshire Police,-1.136507,53.522402,On or near St Sepulchre Gate,E01034238,Doncaster 022G,Shoplifting,Unable to prosecute suspect,
3fab6116af64355de079ab931828b1148b03ca1250cd97ca8d56b88f88f8c85c,2025-02,South Yorkshire Police,South Yorkshire Police,-1.137267,53.522102,On or near West Laith Gate,E01034238,Doncaster 022G,Shoplifting,Local resolution,
919de491e34ad026621cf6acb963324ddca19dcb7be9a662eba4d3939f71c420,2025-02,South Yorkshire Police,South Yorkshire Police,-1.136014,53.523630,On or near Shopping Area,E01034238,Doncaster 022G,Shoplifting,Awaiting court outcome,
2ff62d9fa147e25ec4f96d51fe6b4678f310cec0cb0a1c1450fdfb3bd23fc036,2025-02,South Yorkshire Police,South Yorkshire Police,-1.136014,53.523630,On or near Shopping Area,E01034238,Doncaster 022G,Shoplifting,Awaiting court outcome,
ebbc818a0f767012a56121057c69134d7574ef551d481d2a38fb3f5346d864f5,2025-02,South Yorkshire Police,South Yorkshire Police,-1.136014,53.523630,On or near Shopping Area,E01034238,Doncaster 022G,Shoplifting,Awaiting court outcome,
ded7e682a25f069ef279969c9e0beac280aa9d91bd008e91f93feb57d2827f0b,2025-02,South Yorkshire Police,South Yorkshire Police,-1.137267,53.522102,On or near West Laith Gate,E01034238,Doncaster 022G,Shoplifting,Local resolution,
85757d78f8faea3e8ed602e0d4ef06e803d27b42cd5347319ec212ff96b2571d,2025-02,South Yorkshire Police,South Yorkshire Police,-1.136014,53.523630,On or near Shopping Area,E01034238,Doncaster 022G,Shoplifting,Investigation complete; no suspect identified,
1f9dafaa3850f890a47ecbed054667fc7c644df5a3362eecf67b5ed0e64dcccc,2025-02,South Yorkshire Police,South Yorkshire Police,-1.136014,53.523630,On or near Shopping Area,E01034238,Doncaster 022G,Shoplifting,Investigation complete; no suspect identified,
d48ddff1d91462bf55a9d4134260e1cdd6bd9905d253eec7f0a9b341a81298c3,2025-02,South Yorkshire Police,South Yorkshire Police,-1.136507,53.522402,On or near St Sepulchre Gate,E01034238,Doncaster 022G,Shoplifting,Unable to prosecute suspect,
d3d4ffed00cbbab5dbdc11c4d787a0c0963c8ea5f1e7b8c9097bac60c67e5af0,2025-02,South Yorkshire Police,South Yorkshire Police,-1.136014,53.523630,On or near Shopping Area,E01034238,Doncaster 022G,Shoplifting,Investigation complete; no suspect identified,
f9f953481ac18eb8bea86d27a200ccc66f65f9104161cc694eaffd56ffa83db8,2025-02,South Yorkshire Police,South Yorkshire Police,-1.136014,53.523630,On or near Shopping Area,E01034238,Doncaster 022G,Shoplifting,Investigation complete; no suspect identified,
77a179ab30ee2189bd0cc3e57134a4083db9f7890569a529f4144ad7f08c6a28,2025-02,South Yorkshire Police,South Yorkshire Police,-1.136014,53.523630,On or near Shopping Area,E01034238,Doncaster 022G,Shoplifting,Investigation complete; no suspect identified,
736a1216ede3fd82f1a015db06859239827c6fc68925f7efd63414395a087909,2025-02,South Yorkshire Police,South Yorkshire Police,-1.136014,53.523630,On or near Shopping Area,E01034238,Doncaster 022G,Shoplifting,Investigation complete; no suspect identified,
27f10d5e83e578958b36c2f9ba682b0ea8dac9376fe416e98f24d787dcdee34e,2025-02,South Yorkshire Police,South Yorkshire Police,-1.136014,53.523630,On or near Shopping Area,E01034238,Doncaster 022G,Shoplifting,Investigation complete; no suspect identified,
e2c568f50e5e6e431057cabfc2d66cb3c1013fbe998d0198ab444ac1e900342f,2025-02,South Yorkshire Police,South Yorkshire Police,-1.136014,53.523630,On or near Shopping Area,E01034238,Doncaster 022G,Shoplifting,Unable to prosecute suspect,
23f92792c90d86638c4f3ec0d23edbd660b16001704e6056407969b49bd49a78,2025-02,South Yorkshire Police,South Yorkshire Police,-1.136014,53.523630,On or near Shopping Area,E01034238,Doncaster 022G,Shoplifting,Awaiting court outcome,
34652cef28bcd84209562b8648b5bacdcd861509bf9634c92fba36699ac8f3e7,2025-02,South Yorkshire Police,South Yorkshire Police,-1.136014,53.523630,On or near Shopping Area,E01034238,Doncaster 022G,Shoplifting,Investigation complete; no suspect identified,
560d8a421425e6f1038387e507d51b0063fef5fc4b066d72dcd473d1b30f0306,2025-02,South Yorkshire Police,South Yorkshire Police,-1.136014,53.523630,On or near Shopping Area,E01034238,Doncaster 022G,Shoplifting,Investigation complete; no suspect identified,
84c50ff7f286a156c8ffeb86245f4a747dfb68d705fd82858fff59108a6dcd19,2025-02,South Yorkshire Police,South Yorkshire Police,-1.137267,53.522102,On or near West Laith Gate,E01034238,Doncaster 022G,Shoplifting,Awaiting court outcome,
adcc370178e2d6642ba67fa51b1e810aaab226050b64d39fa9a20c05fff311d2,2025-02,South Yorkshire Police,South Yorkshire Police,-1.136014,53.523630,On or near Shopping Area,E01034238,Doncaster 022G,Shoplifting,Awaiting court outcome,
caa2a6e3006d0c6add2d21e47ea5ce396a2b023100e6a8b7b82509f5ff7a0801,2025-02,South Yorkshire Police,South Yorkshire Police,-1.136507,53.522402,On or near St Sepulchre Gate,E01034238,Doncaster 022G,Shoplifting,Investigation complete; no suspect identified,
4941e31fde8d80e67647b04931602b5ca9d7d3c146e220f9b5fffd5216d0bcd5,2025-02,South Yorkshire Police,South Yorkshire Police,-1.136014,53.523630,On or near Shopping Area,E01034238,Doncaster 022G,Shoplifting,Awaiting court outcome,
c06f6cb4e5ec3428ec9955775f09df89303d2d64c79d5439d6ee63ee392d8274,2025-02,South Yorkshire Police,South Yorkshire Police,-1.136014,53.523630,On or near Shopping Area,E01034238,Doncaster 022G,Shoplifting,Unable to prosecute suspect,
f011873298515fea28d79acabf796d2a0dd61e08c85b9302af62f28433f61bee,2025-02,South Yorkshire Police,South Yorkshire Police,-1.137267,53.522102,On or near West Laith Gate,E01034238,Doncaster 022G,Shoplifting,Local resolution,
36441b2d60928f437188060ae1fc0079b422dd6a1de22c5fbd69b9ac46fa880e,2025-02,South Yorkshire Police,South Yorkshire Police,-1.137267,53.522102,On or near West Laith Gate,E01034238,Doncaster 022G,Shoplifting,Status update unavailable,
d5a93a1532673125ab66215e16b75c7d01057287106e1ba6a12216eb4518300b,2025-02,South Yorkshire Police,South Yorkshire Police,-1.136507,53.522402,On or near St Sepulchre Gate,E01034238,Doncaster 022G,Shoplifting,Investigation complete; no suspect identified,
f483b4cbfbe9a6f1d592ef0387e675df3cf5c4d328798537c5e65b6c4845550b,2025-02,South Yorkshire Police,South Yorkshire Police,-1.136014,53.523630,On or near Shopping Area,E01034238,Doncaster 022G,Shoplifting,Investigation complete; no suspect identified,
9f2972d90ba10d5aef279388cd0db25bbd02cdfdc782e06c76d85d74b15c7ef9,2025-02,South Yorkshire Police,South Yorkshire Police,-1.136014,53.523630,On or near Shopping Area,E01034238,Doncaster 022G,Shoplifting,Local resolution,
2cf827df81935bdf1ab219b9cf4169f2703368a139702af2b2e62de11c08de50,2025-02,South Yorkshire Police,South Yorkshire Police,-1.136014,53.523630,On or near Shopping Area,E01034238,Doncaster 022G,Shoplifting,Investigation complete; no suspect identified,
3980ef498cbba33d01bb25eebfa9da279063185cf05e847a0c6eb3eb64deaba9,2025-02,South Yorkshire Police,South Yorkshire Police,-1.136014,53.523630,On or near Shopping Area,E01034238,Doncaster 022G,Shoplifting,Unable to prosecute suspect,
6cf2f7554a4e9681d25d748986a33ad7e4a4f1c1a61af8578dd1760877ed4c3b,2025-02,South Yorkshire Police,South Yorkshire Police,-1.136014,53.523630,On or near Shopping Area,E01034238,Doncaster 022G,Shoplifting,Awaiting court outcome,
6829b1a48b3c32b7585bcbd4a17e3bb8a431a1c558a8dad0ff6e5972f3398f40,2025-02,South Yorkshire Police,South Yorkshire Police,-1.130082,53.522338,On or near Hall Gate,E01034238,Doncaster 022G,Theft from the person,Investigation complete; no suspect identified,
75bbfb5f44b94e6e5627b6985a085b4cefc74efe582a7527b637929f080ff18f,2025-02,South Yorkshire Police,South Yorkshire Police,-1.131625,53.522775,On or near Nightclub,E01034238,Doncaster 022G,Theft from the person,Investigation complete; no suspect identified,
557f961155e43cb9c46884a36f2f608e9518e6a69cdd30cd7bd91866f9a8e038,2025-02,South Yorkshire Police,South Yorkshire Police,-1.131491,53.523544,On or near Silver Street,E01034238,Doncaster 022G,Theft from the person,Investigation complete; no suspect identified,
6d2c6fa47c2221ff0ffbc173e0dd230c5d5334e164925150a6de1a88fdaa9017,2025-02,South Yorkshire Police,South Yorkshire Police,-1.133456,53.518902,On or near Catherine Street,E01034238,Doncaster 022G,Vehicle crime,Investigation complete; no suspect identified,
3830f881abb99be4d64e2498c54966225301b739524772fe5213f706716edd1c,2025-02,South Yorkshire Police,South Yorkshire Police,-1.130430,53.523752,On or near Frances Street,E01034238,Doncaster 022G,Vehicle crime,Investigation complete; no suspect identified,
b01bcc7379c1bee0ab85b24dbce099b154fb1d263f7dea673f693c532fec4e1e,2025-02,South Yorkshire Police,South Yorkshire Police,-1.131625,53.522775,On or near Nightclub,E01034238,Doncaster 022G,Violence and sexual offences,Unable to prosecute suspect,
190805ac69adf8542745ae2fbc1b92b21e327c06f3e58c974f211c38569d5e0d,2025-02,South Yorkshire Police,South Yorkshire Police,-1.136507,53.522402,On or near St Sepulchre Gate,E01034238,Doncaster 022G,Violence and sexual offences,Investigation complete; no suspect identified,
f4324371892c69eaea4f1e41d184c9acb51e4de7d822ddf76f387245ba248ab9,2025-02,South Yorkshire Police,South Yorkshire Police,-1.130082,53.522338,On or near Hall Gate,E01034238,Doncaster 022G,Violence and sexual offences,Unable to prosecute suspect,
4f01d48c3a2644e4674863e6509a13f377ae2b641387eaffbbdf3542b72b790e,2025-02,South Yorkshire Police,South Yorkshire Police,-1.130754,53.519017,On or near Police Station,E01034238,Doncaster 022G,Violence and sexual offences,Awaiting court outcome,
9857a7deab46c822cd2863de600a6bfd5fed006897ef28db810517f7b3915214,2025-02,South Yorkshire Police,South Yorkshire Police,-1.136507,53.522402,On or near St Sepulchre Gate,E01034238,Doncaster 022G,Violence and sexual offences,Unable to prosecute suspect,
e7145aa7e3326c881164072aa6ce293faf4b362f2aaa12fca636308816a784fb,2025-02,South Yorkshire Police,South Yorkshire Police,-1.136014,53.523630,On or near Shopping Area,E01034238,Doncaster 022G,Violence and sexual offences,Local resolution,
5da8c66c45a3f4bc34cd2b021d9c87bf2a8db4f3aa484d55d572884bdaf0477a,2025-02,South Yorkshire Police,South Yorkshire Police,-1.131625,53.522775,On or near Nightclub,E01034238,Doncaster 022G,Violence and sexual offences,Unable to prosecute suspect,
f05a1e3e8ef587d1f048133b2a8ec295736719ca888490d15510aa31aeccb7d9,2025-02,South Yorkshire Police,South Yorkshire Police,-1.131491,53.523544,On or near Silver Street,E01034238,Doncaster 022G,Violence and sexual offences,Unable to prosecute suspect,
28d4e186703373f1cc666278852a45dfc53abcead8302e03e63fcfb9f01b3bd9,2025-02,South Yorkshire Police,South Yorkshire Police,-1.133456,53.518902,On or near Catherine Street,E01034238,Doncaster 022G,Violence and sexual offences,Unable to prosecute suspect,
e04e26969419f890945fb9f23a394213d30587e0d0ebad82a6561af1a216bc82,2025-02,South Yorkshire Police,South Yorkshire Police,-1.136014,53.523630,On or near Shopping Area,E01034238,Doncaster 022G,Violence and sexual offences,Awaiting court outcome,
2ef9476ea387fab583436cf5f55777732e73ad7039a223b9ad750565b86f090a,2025-02,South Yorkshire Police,South Yorkshire Police,-1.136507,53.522402,On or near St Sepulchre Gate,E01034238,Doncaster 022G,Violence and sexual offences,Unable to prosecute suspect,
b2f9601cd11b5c665b02018f05f32b45ebe2c2ff2d8c7819fea95b59bca04779,2025-02,South Yorkshire Police,South Yorkshire Police,-1.133505,53.521680,On or near Young Street,E01034238,Doncaster 022G,Violence and sexual offences,Unable to prosecute suspect,
dfee5d789569f948e696e796a6f80931e22dd220291fc6a1d3e1cd165d06cb80,2025-02,South Yorkshire Police,South Yorkshire Police,-1.136014,53.523630,On or near Shopping Area,E01034238,Doncaster 022G,Violence and sexual offences,Local resolution,
e5fc2086fad883c2834ac236454e96cbeb19df7e24d1f466c6b81c6d4a3f92cf,2025-02,South Yorkshire Police,South Yorkshire Police,-1.131625,53.522775,On or near Nightclub,E01034238,Doncaster 022G,Violence and sexual offences,Unable to prosecute suspect,
86096788ada15cabd5d72699d4f0a40a48d7fcd10ace9b41db74730367458600,2025-02,South Yorkshire Police,South Yorkshire Police,-1.131625,53.522775,On or near Nightclub,E01034238,Doncaster 022G,Violence and sexual offences,Unable to prosecute suspect,
ad5ea2c5212c21462841608db62afa91a5c8c4c4437c7c180d9fef93ce3d6e4e,2025-02,South Yorkshire Police,South Yorkshire Police,-1.131491,53.523544,On or near Silver Street,E01034238,Doncaster 022G,Violence and sexual offences,Investigation complete; no suspect identified,
0503c37e5deb90bea2617dabf9f052383d1dd5a8dbadd3a1ccdb2670be31d31b,2025-02,South Yorkshire Police,South Yorkshire Police,-1.134167,53.523239,On or near High Street,E01034238,Doncaster 022G,Violence and sexual offences,Investigation complete; no suspect identified,
06c42bc828a593677609b5ff727c63b78bc11111e2acb56a14355ad80a2a702c,2025-02,South Yorkshire Police,South Yorkshire Police,-1.131625,53.522775,On or near Nightclub,E01034238,Doncaster 022G,Violence and sexual offences,Unable to prosecute suspect,
4cd86e693eff01da97cb106b053fcb767182f93eb36c95b4fe18398b60a4bf07,2025-02,South Yorkshire Police,South Yorkshire Police,-1.134809,53.522786,On or near Priory Place,E01034238,Doncaster 022G,Violence and sexual offences,Status update unavailable,
a9d97541c26637b7f481be753f7d0692aac21fc33cb41771827faaeb6e28fcf9,2025-02,South Yorkshire Police,South Yorkshire Police,-1.136014,53.523630,On or near Shopping Area,E01034238,Doncaster 022G,Violence and sexual offences,Investigation complete; no suspect identified,
23abf75ac80de4f0db7c687255bd3af1f05a233688b659448a0a19b6e22ad324,2025-02,South Yorkshire Police,South Yorkshire Police,-1.136014,53.523630,On or near Shopping Area,E01034238,Doncaster 022G,Violence and sexual offences,Unable to prosecute suspect,
98f17ab176f03252f6c5488edb59ab95bc23594cbe939184c3aa6526f07e9410,2025-02,South Yorkshire Police,South Yorkshire Police,-1.131625,53.522775,On or near Nightclub,E01034238,Doncaster 022G,Violence and sexual offences,Unable to prosecute suspect,
ec2606bb27c53186ce4f5eb3ea013be82521b6bdf8c2a825ff3b7575a996ebbf,2025-02,South Yorkshire Police,South Yorkshire Police,-1.131491,53.523544,On or near Silver Street,E01034238,Doncaster 022G,Violence and sexual offences,Investigation complete; no suspect identified,
4c111de35dd5c8aeae13debd60e9017091bfd7dba5784edb59677125c4ec4a77,2025-02,South Yorkshire Police,South Yorkshire Police,-1.136014,53.523630,On or near Shopping Area,E01034238,Doncaster 022G,Violence and sexual offences,Unable to prosecute suspect,
63403e8aa546bc0ba2d0e91a1d90b15f84074b56e91056eba69a0cf8eaa1bf4f,2025-02,South Yorkshire Police,South Yorkshire Police,-1.125822,53.521938,On or near Regent Square,E01034238,Doncaster 022G,Violence and sexual offences,Unable to prosecute suspect,
bd322e7a6ee6bcabad5ef5cb7f461f886377cb5a88036e9b54d8d6ed4dafbc5a,2025-02,South Yorkshire Police,South Yorkshire Police,-1.136014,53.523630,On or near Shopping Area,E01034238,Doncaster 022G,Violence and sexual offences,Action to be taken by another organisation,
fb2f216d2bcc85b83df85f971e15ddfeb9ebeb0624ca5596586892a59faed802,2025-02,South Yorkshire Police,South Yorkshire Police,-1.130082,53.522338,On or near Hall Gate,E01034238,Doncaster 022G,Violence and sexual offences,Investigation complete; no suspect identified,
cc9476694677aa8f9f15e99cfbcbc5a56fac4342ab8855f71b5d26339ca9fe1b,2025-02,South Yorkshire Police,South Yorkshire Police,-1.126044,53.519198,On or near Chequer Road,E01034238,Doncaster 022G,Violence and sexual offences,Status update unavailable,
7b3930ed897a22057a4e7ddb74ebd67a5f059d33140237cd0bd09a0f3ec4cce1,2025-02,South Yorkshire Police,South Yorkshire Police,-1.131625,53.522775,On or near Nightclub,E01034238,Doncaster 022G,Violence and sexual offences,Unable to prosecute suspect,
d9d091e92fbee2a5b2e70e6514115aa2216ca4d1ae966829fec19204ff4ea2e2,2025-02,South Yorkshire Police,South Yorkshire Police,-1.136014,53.523630,On or near Shopping Area,E01034238,Doncaster 022G,Violence and sexual offences,Status update unavailable,
c2a621995acb9398e1366f6a16c36baa443f9b09c9e557ce4e1b05fb07f766ef,2025-02,South Yorkshire Police,South Yorkshire Police,-1.136415,53.521701,On or near Chancery Place,E01034238,Doncaster 022G,Violence and sexual offences,Unable to prosecute suspect,
39ac3c7e0e659fa0cd86c353e955fbab3a52439779227dfafea84a72f0f9f67e,2025-02,South Yorkshire Police,South Yorkshire Police,-1.132967,53.519950,On or near Parking Area,E01034238,Doncaster 022G,Violence and sexual offences,Unable to prosecute suspect,
0a481a4bdcb94b494421ef6343f3c7a900f07805265b3f71ab7ff2cdf42b8c9e,2025-02,South Yorkshire Police,South Yorkshire Police,-1.127084,53.519997,On or near Parking Area,E01034238,Doncaster 022G,Violence and sexual offences,Unable to prosecute suspect,
7845402993c3a9a6e42cc7ee81e9f1f0a8145f17451d9d4916b3d62abfa6f149,2025-02,South Yorkshire Police,South Yorkshire Police,-1.136014,53.523630,On or near Shopping Area,E01034238,Doncaster 022G,Violence and sexual offences,Status update unavailable,
4540a0335f0e529bc6f5e82dca73cfcb198673e053633e09598d332ce2d702ff,2025-02,South Yorkshire Police,South Yorkshire Police,-1.136014,53.523630,On or near Shopping Area,E01034238,Doncaster 022G,Violence and sexual offences,Unable to prosecute suspect,
d6d4e1be71e43db6c73536e6181a01b83e7d8b231cbbb17183b155640b7ad139,2025-02,South Yorkshire Police,South Yorkshire Police,-1.136507,53.522402,On or near St Sepulchre Gate,E01034238,Doncaster 022G,Violence and sexual offences,Investigation complete; no suspect identified,
6c6bd6b9592f1bbbacb6aa813ae5d155c0b91c499f35a3c277e90e6d7fb151aa,2025-02,South Yorkshire Police,South Yorkshire Police,-1.133456,53.518902,On or near Catherine Street,E01034238,Doncaster 022G,Violence and sexual offences,Investigation complete; no suspect identified,
ca66ed575088d269ed220cd9bc33b924a547de23c90cd4a87aa8ffd76fa2369c,2025-02,South Yorkshire Police,South Yorkshire Police,-1.131491,53.523544,On or near Silver Street,E01034238,Doncaster 022G,Violence and sexual offences,Unable to prosecute suspect,
2dd38b197486f1b36156d3497be19362e2e7c75a0d4f5ee1a7febab95903077c,2025-02,South Yorkshire Police,South Yorkshire Police,-1.136507,53.522402,On or near St Sepulchre Gate,E01034238,Doncaster 022G,Violence and sexual offences,Investigation complete; no suspect identified,
768142cdab1fb6d8f3f7d50497839979073473489697daefd166ff19013dc8cb,2025-02,South Yorkshire Police,South Yorkshire Police,-1.130754,53.519017,On or near Police Station,E01034238,Doncaster 022G,Violence and sexual offences,Status update unavailable,
8f90fdb2921d5970dd07cd1aa5b71c1434457c01e885a413e924c8e0e54b2f78,2025-02,South Yorkshire Police,South Yorkshire Police,-1.131625,53.522775,On or near Nightclub,E01034238,Doncaster 022G,Violence and sexual offences,Investigation complete; no suspect identified,
c4f152a02af422da88bc3cb9d6cf287ad90ad6684292544ad977c932fa7618e7,2025-02,South Yorkshire Police,South Yorkshire Police,-1.134809,53.522786,On or near Priory Place,E01034238,Doncaster 022G,Violence and sexual offences,Unable to prosecute suspect,
9d0fbb13fb663f2e8827f65a73f3d80e90ae0401530ffa92b4d0fc022955af18,2025-02,South Yorkshire Police,South Yorkshire Police,-1.137267,53.522102,On or near West Laith Gate,E01034238,Doncaster 022G,Violence and sexual offences,Investigation complete; no suspect identified,
ebfbd9fa4c21f707b17a19d6c26bdce42c7d1c37f5e12a87e455d2e668310372,2025-02,South Yorkshire Police,South Yorkshire Police,-1.136014,53.523630,On or near Shopping Area,E01034238,Doncaster 022G,Violence and sexual offences,Investigation complete; no suspect identified,
663e2090da8b0be652ff46c67f400a300c2eaeaea1a6cfce5494d0f262ce9be6,2025-02,South Yorkshire Police,South Yorkshire Police,-1.136014,53.523630,On or near Shopping Area,E01034238,Doncaster 022G,Violence and sexual offences,Unable to prosecute suspect,
c9a24a3c8fcc8e378e9e7d38ebb2ac1ee8b84b7ccea38bb07d2e9b58b57a1464,2025-02,South Yorkshire Police,South Yorkshire Police,-1.136014,53.523630,On or near Shopping Area,E01034238,Doncaster 022G,Violence and sexual offences,Unable to prosecute suspect,
5800bcac425819007e23420ed4c7aefd4e58763fb6edeb42585ef43c173cc243,2025-02,South Yorkshire Police,South Yorkshire Police,-1.137267,53.522102,On or near West Laith Gate,E01034238,Doncaster 022G,Violence and sexual offences,Investigation complete; no suspect identified,
5fccc1053501fa7c87b5210815f70740b93d05de83a561440a202fab651f041f,2025-02,South Yorkshire Police,South Yorkshire Police,-1.136014,53.523630,On or near Shopping Area,E01034238,Doncaster 022G,Violence and sexual offences,Unable to prosecute suspect,
01229d97e4ef44adfc00a21014cc98649056aa7bbcce88273049c4f1c086d6b6,2025-02,South Yorkshire Police,South Yorkshire Police,-1.136507,53.522402,On or near St Sepulchre Gate,E01034238,Doncaster 022G,Violence and sexual offences,Investigation complete; no suspect identified,
d31e31f43226abea17dc24cd05a462fc686370336ae4c534dbd1dc78dee6a604,2025-02,South Yorkshire Police,South Yorkshire Police,-1.136014,53.523630,On or near Shopping Area,E01034238,Doncaster 022G,Violence and sexual offences,Unable to prosecute suspect,
0e5217a94ac6add2e469c6fd2bee0ce67bf6e09bfacd4cc41df25418aff3581f,2025-02,South Yorkshire Police,South Yorkshire Police,-1.131625,53.522775,On or near Nightclub,E01034238,Doncaster 022G,Violence and sexual offences,Investigation complete; no suspect identified,
fa96897c94325f6246a9c61ac80e9c51789305306692a7cc2f92e7c2dc51e45c,2025-02,South Yorkshire Police,South Yorkshire Police,-1.136507,53.522402,On or near St Sepulchre Gate,E01034238,Doncaster 022G,Violence and sexual offences,Awaiting court outcome,
89f15695c3fae5957257257a30bf70ec002f95538f69c30b2027bb7b310510ba,2025-02,South Yorkshire Police,South Yorkshire Police,-1.133505,53.521680,On or near Young Street,E01034238,Doncaster 022G,Violence and sexual offences,Unable to prosecute suspect,
13ece6c79cbc995e156acc28a2c5ea477530bc6c068296942d1bb1a914ae01f5,2025-02,South Yorkshire Police,South Yorkshire Police,-1.136415,53.521701,On or near Chancery Place,E01034238,Doncaster 022G,Violence and sexual offences,Investigation complete; no suspect identified,
c352a82a5e8eccf20ebb2c66cbcd62026015659b4138d66dffa67a5761aa4d23,2025-02,South Yorkshire Police,South Yorkshire Police,-1.136507,53.522402,On or near St Sepulchre Gate,E01034238,Doncaster 022G,Violence and sexual offences,Investigation complete; no suspect identified,
d0f88f8b334bf9cea72db7954dd970b5b1dbd34dddf20093f32712f2ba84ae50,2025-02,South Yorkshire Police,South Yorkshire Police,-1.136507,53.522402,On or near St Sepulchre Gate,E01034238,Doncaster 022G,Violence and sexual offences,Investigation complete; no suspect identified,
0d83abb0d70491e43e1bb33816d778007989408265267d867f1bcca0dfc82ce9,2025-02,South Yorkshire Police,South Yorkshire Police,-1.136014,53.523630,On or near Shopping Area,E01034238,Doncaster 022G,Violence and sexual offences,Unable to prosecute suspect,
9785f4c83e16fdeed7e54fe6de17b6bda1e210e45e3a20177c2409347b5b1268,2025-02,South Yorkshire Police,South Yorkshire Police,-1.128978,53.519534,On or near School House Mews,E01034238,Doncaster 022G,Violence and sexual offences,Status update unavailable,
779be2827f86bb03f71757bb01e74abb0633d22b5036522f7f12fddbcf6ac96d,2025-02,South Yorkshire Police,South Yorkshire Police,-1.136014,53.523630,On or near Shopping Area,E01034238,Doncaster 022G,Violence and sexual offences,Status update unavailable,
1b1315afa519d7788e84189b7c42a39ac063776f3f57a086bef155375f34155f,2025-02,South Yorkshire Police,South Yorkshire Police,-1.130082,53.522338,On or near Hall Gate,E01034238,Doncaster 022G,Violence and sexual offences,Investigation complete; no suspect identified,
f27048a2f60503ae99e7cbe7c4b0e96bea4506d94a6d8d3e8e6645bbf7be6b9a,2025-02,South Yorkshire Police,South Yorkshire Police,-1.130082,53.522338,On or near Hall Gate,E01034238,Doncaster 022G,Violence and sexual offences,Unable to prosecute suspect,
8d88cb23f16d08d468fbc28cb9edb5692537f12c83f9770e2620371a5617d663,2025-02,South Yorkshire Police,South Yorkshire Police,-1.131491,53.523544,On or near Silver Street,E01034238,Doncaster 022G,Violence and sexual offences,Unable to prosecute suspect,
c0697bde7166989ab40fbc08de823a812c288249397f68ad9a49b1004f921de4,2025-02,South Yorkshire Police,South Yorkshire Police,-1.136014,53.523630,On or near Shopping Area,E01034238,Doncaster 022G,Violence and sexual offences,Local resolution,
1e5d0bc856c72d1a1efbdd4d92ee0a5d9e5c80f054bfeb6f381ce0f7bdd02a7b,2025-02,South Yorkshire Police,South Yorkshire Police,-1.131491,53.523544,On or near Silver Street,E01034238,Doncaster 022G,Violence and sexual offences,Investigation complete; no suspect identified,
fc7cccbb62189d46ac898740b3c3fe41b79d5249f6bcf75510b9324481a3b52e,2025-02,South Yorkshire Police,South Yorkshire Police,-1.130082,53.522338,On or near Hall Gate,E01034238,Doncaster 022G,Violence and sexual offences,Investigation complete; no suspect identified,
ca712bdc52ac9f556ab369d3f5283f0c126c2d1ac647acbab0a6040543aa2dad,2025-02,South Yorkshire Police,South Yorkshire Police,-1.136507,53.522402,On or near St Sepulchre Gate,E01034238,Doncaster 022G,Violence and sexual offences,Unable to prosecute suspect,
935f20cbec4e6dbed2e7871d08f37ef96968278b6631964ced804534c4c7b974,2025-02,South Yorkshire Police,South Yorkshire Police,-1.133505,53.521680,On or near Young Street,E01034238,Doncaster 022G,Violence and sexual offences,Unable to prosecute suspect,
ba6dd9f82ad7143ac85c393ae4660b6b71c87ef881097fb3f151aca155d41466,2025-02,South Yorkshire Police,South Yorkshire Police,-1.132115,53.521058,On or near Parking Area,E01034238,Doncaster 022G,Violence and sexual offences,Unable to prosecute suspect,
35ac57018bf65d3fba9b41313ff8bc987f1ce7b196521778b64be0621486b724,2025-02,South Yorkshire Police,South Yorkshire Police,-1.131625,53.522775,On or near Nightclub,E01034238,Doncaster 022G,Violence and sexual offences,Unable to prosecute suspect,
07160902325498397d2a93cb5b78e874ec40f1a0a9d912483bbd2445004f2647,2025-02,South Yorkshire Police,South Yorkshire Police,-1.128978,53.519534,On or near School House Mews,E01034238,Doncaster 022G,Violence and sexual offences,Unable to prosecute suspect,
618c2b2755292ef82fca1f2c63706fa3288d61d24c08a4d2a66c715d28419808,2025-02,South Yorkshire Police,South Yorkshire Police,-1.132719,53.521719,On or near Parking Area,E01034238,Doncaster 022G,Violence and sexual offences,Awaiting court outcome,
45e0669187ca90e6af8075d8d64b6394df1d317af98f87b850f95423429dfbcd,2025-02,South Yorkshire Police,South Yorkshire Police,-1.130754,53.519017,On or near Police Station,E01034238,Doncaster 022G,Other crime,Unable to prosecute suspect,
290315be9b818f659ef5a68818eafe44a881d062bda636a7511c2d7b7bae64d6,2025-02,South Yorkshire Police,South Yorkshire Police,-1.130754,53.519017,On or near Police Station,E01034238,Doncaster 022G,Other crime,Status update unavailable,
f13f487dfaed19a61e0e274f2fd348a8b12216027e49783c04d4a3bcd1bf40f2,2025-02,South Yorkshire Police,South Yorkshire Police,-1.130754,53.519017,On or near Police Station,E01034238,Doncaster 022G,Other crime,Status update unavailable,
0b306872e60f329d195d6e391c07a0c04fbe6601eb162311dbd5f00f33f5092b,2025-02,South Yorkshire Police,South Yorkshire Police,-1.130754,53.519017,On or near Police Station,E01034238,Doncaster 022G,Other crime,Status update unavailable,
24bdc0aa0b9208a036318fb382c96e4a35adc5286e8059f799607eba7823ed3c,2025-02,South Yorkshire Police,South Yorkshire Police,-1.130754,53.519017,On or near Police Station,E01034238,Doncaster 022G,Other crime,Unable to prosecute suspect,
52ba862332702b30c35505150eef205ade4be1231eb4b8617129e5a4e6fa2e09,2025-02,South Yorkshire Police,South Yorkshire Police,-1.130754,53.519017,On or near Police Station,E01034238,Doncaster 022G,Other crime,Status update unavailable,
04d312d4bc5d010639dcb687cb3f436116bbc2f547fecb0901d11a4f99541d90,2025-02,South Yorkshire Police,South Yorkshire Police,-1.130754,53.519017,On or near Police Station,E01034238,Doncaster 022G,Other crime,Status update unavailable,
3ce46f9374e721ff1a41f813a5fc24eb6ed2755b356313a92575856e72984e42,2025-02,South Yorkshire Police,South Yorkshire Police,-1.130754,53.519017,On or near Police Station,E01034238,Doncaster 022G,Other crime,Further investigation is not in the public interest,
,2025-02,South Yorkshire Police,South Yorkshire Police,-1.127854,53.516263,On or near Cunningham Road,E01034239,Doncaster 022H,Anti-social behaviour,,
d9f38e24fdb52f3a090a20a9d9a85ac8725e2575e9bb0e9b20d8ba732197c95e,2025-02,South Yorkshire Police,South Yorkshire Police,-1.131471,53.518591,On or near College Road,E01034239,Doncaster 022H,Criminal damage and arson,Investigation complete; no suspect identified,
6f5fdf612f3d24c89fc3bbff85762d210dd4a7e5a7c4457293724d2b44a4cbd4,2025-02,South Yorkshire Police,South Yorkshire Police,-1.129175,53.516579,On or near Jarratt Street,E01034239,Doncaster 022H,Criminal damage and arson,Awaiting court outcome,
2e84807e98348587f9004e770dea501342f42bbe150fdd08ca9f5aa6fa3d4912,2025-02,South Yorkshire Police,South Yorkshire Police,-1.129660,53.516438,On or near Gill Street,E01034239,Doncaster 022H,Drugs,Awaiting court outcome,
580e8f9f2e3af788e3f1245110c5390d057eaca30b01ef35256130f8187aad90,2025-02,South Yorkshire Police,South Yorkshire Police,-1.129660,53.516438,On or near Gill Street,E01034239,Doncaster 022H,Drugs,Awaiting court outcome,
7deb26596cbd46bd32806592a608e29afb65240626baefa18e955198f9575312,2025-02,South Yorkshire Police,South Yorkshire Police,-1.127387,53.518444,On or near Apley Road,E01034239,Doncaster 022H,Drugs,Awaiting court outcome,
2d652fdb9d251633039d8403898e24db5b98382ecd26d66fc501b67905a9f4a5,2025-02,South Yorkshire Police,South Yorkshire Police,-1.131471,53.518591,On or near College Road,E01034239,Doncaster 022H,Possession of weapons,Investigation complete; no suspect identified,
1fd95f0f6e2d4e43b3b74ca50c55685ef7e913d8bba17e4b34ba4cbd1b065efc,2025-02,South Yorkshire Police,South Yorkshire Police,-1.128119,53.518764,On or near Beechfield Road,E01034239,Doncaster 022H,Public order,Unable to prosecute suspect,
86a4f9eebd0a5866aad67a23ff084eae25f9df7868fa0c3c575bb9f391c66f73,2025-02,South Yorkshire Police,South Yorkshire Police,-1.127387,53.518444,On or near Apley Road,E01034239,Doncaster 022H,Public order,Investigation complete; no suspect identified,
6c25145bced76e5bf0ce9cf11794021abe34fb1ddb973073ddfb5b9573db6231,2025-02,South Yorkshire Police,South Yorkshire Police,-1.129175,53.516579,On or near Jarratt Street,E01034239,Doncaster 022H,Robbery,Unable to prosecute suspect,
8095bc40adfaa32fd699821772d3eac531ba9f2fa8a8b73fe976e7519624ca47,2025-02,South Yorkshire Police,South Yorkshire Police,-1.127854,53.516263,On or near Cunningham Road,E01034239,Doncaster 022H,Shoplifting,Investigation complete; no suspect identified,
16e2737e69bcc8d70280b12bb11b79352bb264886432ee8c180c5a6ed25aa93c,2025-02,South Yorkshire Police,South Yorkshire Police,-1.127854,53.516263,On or near Cunningham Road,E01034239,Doncaster 022H,Shoplifting,Investigation complete; no suspect identified,
cc11ee901d46f11a11087ff8f785e40d7dc9591f4a41d8a8b406a1d15fb98553,2025-02,South Yorkshire Police,South Yorkshire Police,-1.127854,53.516263,On or near Cunningham Road,E01034239,Doncaster 022H,Shoplifting,Investigation complete; no suspect identified,
e11dbafdb0859a3036e4faf83ea5c9a8b87b89adbbc766d70cfb4972f603ef69,2025-02,South Yorkshire Police,South Yorkshire Police,-1.127854,53.516263,On or near Cunningham Road,E01034239,Doncaster 022H,Shoplifting,Investigation complete; no suspect identified,
c9f0dd94ee5e4c91c69265cc70463ff29bc5048d2e3f6567eeee51b637d5d50d,2025-02,South Yorkshire Police,South Yorkshire Police,-1.127313,53.516889,On or near Somerset Road,E01034239,Doncaster 022H,Vehicle crime,Investigation complete; no suspect identified,
e18b143a68a6b705bf3a21c807f02ab789ed3d99c99bc819c464e214166b0620,2025-02,South Yorkshire Police,South Yorkshire Police,-1.127387,53.518444,On or near Apley Road,E01034239,Doncaster 022H,Vehicle crime,Investigation complete; no suspect identified,
8a6fb5d210e4efcbf1fee579054518b14cf0e996fa66f43947f3756a892fb710,2025-02,South Yorkshire Police,South Yorkshire Police,-1.126742,53.517514,On or near Elmfield Road,E01034239,Doncaster 022H,Violence and sexual offences,Unable to prosecute suspect,
301c7de1fb0985c18d338250355498eed5df17cdc20c716bcafd0c9f4ad14ece,2025-02,South Yorkshire Police,South Yorkshire Police,-1.127854,53.516263,On or near Cunningham Road,E01034239,Doncaster 022H,Violence and sexual offences,Investigation complete; no suspect identified,
2f97c78cb4d69784d44829a02ca7a7e625b902abfe41c5cae7d8cb80bbf10458,2025-02,South Yorkshire Police,South Yorkshire Police,-1.126168,53.518309,On or near Ravensworth Road,E01034239,Doncaster 022H,Violence and sexual offences,Status update unavailable,
f3ceb8565d2608979c66e23d84657914ab1819be1bfce2e281ca5291e40cfa5a,2025-02,South Yorkshire Police,South Yorkshire Police,-1.131471,53.518591,On or near College Road,E01034239,Doncaster 022H,Violence and sexual offences,Unable to prosecute suspect,
160b6cb829b254d7fc05fc684060b78a79b45547b1c4182bc8f697d3331d63fa,2025-02,South Yorkshire Police,South Yorkshire Police,-1.131471,53.518591,On or near College Road,E01034239,Doncaster 022H,Violence and sexual offences,Local resolution,
e2592dfe857875701ed67612221bb87d1227fe4f5cedfe17a0eadb2d295eabf6,2025-02,South Yorkshire Police,South Yorkshire Police,-1.131471,53.518591,On or near College Road,E01034239,Doncaster 022H,Violence and sexual offences,Investigation complete; no suspect identified,
96b22f1e37c90529ceb9a7ba395eb40ba2cfe550da51c207b4f813f7bc793a79,2025-02,South Yorkshire Police,South Yorkshire Police,-1.131471,53.518591,On or near College Road,E01034239,Doncaster 022H,Violence and sexual offences,Unable to prosecute suspect,
19a2a652f19a35a93f9448b445598a985c2862e9fc53d7c60fc750c85ef84b5f,2025-02,South Yorkshire Police,South Yorkshire Police,-1.131471,53.518591,On or near College Road,E01034239,Doncaster 022H,Violence and sexual offences,Unable to prosecute suspect,
,2025-02,South Yorkshire Police,South Yorkshire Police,-1.154753,53.509014,On or near Grange View,E01007494,Doncaster 023A,Anti-social behaviour,,
,2025-02,South Yorkshire Police,South Yorkshire Police,-1.154753,53.509014,On or near Grange View,E01007494,Doncaster 023A,Anti-social behaviour,,
c21eec4d182873965c3c4e578ca828ea22148c58c757ea58bd16ba4eccc7ccfc,2025-02,South Yorkshire Police,South Yorkshire Police,-1.153937,53.506833,On or near Furnival Road,E01007494,Doncaster 023A,Burglary,Investigation complete; no suspect identified,
ace8310de1919fa84e67c8a4fe027fd73d4752b1eb468a50faab21ce194bd7ac,2025-02,South Yorkshire Police,South Yorkshire Police,-1.149230,53.506934,On or near Melville Avenue,E01007494,Doncaster 023A,Burglary,Unable to prosecute suspect,
d33d861c05caef4be26ec290606f3e6999b60b2e69d7d0a83d37c0beb1cf777f,2025-02,South Yorkshire Police,South Yorkshire Police,-1.152580,53.506041,On or near High Road,E01007494,Doncaster 023A,Criminal damage and arson,Investigation complete; no suspect identified,
a9b67d492740247d206fd69f8cb9fc946eece9fe284623e73d2c6caa9bf2ee55,2025-02,South Yorkshire Police,South Yorkshire Police,-1.149230,53.506934,On or near Melville Avenue,E01007494,Doncaster 023A,Criminal damage and arson,Investigation complete; no suspect identified,
b41b6a9c879e8d7c53796513c8d120752a4e0b26db1f9f7f845247510e8f6909,2025-02,South Yorkshire Police,South Yorkshire Police,-1.152588,53.506410,On or near Mount Pleasant,E01007494,Doncaster 023A,Drugs,Investigation complete; no suspect identified,
6f92fb04e237cd0a13f1e4368aef6b94acc10b15e2c7ae67775dcf8517491dd0,2025-02,South Yorkshire Police,South Yorkshire Police,-1.149230,53.506934,On or near Melville Avenue,E01007494,Doncaster 023A,Drugs,Unable to prosecute suspect,
4899965e258baad6caa9f14ab7d45921b4cd6bd57de188c40b2f6443b6320167,2025-02,South Yorkshire Police,South Yorkshire Police,-1.149586,53.506478,On or near Grange Avenue,E01007494,Doncaster 023A,Other theft,Investigation complete; no suspect identified,
9411aecefd5eea74b7afad298b4153e1ceba33af122789c92f1177217deb8c09,2025-02,South Yorkshire Police,South Yorkshire Police,-1.156113,53.504286,On or near Laurel Terrace,E01007494,Doncaster 023A,Other theft,Unable to prosecute suspect,
37088c6d957614343df698eec3a1dbd653e7fa8b4be22c506a0e6c540cb571d4,2025-02,South Yorkshire Police,South Yorkshire Police,-1.149230,53.506934,On or near Melville Avenue,E01007494,Doncaster 023A,Other theft,Unable to prosecute suspect,
80f31e4465e39bbde8e70ace3438ea17194841a0af3513a7445a63812def1dd4,2025-02,South Yorkshire Police,South Yorkshire Police,-1.149230,53.506934,On or near Melville Avenue,E01007494,Doncaster 023A,Other theft,Local resolution,
d8a89a747d5776a038f097b133388b0f89fcf88e4a148262b7432035236b06f0,2025-02,South Yorkshire Police,South Yorkshire Police,-1.149230,53.506934,On or near Melville Avenue,E01007494,Doncaster 023A,Other theft,Investigation complete; no suspect identified,
35ab609a8af43c51f28c1c389e1f6d95d9c2a0897226ee065c876b211affb2ae,2025-02,South Yorkshire Police,South Yorkshire Police,-1.149230,53.506934,On or near Melville Avenue,E01007494,Doncaster 023A,Possession of weapons,Status update unavailable,
83efe323c182aca95d1e8395073f8d8bd2aa6d45799d006e1f1a8453a376052c,2025-02,South Yorkshire Police,South Yorkshire Police,-1.149230,53.506934,On or near Melville Avenue,E01007494,Doncaster 023A,Possession of weapons,Unable to prosecute suspect,
513958358329997ab5d6e836022934435ae2871be5d4edb003e4d6f51e607e38,2025-02,South Yorkshire Police,South Yorkshire Police,-1.149230,53.506934,On or near Melville Avenue,E01007494,Doncaster 023A,Public order,Unable to prosecute suspect,
7f79e683c62420ce723b6b999b87056e877f126fe7dcf27b7a344578424917ae,2025-02,South Yorkshire Police,South Yorkshire Police,-1.149230,53.506934,On or near Melville Avenue,E01007494,Doncaster 023A,Public order,Unable to prosecute suspect,
55e2ab993563968378dad2680c57928db2607d5777bc0dd31928acf246b48877,2025-02,South Yorkshire Police,South Yorkshire Police,-1.149230,53.506934,On or near Melville Avenue,E01007494,Doncaster 023A,Public order,Unable to prosecute suspect,
4d3a77494bd235b6490e8f2abdec85263cd3ae96330315d600ef1512eaa3aaba,2025-02,South Yorkshire Police,South Yorkshire Police,-1.154705,53.506847,On or near West Avenue,E01007494,Doncaster 023A,Robbery,Investigation complete; no suspect identified,
6aed3c8d62c177bb98048a0467ec02f824c1a96d70284668bb174e7ae508d8c1,2025-02,South Yorkshire Police,South Yorkshire Police,-1.155487,53.506961,On or near Ronald Road,E01007494,Doncaster 023A,Robbery,Status update unavailable,
5065f1d29388d4df5b63056cfe30bc7b6d64a07af8095aedc1312c59a676e2d7,2025-02,South Yorkshire Police,South Yorkshire Police,-1.154120,53.505944,On or near Marshall Avenue,E01007494,Doncaster 023A,Vehicle crime,Investigation complete; no suspect identified,
989943aae7d70a0cacccf6cf2a455326b808fcf84d0b5bd8e3d66a2ae224a5f8,2025-02,South Yorkshire Police,South Yorkshire Police,-1.156902,53.506341,On or near Peakstone Close,E01007494,Doncaster 023A,Violence and sexual offences,Awaiting court outcome,
3ff6a7e916266fbd36b2a417d72ef2ece4139865298a991b14441d1eebb65a96,2025-02,South Yorkshire Police,South Yorkshire Police,-1.154753,53.509014,On or near Grange View,E01007494,Doncaster 023A,Violence and sexual offences,Investigation complete; no suspect identified,
768face0a0a5756c2737d46fa03f086e6c4d8f7329699b5be7dccbbb1aa63f81,2025-02,South Yorkshire Police,South Yorkshire Police,-1.157374,53.509113,On or near Harvest Close,E01007494,Doncaster 023A,Violence and sexual offences,Unable to prosecute suspect,
6f41baef452506b646d5b19a159e5a6917234bfe68e360c824c34369da5d2dc7,2025-02,South Yorkshire Police,South Yorkshire Police,-1.157374,53.509113,On or near Harvest Close,E01007494,Doncaster 023A,Violence and sexual offences,Unable to prosecute suspect,
1a44857ba498ceb06d43910773a0a6e1645bd1033f0bc33c89e3c8ffcd5f903e,2025-02,South Yorkshire Police,South Yorkshire Police,-1.152588,53.506410,On or near Mount Pleasant,E01007494,Doncaster 023A,Violence and sexual offences,Unable to prosecute suspect,
dd00eb2d8dc747521f34a8680d240153f7ab99e4143099e364e8b873e67c682f,2025-02,South Yorkshire Police,South Yorkshire Police,-1.156113,53.504286,On or near Laurel Terrace,E01007494,Doncaster 023A,Violence and sexual offences,Unable to prosecute suspect,
c21b95900858f74e99726420f84b4d47e25225858599d8e018d6b1dd3ea8ce39,2025-02,South Yorkshire Police,South Yorkshire Police,-1.149586,53.506478,On or near Grange Avenue,E01007494,Doncaster 023A,Violence and sexual offences,Unable to prosecute suspect,
54a9b884e00165237df86eb897aa1bb5b9fe50cca2a35f3b5b1700bec046d14a,2025-02,South Yorkshire Police,South Yorkshire Police,-1.156113,53.504286,On or near Laurel Terrace,E01007494,Doncaster 023A,Violence and sexual offences,Unable to prosecute suspect,
ae74f642ea9755cf6950210b00aeccb3ae16ab8b101f71ccf3e406026de26464,2025-02,South Yorkshire Police,South Yorkshire Police,-1.149230,53.506934,On or near Melville Avenue,E01007494,Doncaster 023A,Violence and sexual offences,Investigation complete; no suspect identified,
8ca0256d21150170ef449fa91d7a0e65fd17da030d7fb51f6f64ca555d2d161e,2025-02,South Yorkshire Police,South Yorkshire Police,-1.154120,53.505944,On or near Marshall Avenue,E01007494,Doncaster 023A,Violence and sexual offences,Unable to prosecute suspect,
f7c481834bce7e7f066b3e1cf89471c592695134ac741f6947ce569512cf0d89,2025-02,South Yorkshire Police,South Yorkshire Police,-1.153937,53.506833,On or near Furnival Road,E01007494,Doncaster 023A,Violence and sexual offences,Unable to prosecute suspect,
a3118537c45a5dadab6f5b92f6aa97e70d874dd9a755e0ba75c74d0ece6d890e,2025-02,South Yorkshire Police,South Yorkshire Police,-1.156113,53.504286,On or near Laurel Terrace,E01007494,Doncaster 023A,Violence and sexual offences,Unable to prosecute suspect,
,2025-02,South Yorkshire Police,South Yorkshire Police,-1.138112,53.519097,On or near St Sepulchre Gate West,E01007532,Doncaster 023B,Anti-social behaviour,,
,2025-02,South Yorkshire Police,South Yorkshire Police,-1.137720,53.517611,On or near Camden Place,E01007532,Doncaster 023B,Anti-social behaviour,,
e444b214e642038dabf241803f3e41a8e1a7b80b46d6082e766f902da97e5a73,2025-02,South Yorkshire Police,South Yorkshire Police,-1.144219,53.518413,On or near Spansyke Street,E01007532,Doncaster 023B,Criminal damage and arson,Investigation complete; no suspect identified,
e4908f8dfc464b8091589a838795a2d32c8a6b4c0b296e27cd42d4c3e8f065ff,2025-02,South Yorkshire Police,South Yorkshire Police,-1.142866,53.518188,On or near Abbott Street,E01007532,Doncaster 023B,Drugs,Awaiting court outcome,
7f49b3d6a6c6ee811002684b77aa572a93235d3f274cf3ad69b75b092b211516,2025-02,South Yorkshire Police,South Yorkshire Police,-1.135203,53.518249,On or near Milton Walk,E01007532,Doncaster 023B,Other theft,Investigation complete; no suspect identified,
a5f1c53689add304c76ceb31265f7e94448234a328c34e2249b91041de6c1db0,2025-02,South Yorkshire Police,South Yorkshire Police,-1.138112,53.519097,On or near St Sepulchre Gate West,E01007532,Doncaster 023B,Other theft,Unable to prosecute suspect,
a3f2f536660540ef4c395616ffcb78339fd5c592c6a62171ee5faae821d96109,2025-02,South Yorkshire Police,South Yorkshire Police,-1.136109,53.518948,On or near Grove Place,E01007532,Doncaster 023B,Vehicle crime,Investigation complete; no suspect identified,
5b5b036a0c6d61767f8639ce4d1cbd4d3e20f72d898a8387c63cd8a5be18eac0,2025-02,South Yorkshire Police,South Yorkshire Police,-1.138112,53.519097,On or near St Sepulchre Gate West,E01007532,Doncaster 023B,Violence and sexual offences,Unable to prosecute suspect,
502fb58bc7d0c8c40b31d86c124336adb21671b1b04bdb5bc838114096905d32,2025-02,South Yorkshire Police,South Yorkshire Police,-1.138371,53.516762,On or near Bond Close,E01007532,Doncaster 023B,Violence and sexual offences,Unable to prosecute suspect,
bb9c35e3a003f7cf6532c2a8ddf1ee02b7cddd68ab892041bfadd315b554fa71,2025-02,South Yorkshire Police,South Yorkshire Police,-1.137808,53.515491,On or near Elsworth Close,E01007532,Doncaster 023B,Violence and sexual offences,Awaiting court outcome,
0c3bbbcf022c0d64fa9866f3726c41a110603552f4f0326f89d2e3b8cc0ce156,2025-02,South Yorkshire Police,South Yorkshire Police,-1.138128,53.516068,On or near Burden Close,E01007532,Doncaster 023B,Violence and sexual offences,Investigation complete; no suspect identified,
ffccc67a6680c073e2ed7606cd48b01d6db216a2a645035f3404e5e6bae5ce72,2025-02,South Yorkshire Police,South Yorkshire Police,-1.138409,53.517859,On or near Cleveland Street,E01007532,Doncaster 023B,Violence and sexual offences,Status update unavailable,
901d1a5e1e3f2669367bfe2884f96124de0ad84475772c437dfde17c54502466,2025-02,South Yorkshire Police,South Yorkshire Police,-1.138112,53.519097,On or near St Sepulchre Gate West,E01007532,Doncaster 023B,Violence and sexual offences,Unable to prosecute suspect,
7f0fe05c4fb5930f560b4e557c16ebc1dc08e6855f5a36c4e9a9d44eb8d0a95d,2025-02,South Yorkshire Police,South Yorkshire Police,-1.137808,53.515491,On or near Elsworth Close,E01007532,Doncaster 023B,Violence and sexual offences,Unable to prosecute suspect,
4100a5f4f402fb2045ff8101b381a2173c87f3baf1feaae93d0e935d66384dbc,2025-02,South Yorkshire Police,South Yorkshire Police,-1.138128,53.516068,On or near Burden Close,E01007532,Doncaster 023B,Violence and sexual offences,Investigation complete; no suspect identified,
3eb6bed8d7bb9e7d0daaebf490bff9e8edd4ae80ecfcef334747e3edd83526ed,2025-02,South Yorkshire Police,South Yorkshire Police,-1.138409,53.517859,On or near Cleveland Street,E01007532,Doncaster 023B,Violence and sexual offences,Unable to prosecute suspect,
7db51a7befb7a1b0292cf15644c9a23a59d43c4425a510bf2ce6370c8ab7fa4c,2025-02,South Yorkshire Police,South Yorkshire Police,-1.138112,53.519097,On or near St Sepulchre Gate West,E01007532,Doncaster 023B,Other crime,Unable to prosecute suspect,
,2025-02,South Yorkshire Police,South Yorkshire Police,-1.146706,53.511006,On or near Westfield Road,E01007533,Doncaster 023C,Anti-social behaviour,,
,2025-02,South Yorkshire Police,South Yorkshire Police,-1.148812,53.511983,On or near Stevens Road,E01007533,Doncaster 023C,Anti-social behaviour,,
,2025-02,South Yorkshire Police,South Yorkshire Police,-1.148812,53.511983,On or near Stevens Road,E01007533,Doncaster 023C,Anti-social behaviour,,
10225670782e94ae92aed111d0c06b0fdd4d54e5c58624af754aa3e4d31be4ac,2025-02,South Yorkshire Police,South Yorkshire Police,-1.152681,53.510815,On or near Ivor Grove,E01007533,Doncaster 023C,Burglary,Investigation complete; no suspect identified,
0c087d293f4426a584de087e7a96d35ab529f843cf23ad9fdb139d4ae2a8270b,2025-02,South Yorkshire Police,South Yorkshire Police,-1.151175,53.514508,On or near Barnstone Street,E01007533,Doncaster 023C,Burglary,Investigation complete; no suspect identified,
6fc1ebce58770738f63dc8a7d772d4f5cc885030e554c6a0dc23a3f8ce85a79d,2025-02,South Yorkshire Police,South Yorkshire Police,-1.153677,53.513060,On or near Glen Field Avenue,E01007533,Doncaster 023C,Burglary,Investigation complete; no suspect identified,
5f190b969c78ea52523923f975bce2cd1e6a15f0c115cf5620a600ef3f461000,2025-02,South Yorkshire Police,South Yorkshire Police,-1.148812,53.511983,On or near Stevens Road,E01007533,Doncaster 023C,Criminal damage and arson,Unable to prosecute suspect,
ca1547a19fcbbc178829798eb6c8533b31aaffeef74a46572a87c6f92e07cad5,2025-02,South Yorkshire Police,South Yorkshire Police,-1.148812,53.511983,On or near Stevens Road,E01007533,Doncaster 023C,Possession of weapons,Awaiting court outcome,
9e2413e6cf4855353739494fe66759deecfa139ecd793643f51fb229b3f40dc8,2025-02,South Yorkshire Police,South Yorkshire Police,-1.142960,53.513568,On or near Mansfield Road,E01007533,Doncaster 023C,Public order,Investigation complete; no suspect identified,
b49183b0a4d0ce1d8ab0a17394dfe1f2ea97569c95480ff513bc44165fc3ce89,2025-02,South Yorkshire Police,South Yorkshire Police,-1.149491,53.511242,On or near Bellis Avenue,E01007533,Doncaster 023C,Public order,Unable to prosecute suspect,
53b9b1e97ac1d3546cb46a01f66098521111873412daec6b5c86046b4fd8be10,2025-02,South Yorkshire Police,South Yorkshire Police,-1.142008,53.515116,On or near Roberts Road,E01007533,Doncaster 023C,Public order,Unable to prosecute suspect,
baae933570d53303f7fc9ec049cc7ff3ef52ce018f1fbdaf79681936ea33df71,2025-02,South Yorkshire Police,South Yorkshire Police,-1.149491,53.511242,On or near Bellis Avenue,E01007533,Doncaster 023C,Robbery,Unable to prosecute suspect,
7dfe28b1765b281967e5645f445e42ce88f518f8c5b8a64bab7d303d46cad401,2025-02,South Yorkshire Police,South Yorkshire Police,-1.146706,53.511006,On or near Westfield Road,E01007533,Doncaster 023C,Violence and sexual offences,Investigation complete; no suspect identified,
c039258fc02848157c60070612a1e596fc94a43c32c7f161e98c942af6d9d9a3,2025-02,South Yorkshire Police,South Yorkshire Police,-1.148812,53.511983,On or near Stevens Road,E01007533,Doncaster 023C,Violence and sexual offences,Unable to prosecute suspect,
bd54a0823b0eac39457ddf926549111892b3580ea46c8fe5d29136bd27f108c8,2025-02,South Yorkshire Police,South Yorkshire Police,-1.148812,53.511983,On or near Stevens Road,E01007533,Doncaster 023C,Violence and sexual offences,Awaiting court outcome,
846ab3d4d68caf42cca7e2861bf74a62ed495213841ff7958432974ef3b15939,2025-02,South Yorkshire Police,South Yorkshire Police,-1.148812,53.511983,On or near Stevens Road,E01007533,Doncaster 023C,Violence and sexual offences,Unable to prosecute suspect,
2622e46e21595b3280d048712ed7e7e8f983dedfe17e1b4638fe2ba53fae4837,2025-02,South Yorkshire Police,South Yorkshire Police,-1.148812,53.511983,On or near Stevens Road,E01007533,Doncaster 023C,Violence and sexual offences,Unable to prosecute suspect,
d2f9cce5b7b8be735566d1c0f5c63b41f09d5bce2901b16a29bb3c18bd676898,2025-02,South Yorkshire Police,South Yorkshire Police,-1.148812,53.511983,On or near Stevens Road,E01007533,Doncaster 023C,Violence and sexual offences,Unable to prosecute suspect,
1fb9bba03303d461f4bf2d336a50a6e72c5a3ee25363514cfae129abb7bdba17,2025-02,South Yorkshire Police,South Yorkshire Police,-1.142008,53.515116,On or near Roberts Road,E01007533,Doncaster 023C,Violence and sexual offences,Unable to prosecute suspect,
99f609723d08aee88f4a03111a5470b95f3c975090dfbe30bae7eab25c8e2046,2025-02,South Yorkshire Police,South Yorkshire Police,-1.152129,53.514290,On or near Langer Street,E01007533,Doncaster 023C,Violence and sexual offences,Unable to prosecute suspect,
aad5a604732df6bc39409c797da03523192249d9ab695fc3c6c5c682e158b3de,2025-02,South Yorkshire Police,South Yorkshire Police,-1.150112,53.508837,On or near St John'S Road,E01007535,Doncaster 023D,Bicycle theft,Investigation complete; no suspect identified,
a3cc054b62ac1f0342e1ee8ee69638755cbd669ffbe428c49fec4a70a677cd73,2025-02,South Yorkshire Police,South Yorkshire Police,-1.152919,53.510214,On or near Evanston Gardens,E01007535,Doncaster 023D,Criminal damage and arson,Investigation complete; no suspect identified,
5a4c803a4ba37bfb0858bb0f5f480fadc3679e830c9c118d689bcd2cb6d32c52,2025-02,South Yorkshire Police,South Yorkshire Police,-1.150948,53.508502,On or near Earlesmere Avenue,E01007535,Doncaster 023D,Other theft,Unable to prosecute suspect,
f741dcd8535da773306b3bd1f06033e3295bdf311ea35d157541737e7bc330a7,2025-02,South Yorkshire Police,South Yorkshire Police,-1.150112,53.508837,On or near St John'S Road,E01007535,Doncaster 023D,Public order,Further investigation is not in the public interest,
e276eeec15e5393a74259e097bd240922dedfccb1b9fec08888ddb31c670e044,2025-02,South Yorkshire Police,South Yorkshire Police,-1.148138,53.510288,On or near King Edward Road,E01007535,Doncaster 023D,Vehicle crime,Investigation complete; no suspect identified,
5d8c241026a2688fa9ec7e9668e47c7080f22ab9c5ea608c8747676a6b3f905f,2025-02,South Yorkshire Police,South Yorkshire Police,-1.150948,53.508502,On or near Earlesmere Avenue,E01007535,Doncaster 023D,Vehicle crime,Investigation complete; no suspect identified,
3e5251de223105de177b3aa53b09c938df61c1870a7f0405590df059483d01d2,2025-02,South Yorkshire Police,South Yorkshire Police,-1.147376,53.510669,On or near Victoria Road,E01007535,Doncaster 023D,Violence and sexual offences,Unable to prosecute suspect,
b663c8c7ad375932202bfd99eb3f7ef55c69b6548417f1098582a59986378cc6,2025-02,South Yorkshire Police,South Yorkshire Police,-1.147376,53.510669,On or near Victoria Road,E01007535,Doncaster 023D,Violence and sexual offences,Unable to prosecute suspect,
bd8e661fa6b9e1c92d1b29e561a122ee18dd39ce06f9f9456a2a8326e796eb09,2025-02,South Yorkshire Police,South Yorkshire Police,-1.150898,53.510254,On or near Florence Avenue,E01007535,Doncaster 023D,Violence and sexual offences,Investigation complete; no suspect identified,
42bff897fbbe26ecfa60887ffd1696f751abbda0d3d6055edd5b25b84834369c,2025-02,South Yorkshire Police,South Yorkshire Police,-1.150948,53.508502,On or near Earlesmere Avenue,E01007535,Doncaster 023D,Violence and sexual offences,Unable to prosecute suspect,
6b4dd3d8b430c8c0a9e477d59a1ce869834c1d5b45e5915b41e87a842a6cb659,2025-02,South Yorkshire Police,South Yorkshire Police,-1.148855,53.509844,On or near Alexandra Road,E01007535,Doncaster 023D,Violence and sexual offences,Unable to prosecute suspect,
085d57640592c999ef945a384f76917a040cd0c53c71580fc55ac2c2a3ebc0fb,2025-02,South Yorkshire Police,South Yorkshire Police,-1.150112,53.508837,On or near St John'S Road,E01007535,Doncaster 023D,Violence and sexual offences,Status update unavailable,
880966c47aa18cc14892bba0570233d9e10e6898f2296dae27a1d07a7ae908e9,2025-02,South Yorkshire Police,South Yorkshire Police,-1.148855,53.509844,On or near Alexandra Road,E01007535,Doncaster 023D,Violence and sexual offences,Unable to prosecute suspect,
68a927b30cefa378bd422ea691e0c951e67a92863c19a7b58fdafa5d352fadda,2025-02,South Yorkshire Police,South Yorkshire Police,-1.150948,53.508502,On or near Earlesmere Avenue,E01007535,Doncaster 023D,Violence and sexual offences,Unable to prosecute suspect,
eeec92a8139301e205091c33c0409790c6aee925692c0b71ad83bfb9cec9b352,2025-02,South Yorkshire Police,South Yorkshire Police,-1.150948,53.508502,On or near Earlesmere Avenue,E01007535,Doncaster 023D,Violence and sexual offences,Investigation complete; no suspect identified,
26de9e7acf4edebc08759eb9b13ae13f800994e1792cb43d380b9a5e863d577a,2025-02,South Yorkshire Police,South Yorkshire Police,-1.150948,53.508502,On or near Earlesmere Avenue,E01007535,Doncaster 023D,Violence and sexual offences,Unable to prosecute suspect,
de44b3989b7dba86be2f02616f0eca2b2ffc6689647daf459d22a491c2cfc3ac,2025-02,South Yorkshire Police,South Yorkshire Police,-1.150948,53.508502,On or near Earlesmere Avenue,E01007535,Doncaster 023D,Violence and sexual offences,Unable to prosecute suspect,
,2025-02,South Yorkshire Police,South Yorkshire Police,-1.074210,53.505874,On or near Middleham Road,E01007522,Doncaster 024A,Anti-social behaviour,,
ae7cbcdcb5712d4ddec09af16d042ad33dda5e533a555b0e4f73a62b394c56da,2025-02,South Yorkshire Police,South Yorkshire Police,-1.074210,53.505874,On or near Middleham Road,E01007522,Doncaster 024A,Burglary,Awaiting court outcome,
aa16044e3380d52b3bdea6d3ca90b79bad5088014c1453c5d7181d5b7380ed73,2025-02,South Yorkshire Police,South Yorkshire Police,-1.071881,53.504103,On or near Askrigg Close,E01007522,Doncaster 024A,Drugs,Status update unavailable,
6ba8064a7ca8e96f7450b8144faf18c83fb6fd3140ca0d8309e7046118fc8bab,2025-02,South Yorkshire Police,South Yorkshire Police,-1.072621,53.509583,On or near Pine Road,E01007522,Doncaster 024A,Drugs,Status update unavailable,
241fda75e9d31256a8a65d4608dc0c1f5769f94e22228089428843fcd42fffc6,2025-02,South Yorkshire Police,South Yorkshire Police,-1.071881,53.504103,On or near Askrigg Close,E01007522,Doncaster 024A,Drugs,Investigation complete; no suspect identified,
65554f1abc7011036b403f916d5c93f0dc0c4ca4e645ea54592f9101d9bc0b8f,2025-02,South Yorkshire Police,South Yorkshire Police,-1.068084,53.508801,On or near Sycamore Grove,E01007522,Doncaster 024A,Drugs,Awaiting court outcome,
d73ee86f652133d67bfc02048ac7952bf2137a88b88e02c52d297e88bad80e0b,2025-02,South Yorkshire Police,South Yorkshire Police,-1.074210,53.505874,On or near Middleham Road,E01007522,Doncaster 024A,Other theft,Investigation complete; no suspect identified,
ebbb8c5a17ef3f8ba05b5f9d10a8ff7ff5aefaa695386e4fde99b89c18a09ea6,2025-02,South Yorkshire Police,South Yorkshire Police,-1.075245,53.508875,On or near Cantley Lane,E01007522,Doncaster 024A,Other theft,Investigation complete; no suspect identified,
2db1c7e6d64c43bead894d2078ff1853e425614cadee7044753089e396dc60c7,2025-02,South Yorkshire Police,South Yorkshire Police,-1.074636,53.508030,On or near Petrol Station,E01007522,Doncaster 024A,Public order,Unable to prosecute suspect,
c66c138643ccd450683833be168984682fb03c4ce3f17366c13a43c48c27ae07,2025-02,South Yorkshire Police,South Yorkshire Police,-1.074210,53.505874,On or near Middleham Road,E01007522,Doncaster 024A,Public order,Investigation complete; no suspect identified,
db7bc246c03f094ba5035bbd73cec39c2185b1de22153fd85fd8a46ea6ef68fc,2025-02,South Yorkshire Police,South Yorkshire Police,-1.074210,53.505874,On or near Middleham Road,E01007522,Doncaster 024A,Public order,Unable to prosecute suspect,
5b48ffef4ebbe7fc3f8c3593c0e8bbcfae909de7de2fc70a00e3ff3a31f96f87,2025-02,South Yorkshire Police,South Yorkshire Police,-1.074210,53.505874,On or near Middleham Road,E01007522,Doncaster 024A,Public order,Investigation complete; no suspect identified,
eb6bb1fd0d601d34575d9776131ee62082fda18d6728214d3ee18c038f160e0b,2025-02,South Yorkshire Police,South Yorkshire Police,-1.075245,53.508875,On or near Cantley Lane,E01007522,Doncaster 024A,Vehicle crime,Investigation complete; no suspect identified,
a08106cea4edfb4fa604704c6a7c0485cf28cc51703bc7c549079199871885a8,2025-02,South Yorkshire Police,South Yorkshire Police,-1.069236,53.508532,On or near Birch Road,E01007522,Doncaster 024A,Violence and sexual offences,Unable to prosecute suspect,
c01f6113c970b04ed93e9e8c45b15507f20b0dca9551801888bef9500ba84c72,2025-02,South Yorkshire Police,South Yorkshire Police,-1.074210,53.505874,On or near Middleham Road,E01007522,Doncaster 024A,Violence and sexual offences,Unable to prosecute suspect,
da93b44811c3ee29c3b334f8559eeda1476757f5a61372230d4caa225be524fc,2025-02,South Yorkshire Police,South Yorkshire Police,-1.074210,53.505874,On or near Middleham Road,E01007522,Doncaster 024A,Violence and sexual offences,Unable to prosecute suspect,
3b443a516474bd7e429cea0c59ec63ec43a5972dcceada09ab9572c55bc73062,2025-02,South Yorkshire Police,South Yorkshire Police,-1.071881,53.504103,On or near Askrigg Close,E01007522,Doncaster 024A,Violence and sexual offences,Offender given a caution,
c917f80ec680b22b8ec0702d46f6d2cbf9026fb4fe7f53b04cf9faec0e539a95,2025-02,South Yorkshire Police,South Yorkshire Police,-1.074210,53.505874,On or near Middleham Road,E01007522,Doncaster 024A,Violence and sexual offences,Unable to prosecute suspect,
8a9bcf562e1db065eb357e7417f6d10b110349452c3a296688dfdd23cc18c0bb,2025-02,South Yorkshire Police,South Yorkshire Police,-1.076784,53.507431,On or near Ayrsome Walk,E01007522,Doncaster 024A,Violence and sexual offences,Unable to prosecute suspect,
7e5349e949d3db6a1ffe66c0eae98e0be35a06e6ae960d202aeb40c52d788bb8,2025-02,South Yorkshire Police,South Yorkshire Police,-1.071844,53.505100,On or near Wensley Crescent,E01007522,Doncaster 024A,Violence and sexual offences,Unable to prosecute suspect,
cf10f86f2c69752ed11565ac845611d450d608bbf286ba2be08d3f295701b8f4,2025-02,South Yorkshire Police,South Yorkshire Police,-1.071881,53.504103,On or near Askrigg Close,E01007522,Doncaster 024A,Violence and sexual offences,Unable to prosecute suspect,
7be0335ceb72cd36a26aede320304baa27dd1e7fa785b4622f504cd21cec0cd8,2025-02,South Yorkshire Police,South Yorkshire Police,-1.074636,53.508030,On or near Petrol Station,E01007522,Doncaster 024A,Violence and sexual offences,Unable to prosecute suspect,
3ebecef53840892e143b2eb470bb39bb37850efe832cc2d93d9984a2ed22d921,2025-02,South Yorkshire Police,South Yorkshire Police,-1.071881,53.504103,On or near Askrigg Close,E01007522,Doncaster 024A,Violence and sexual offences,Investigation complete; no suspect identified,
b133f452921083bdba226501c5eb8fe26912bb4d5a4f63fb6a48e5567a89937d,2025-02,South Yorkshire Police,South Yorkshire Police,-1.072621,53.509583,On or near Pine Road,E01007522,Doncaster 024A,Violence and sexual offences,Investigation complete; no suspect identified,
,2025-02,South Yorkshire Police,South Yorkshire Police,-1.082727,53.517112,On or near Sandown Gardens,E01007525,Doncaster 024B,Anti-social behaviour,,
1825304f3b8f509ac87bd1e56248df3e2384455770e6245fed0ebc905672a53a,2025-02,South Yorkshire Police,South Yorkshire Police,-1.086392,53.514291,On or near Parking Area,E01007525,Doncaster 024B,Burglary,Investigation complete; no suspect identified,
861208080f696809456580dc917fc9dfdeb5b1771bf539b6fb24102dcaacfce1,2025-02,South Yorkshire Police,South Yorkshire Police,-1.074021,53.514537,On or near Shirburn Gardens,E01007525,Doncaster 024B,Public order,Unable to prosecute suspect,
74b0f6718645904059d14093da82e03f58043465165397ecc689998fdb4c4ea0,2025-02,South Yorkshire Police,South Yorkshire Police,-1.082727,53.517112,On or near Sandown Gardens,E01007525,Doncaster 024B,Violence and sexual offences,Unable to prosecute suspect,
,2025-02,South Yorkshire Police,South Yorkshire Police,-1.075413,53.512256,On or near Palington Grove,E01007528,Doncaster 024C,Anti-social behaviour,,
,2025-02,South Yorkshire Police,South Yorkshire Police,-1.074126,53.509729,On or near Green Boulevarde,E01007528,Doncaster 024C,Anti-social behaviour,,
777b73d46fd2ab27af12051c40800b628e8db675de3b5420ccf6635c8b99ac7e,2025-02,South Yorkshire Police,South Yorkshire Police,-1.075413,53.512256,On or near Palington Grove,E01007528,Doncaster 024C,Criminal damage and arson,Investigation complete; no suspect identified,
426e3b532beb26e1a2b9c605cd2cd2a24d7e4686655a12c490268efccc9b06ab,2025-02,South Yorkshire Police,South Yorkshire Police,-1.077763,53.508876,On or near Craven Close,E01007528,Doncaster 024C,Public order,Unable to prosecute suspect,
2b0b3b38eb6b76915f93eb2410938ab2762680fc3fbe7984129388ace6e77535,2025-02,South Yorkshire Police,South Yorkshire Police,-1.072586,53.511182,On or near Scouting Way,E01007528,Doncaster 024C,Shoplifting,Awaiting court outcome,
2b848840774e5224f5f2e6da485ca9b47fa81640091b865e1e9c88b7e28c7d12,2025-02,South Yorkshire Police,South Yorkshire Police,-1.072586,53.511182,On or near Scouting Way,E01007528,Doncaster 024C,Shoplifting,Awaiting court outcome,
32fdbe06cce2a87652d70f0c51d36a3ead37e9dddcd23518345be6b4efde7e37,2025-02,South Yorkshire Police,South Yorkshire Police,-1.072586,53.511182,On or near Scouting Way,E01007528,Doncaster 024C,Shoplifting,Awaiting court outcome,
40a8fed9d9e3945901b817d325e13f5e20e75d1571b7f01a9a6ad0ffe4c8bdd0,2025-02,South Yorkshire Police,South Yorkshire Police,-1.072586,53.511182,On or near Scouting Way,E01007528,Doncaster 024C,Shoplifting,Investigation complete; no suspect identified,
a6c1aa018a004df8ad8b97ad11f9fe3a4d93b747c7a1fc9e6411f181b4b5c1ab,2025-02,South Yorkshire Police,South Yorkshire Police,-1.077396,53.512604,On or near Elmham Road,E01007528,Doncaster 024C,Violence and sexual offences,Unable to prosecute suspect,
bec18be74869188bff376616ec18bc01fab2a4ac23c183590a713590e8aea335,2025-02,South Yorkshire Police,South Yorkshire Police,-1.080921,53.512047,On or near Ellerton Gardens,E01007528,Doncaster 024C,Violence and sexual offences,Investigation complete; no suspect identified,
8af0addd9f224e6f093636df30aba672a6a5e0bc99d8f2fd480e07824d63cbdc,2025-02,South Yorkshire Police,South Yorkshire Police,-1.070698,53.509226,On or near Plane Close,E01007528,Doncaster 024C,Violence and sexual offences,Status update unavailable,
6b0bdcc71f0fa32a3e4e7ec5e93eb9fb87a712d1a0025bd3dc3c33a660b1c1bb,2025-02,South Yorkshire Police,South Yorkshire Police,-1.077763,53.508876,On or near Craven Close,E01007528,Doncaster 024C,Violence and sexual offences,Investigation complete; no suspect identified,
8b3dde241ed4e47f466282a952bafed7081a7725b5b7ff2c348305ba413f78d7,2025-02,South Yorkshire Police,South Yorkshire Police,-1.077396,53.512604,On or near Elmham Road,E01007528,Doncaster 024C,Violence and sexual offences,Unable to prosecute suspect,
,2025-02,South Yorkshire Police,South Yorkshire Police,-1.062570,53.503778,On or near Woodcross Avenue,E01007604,Doncaster 024D,Anti-social behaviour,,
81f60e5fd9362aa0f30abf81e1e098eb6f706dd37c4056231a562ae9b092ce78,2025-02,South Yorkshire Police,South Yorkshire Police,-1.061489,53.508390,On or near Handley Cross Mews,E01007604,Doncaster 024D,Drugs,Action to be taken by another organisation,
24b12cb03360b3b9de169ce7509e99b2d597f514668a657cb20a63708038ca46,2025-02,South Yorkshire Police,South Yorkshire Police,-1.062570,53.503778,On or near Woodcross Avenue,E01007604,Doncaster 024D,Vehicle crime,Unable to prosecute suspect,
1a9d9ded506fa39e10294c51ee4618835d4e172c606d9241a7533ee82a82cfcc,2025-02,South Yorkshire Police,South Yorkshire Police,-1.062570,53.503778,On or near Woodcross Avenue,E01007604,Doncaster 024D,Violence and sexual offences,Unable to prosecute suspect,
,2025-02,South Yorkshire Police,South Yorkshire Police,-1.088616,53.506227,On or near Ellers Avenue,E01007521,Doncaster 025A,Anti-social behaviour,,
d188c40f4a9cd7955af2073ba3c59739d9e86b36246a89f69d0bc0e189fb42aa,2025-02,South Yorkshire Police,South Yorkshire Police,-1.086896,53.501369,On or near Fore Hill Avenue,E01007521,Doncaster 025A,Burglary,Investigation complete; no suspect identified,
c793cad199a3188d734de7a9e9d62cf776e80a6fbface6347807356837c75e4b,2025-02,South Yorkshire Police,South Yorkshire Police,-1.088048,53.499878,On or near Supermarket,E01007523,Doncaster 025B,Other theft,Investigation complete; no suspect identified,
1b7eb47f754894b26ea732d66b597844af567a84b9795a0665c68a3c9843316e,2025-02,South Yorkshire Police,South Yorkshire Police,-1.086691,53.500388,On or near Parking Area,E01007523,Doncaster 025B,Public order,Unable to prosecute suspect,
4980f077a9b3d4836cebcc114208c470fcdd355d63e7177720fb1bcca5ff3991,2025-02,South Yorkshire Police,South Yorkshire Police,-1.088048,53.499878,On or near Supermarket,E01007523,Doncaster 025B,Shoplifting,Awaiting court outcome,
05282dea573f2f461e44aa01fe00154cb3fa9a10c8e03dca0a34dfa52be1df32,2025-02,South Yorkshire Police,South Yorkshire Police,-1.088048,53.499878,On or near Supermarket,E01007523,Doncaster 025B,Shoplifting,Awaiting court outcome,
ca49370f023ccfd647c6bd156bbef03e59493f6de58224ee9f5a14e2007fac24,2025-02,South Yorkshire Police,South Yorkshire Police,-1.080990,53.500506,On or near Broughton Road,E01007523,Doncaster 025B,Other crime,Unable to prosecute suspect,
63d950e0c0dadbce10cef6f0d275bd662aeae485045982a73455bcd6dd8370d1,2025-02,South Yorkshire Police,South Yorkshire Police,-1.080990,53.500506,On or near Broughton Road,E01007523,Doncaster 025B,Other crime,Unable to prosecute suspect,
cd729aaa502fffecfab1bcd715a82e8e8ea2c229c8890e623d8b00eb33887c78,2025-02,South Yorkshire Police,South Yorkshire Police,-1.080919,53.503112,On or near Bawtry Road,E01007524,Doncaster 025C,Criminal damage and arson,Investigation complete; no suspect identified,
36ef67437e65e98859adf614203b641ca65f6b635efae7fcf011cb3d30ca522e,2025-02,South Yorkshire Police,South Yorkshire Police,-1.082584,53.502783,On or near Alston Close,E01007524,Doncaster 025C,Violence and sexual offences,Unable to prosecute suspect,
26f12c7c5dbc1866051f3b8271b6cc2941c999eea78f8154bc20a1c2185ef01c,2025-02,South Yorkshire Police,South Yorkshire Police,-1.076144,53.503578,On or near Holme Wood Gardens,E01007524,Doncaster 025C,Violence and sexual offences,Investigation complete; no suspect identified,
,2025-02,South Yorkshire Police,South Yorkshire Police,-1.099406,53.515765,On or near Sports/Recreation Area,E01007526,Doncaster 025D,Anti-social behaviour,,
,2025-02,South Yorkshire Police,South Yorkshire Police,-1.102461,53.516306,On or near Supermarket,E01007526,Doncaster 025D,Anti-social behaviour,,
,2025-02,South Yorkshire Police,South Yorkshire Police,-1.099406,53.515765,On or near Sports/Recreation Area,E01007526,Doncaster 025D,Anti-social behaviour,,
,2025-02,South Yorkshire Police,South Yorkshire Police,-1.099406,53.515765,On or near Sports/Recreation Area,E01007526,Doncaster 025D,Anti-social behaviour,,
,2025-02,South Yorkshire Police,South Yorkshire Police,-1.101381,53.514351,On or near Gliwice Way,E01007526,Doncaster 025D,Anti-social behaviour,,
,2025-02,South Yorkshire Police,South Yorkshire Police,-1.101381,53.514351,On or near Gliwice Way,E01007526,Doncaster 025D,Anti-social behaviour,,
,2025-02,South Yorkshire Police,South Yorkshire Police,-1.102461,53.516306,On or near Supermarket,E01007526,Doncaster 025D,Anti-social behaviour,,
,2025-02,South Yorkshire Police,South Yorkshire Police,-1.099406,53.515765,On or near Sports/Recreation Area,E01007526,Doncaster 025D,Anti-social behaviour,,
,2025-02,South Yorkshire Police,South Yorkshire Police,-1.099406,53.515765,On or near Sports/Recreation Area,E01007526,Doncaster 025D,Anti-social behaviour,,
,2025-02,South Yorkshire Police,South Yorkshire Police,-1.101381,53.514351,On or near Gliwice Way,E01007526,Doncaster 025D,Anti-social behaviour,,
,2025-02,South Yorkshire Police,South Yorkshire Police,-1.102461,53.516306,On or near Supermarket,E01007526,Doncaster 025D,Anti-social behaviour,,
55598c1ed8955789e0fc108727432e2e9ef92ab3eb67dc342fb07afaa8e2d86a,2025-02,South Yorkshire Police,South Yorkshire Police,-1.094968,53.514554,On or near Lords Close,E01007526,Doncaster 025D,Bicycle theft,Awaiting court outcome,
59d06476781c7ac50fd46ea20e8190b5334afbcd9c34a678977a2ea9bf282218,2025-02,South Yorkshire Police,South Yorkshire Police,-1.097783,53.511950,On or near Prince'S Road,E01007526,Doncaster 025D,Criminal damage and arson,Investigation complete; no suspect identified,
71ace8bf044310b8c9c8e6c8e54227f26d975c4e55cd99b3f1e649ae9bb832df,2025-02,South Yorkshire Police,South Yorkshire Police,-1.102461,53.516306,On or near Supermarket,E01007526,Doncaster 025D,Criminal damage and arson,Unable to prosecute suspect,
b88c33eae27c7287768ce15145be12e96c594c377b68d0577c5c58266e387c2c,2025-02,South Yorkshire Police,South Yorkshire Police,-1.102461,53.516306,On or near Supermarket,E01007526,Doncaster 025D,Criminal damage and arson,Investigation complete; no suspect identified,
63d802e73d67ade639b3b849aec88e3e34d1b876b8541a0b839fcf234fa8257d,2025-02,South Yorkshire Police,South Yorkshire Police,-1.099406,53.515765,On or near Sports/Recreation Area,E01007526,Doncaster 025D,Criminal damage and arson,Investigation complete; no suspect identified,
125f617681af8030e92cd81e3f0bb57197894afb640adb5fb178de32d1e273b4,2025-02,South Yorkshire Police,South Yorkshire Police,-1.101381,53.514351,On or near Gliwice Way,E01007526,Doncaster 025D,Criminal damage and arson,Unable to prosecute suspect,
7d266a5f0c0d06743436378eca8870f2fd4169137bb44a321cd3e1c8d7b837ac,2025-02,South Yorkshire Police,South Yorkshire Police,-1.100325,53.511511,On or near Derwent Drive,E01007526,Doncaster 025D,Drugs,Status update unavailable,
ba308ff47ab46089e28a085542431ebd3cb2456cda8bd3728b2a77a167409491,2025-02,South Yorkshire Police,South Yorkshire Police,-1.102461,53.516306,On or near Supermarket,E01007526,Doncaster 025D,Public order,Investigation complete; no suspect identified,
1b85bdc9a21bb751c05b1df7ff52f2dd987a950a844cfd505d5dcaed2bdbd7e8,2025-02,South Yorkshire Police,South Yorkshire Police,-1.102461,53.516306,On or near Supermarket,E01007526,Doncaster 025D,Shoplifting,Awaiting court outcome,
8ac696ddfc5354cd7b7f77119e9d665bbbd1d0e3a48582ec672ac2ab4b80c432,2025-02,South Yorkshire Police,South Yorkshire Police,-1.102461,53.516306,On or near Supermarket,E01007526,Doncaster 025D,Shoplifting,Unable to prosecute suspect,
2339ff5645969c935d2d068f30e949072c0cd3e4508ac388032baa01cd5f1522,2025-02,South Yorkshire Police,South Yorkshire Police,-1.102461,53.516306,On or near Supermarket,E01007526,Doncaster 025D,Vehicle crime,Investigation complete; no suspect identified,
69215ef54d2a956b9b98572cb4fcf28523994ce538a1535cfc583a9b7bf39192,2025-02,South Yorkshire Police,South Yorkshire Police,-1.099406,53.515765,On or near Sports/Recreation Area,E01007526,Doncaster 025D,Violence and sexual offences,Unable to prosecute suspect,
ce163e6b22d910288f65cddce6e8c06811d69061aec675a7cff9632fd19f6afe,2025-02,South Yorkshire Police,South Yorkshire Police,-1.102461,53.516306,On or near Supermarket,E01007526,Doncaster 025D,Violence and sexual offences,Investigation complete; no suspect identified,
ac953cd309a7a17ec283e5b2e8faea7d60e4a2827ace9480b32acd8abcd38217,2025-02,South Yorkshire Police,South Yorkshire Police,-1.091083,53.512169,On or near A638,E01007526,Doncaster 025D,Violence and sexual offences,Investigation complete; no suspect identified,
544bbf01f7521a501ae3ded2151d28af54f56309435fe74fed62ab05a2cb3501,2025-02,South Yorkshire Police,South Yorkshire Police,-1.100325,53.511511,On or near Derwent Drive,E01007526,Doncaster 025D,Violence and sexual offences,Status update unavailable,
424bc6cca3933581ba6be09ecd6c0eb751c2a12ef037ebfb20306bd8ccc5dfee,2025-02,South Yorkshire Police,South Yorkshire Police,-1.101381,53.514351,On or near Gliwice Way,E01007526,Doncaster 025D,Violence and sexual offences,Unable to prosecute suspect,
b403f381227ab08d5a96fa642d351e45727df9daf2cf917dd06e0dddbd82d072,2025-02,South Yorkshire Police,South Yorkshire Police,-1.091083,53.512169,On or near A638,E01007526,Doncaster 025D,Violence and sexual offences,Investigation complete; no suspect identified,
5f75f52ff0d1e6bb0d8e66eafdfb6f5c7af9586b134a52fbc014b092c3042e1a,2025-02,South Yorkshire Police,South Yorkshire Police,-1.067782,53.503343,On or near Hunster Close,E01007607,Doncaster 025E,Drugs,Status update unavailable,
d52524572dca40431eed078f53cda7c0ead8b8a9d931a51bc87b66ee4dbec827,2025-02,South Yorkshire Police,South Yorkshire Police,-1.066755,53.502049,On or near Bretby Close,E01007607,Doncaster 025E,Public order,Status update unavailable,
193473da5ff36fce6a60ac82535c0d4d5adca1410ee4013d240a512ba9432a5d,2025-02,South Yorkshire Police,South Yorkshire Police,-1.077369,53.498554,On or near The Hollows,E01007607,Doncaster 025E,Violence and sexual offences,Unable to prosecute suspect,
7ff7a3d703de1e10bfa3f127f9b7b8c940f0cb4532bd931caa7dd693fc1d1776,2025-02,South Yorkshire Police,South Yorkshire Police,-1.073894,53.500289,On or near Grange Court,E01007607,Doncaster 025E,Violence and sexual offences,Unable to prosecute suspect,
1ea7ea14295004214871d8e3ee4694dba52904f18de9b23bd668ffbedcc50c0a,2025-02,South Yorkshire Police,South Yorkshire Police,-1.067782,53.503343,On or near Hunster Close,E01007607,Doncaster 025E,Other crime,Status update unavailable,
6f5ef2793c308946f1c67d85d1f37a79ed8b58f892277fa1e042822140bca869,2025-02,South Yorkshire Police,South Yorkshire Police,-1.018121,53.498019,On or near Hurst Lane,E01007599,Doncaster 026A,Criminal damage and arson,Investigation complete; no suspect identified,
5d472dd79f4078c77d84bbf93422702f41b631ff6ad2ae67df6dc37644e04811,2025-02,South Yorkshire Police,South Yorkshire Police,-0.998011,53.496711,On or near Mosham Close,E01007599,Doncaster 026A,Criminal damage and arson,Investigation complete; no suspect identified,
af37444e4f1165104321c8236524f54207b8f8e7c1ec12b75b61d100d2ce428c,2025-02,South Yorkshire Police,South Yorkshire Police,-0.988439,53.496684,On or near Parking Area,E01007599,Doncaster 026A,Public order,Investigation complete; no suspect identified,
d577a91fdfbd87617d6470a7bab96d4a2fdf83392b194c2c2ed507d1e446f5a1,2025-02,South Yorkshire Police,South Yorkshire Police,-1.009166,53.490889,On or near Comet Court,E01007599,Doncaster 026A,Violence and sexual offences,Unable to prosecute suspect,
97ce244a9fa10e341c4cbda6d5384619aa7390634442663b27ac7a9489b7d22f,2025-02,South Yorkshire Police,South Yorkshire Police,-1.021312,53.504778,On or near Sandhill Rise,E01007600,Doncaster 026B,Violence and sexual offences,Investigation complete; no suspect identified,
a2e3f7cff3f8f5eb8925bc8f0bc2ee5922aa29511c36fdd8811a36bc7d606b92,2025-02,South Yorkshire Police,South Yorkshire Police,-1.031156,53.512112,On or near Kilham Lane,E01007601,Doncaster 026C,Vehicle crime,Investigation complete; no suspect identified,
0ccb5e1087583dc4a844f6d8ae78dcab162670b9183e133eb7790a2b5fc62d20,2025-02,South Yorkshire Police,South Yorkshire Police,-1.034830,53.507711,On or near Parking Area,E01007601,Doncaster 026C,Violence and sexual offences,Status update unavailable,
e087a6f6930e72f934c004029d6ee6cbb313068a86174f61bfc8ee4a32dad219,2025-02,South Yorkshire Police,South Yorkshire Police,-1.041339,53.509911,On or near Sandhills Way,E01007601,Doncaster 026C,Violence and sexual offences,Unable to prosecute suspect,
d5d1d2f6a73ec11dcae4160456035ba30ddd91c3e2bec55ee9b4de3f84bc6c7d,2025-02,South Yorkshire Police,South Yorkshire Police,-1.041339,53.509911,On or near Sandhills Way,E01007601,Doncaster 026C,Violence and sexual offences,Unable to prosecute suspect,
a7a699d79194a2544d5ba6b9bf7638a7845f71311b2a907c5f42b534a6b68bb2,2025-02,South Yorkshire Police,South Yorkshire Police,-1.034400,53.508714,On or near Bassey Road,E01007601,Doncaster 026C,Violence and sexual offences,Unable to prosecute suspect,
,2025-02,South Yorkshire Police,South Yorkshire Police,-0.986314,53.487192,On or near Pinfold Close,E01007602,Doncaster 026D,Anti-social behaviour,,
,2025-02,South Yorkshire Police,South Yorkshire Police,-0.990334,53.489887,On or near Station Road,E01007602,Doncaster 026D,Anti-social behaviour,,
1f631d78ae5b71402d44d613e41dcf2911f16f238e94d2c5bdc6db2cd939fbd6,2025-02,South Yorkshire Police,South Yorkshire Police,-1.010390,53.482980,On or near Airport/Airfield,E01007602,Doncaster 026D,Burglary,Investigation complete; no suspect identified,
2c1eb43a19f6bfe8fd19aab8aed8c0bb1e50e9d7655150acac34cb337f1ffc40,2025-02,South Yorkshire Police,South Yorkshire Police,-0.990901,53.495222,On or near Back Lane,E01007602,Doncaster 026D,Vehicle crime,Investigation complete; no suspect identified,
18e649902b13d0b36123fc68e1afeb6834eb1616d82b972c0b389dfa2df02bad,2025-02,South Yorkshire Police,South Yorkshire Police,-0.990334,53.489887,On or near Station Road,E01007602,Doncaster 026D,Violence and sexual offences,Unable to prosecute suspect,
929e74b873b991673b3f80185a86ac8d92392532a267fb7365caa653895d1658,2025-02,South Yorkshire Police,South Yorkshire Police,-0.990334,53.489887,On or near Station Road,E01007602,Doncaster 026D,Violence and sexual offences,Unable to prosecute suspect,
9f0703a8b8c68911f9da5a86b4da2cdf7a6673491394785fc47470e15e783475,2025-02,South Yorkshire Police,South Yorkshire Police,-0.983630,53.488500,On or near Harvey Close,E01007602,Doncaster 026D,Violence and sexual offences,Investigation complete; no suspect identified,
f136bd015a9e1ade1dd03b1e3c9bad46b97e66f46e6ed6d52d701feb46bd9d0d,2025-02,South Yorkshire Police,South Yorkshire Police,-0.983630,53.488500,On or near Harvey Close,E01007602,Doncaster 026D,Violence and sexual offences,Unable to prosecute suspect,
1c595ab4f8fea1bddf0abc870cbb98a18a66f0a058917a1f0c4faa46db918872,2025-02,South Yorkshire Police,South Yorkshire Police,-0.990008,53.491574,On or near Station Road,E01007602,Doncaster 026D,Violence and sexual offences,Awaiting court outcome,
,2025-02,South Yorkshire Police,South Yorkshire Police,-1.052996,53.509773,On or near Park/Open Space,E01007603,Doncaster 026E,Anti-social behaviour,,
a75f29aa9a4c57c313f048c8dcf9cadacb62b4304d4c5fbd899b5f9410248ad2,2025-02,South Yorkshire Police,South Yorkshire Police,-1.039880,53.508416,On or near Kingsmead Drive,E01007603,Doncaster 026E,Vehicle crime,Investigation complete; no suspect identified,
ebbd9a25d6e997828a0a9a6f5ade50d70c3235a8592a63d407d1497c8d1ab52c,2025-02,South Yorkshire Police,South Yorkshire Police,-1.059050,53.503436,On or near Swannington Close,E01007603,Doncaster 026E,Violence and sexual offences,Investigation complete; no suspect identified,
,2025-02,South Yorkshire Police,South Yorkshire Police,-1.099258,53.502829,On or near Short Lane,E01007520,Doncaster 027A,Anti-social behaviour,,
f10bcddfdea636a9e81c96c1d343e29d53d79ae175b6000124dab5a2816e489f,2025-02,South Yorkshire Police,South Yorkshire Police,-1.099258,53.502829,On or near Short Lane,E01007520,Doncaster 027A,Burglary,Investigation complete; no suspect identified,
243267220e61dcc9d9b2b187831fe6d306eccafbf6bc96ef188739681f790050,2025-02,South Yorkshire Police,South Yorkshire Police,-1.095576,53.502271,On or near Scaftworth Close,E01007520,Doncaster 027A,Violence and sexual offences,Unable to prosecute suspect,
6c7cfc4bad45f6866ee6cb5eb488a841ad12a18a8ba08eba194cb7992d881cc7,2025-02,South Yorkshire Police,South Yorkshire Police,-1.099258,53.502829,On or near Short Lane,E01007520,Doncaster 027A,Other crime,Action to be taken by another organisation,
,2025-02,South Yorkshire Police,South Yorkshire Police,-1.073662,53.499182,On or near Petrol Station,E01007605,Doncaster 027C,Anti-social behaviour,,
e9cc7808c73ab57ba54fa06bfd3dab98fbbefefd4d82f27f6063cff43ce30bc5,2025-02,South Yorkshire Police,South Yorkshire Police,-1.055127,53.500879,On or near Sunningdale Close,E01007605,Doncaster 027C,Burglary,Status update unavailable,
3ad624674b8393ac8c87c0b8ce34ba7114f94ffe8d987818d92ff5f6747d5425,2025-02,South Yorkshire Police,South Yorkshire Police,-1.073662,53.499182,On or near Petrol Station,E01007605,Doncaster 027C,Shoplifting,Investigation complete; no suspect identified,
31ee09a56e7ad3c86c623fa217829185af24d4b1cb6d637868eb43101e395af3,2025-02,South Yorkshire Police,South Yorkshire Police,-1.073662,53.499182,On or near Petrol Station,E01007605,Doncaster 027C,Shoplifting,Investigation complete; no suspect identified,
db9f26ce50011270cc428082ea76618f9d300913bc4dae0af4f47a69c3e52ab0,2025-02,South Yorkshire Police,South Yorkshire Police,-1.073662,53.499182,On or near Petrol Station,E01007605,Doncaster 027C,Shoplifting,Investigation complete; no suspect identified,
40ae674bdc84ef937eeb368176f0551c81b23921be16f97b436f67d643c6a87c,2025-02,South Yorkshire Police,South Yorkshire Police,-1.069228,53.497889,On or near Dunniwood Reach,E01007605,Doncaster 027C,Vehicle crime,Investigation complete; no suspect identified,
89abc5731010135944ffd4d8a39fb85f87034aca4ea2ac5b376b30a352f4331c,2025-02,South Yorkshire Police,South Yorkshire Police,-1.070218,53.498786,On or near Partridge Rise,E01007605,Doncaster 027C,Vehicle crime,Investigation complete; no suspect identified,
72b60e800b476d96a45a4c2e39a75cdf9e268d387bf4ab534962fa02851eb79e,2025-02,South Yorkshire Police,South Yorkshire Police,-1.064521,53.502149,On or near Horninglow Close,E01007605,Doncaster 027C,Violence and sexual offences,Unable to prosecute suspect,
5f73c18443160e39f2d76176a4d930ce1e700cde27e6c1f1a2653b254f662302,2025-02,South Yorkshire Police,South Yorkshire Police,-1.064235,53.496663,On or near Hatchell Drive,E01007605,Doncaster 027C,Violence and sexual offences,Unable to prosecute suspect,
952577d0c8e992236053f82de408b8b29bea9435daeb1794bfee63e0a12eb56a,2025-02,South Yorkshire Police,South Yorkshire Police,-1.062593,53.498664,On or near The Bramblings,E01007605,Doncaster 027C,Other crime,Investigation complete; no suspect identified,
,2025-02,South Yorkshire Police,South Yorkshire Police,-1.052274,53.494259,On or near Birchwood Dell,E01007606,Doncaster 027D,Anti-social behaviour,,
,2025-02,South Yorkshire Police,South Yorkshire Police,-1.074455,53.491143,On or near Fillies Avenue,E01007606,Doncaster 027D,Anti-social behaviour,,
,2025-02,South Yorkshire Police,South Yorkshire Police,-1.050984,53.492631,On or near Oaklands,E01007606,Doncaster 027D,Anti-social behaviour,,
0fa749503b395c351033809c35f6e51d092a70ff97341f94ec7d1f65c31ef2c0,2025-02,South Yorkshire Police,South Yorkshire Police,-1.056043,53.491529,On or near Oakcrest,E01007606,Doncaster 027D,Criminal damage and arson,Unable to prosecute suspect,
0f421eb98f833f9b0cbc68b9e1d6f3ebbb106c4e981d7541946f4fc0c21a504a,2025-02,South Yorkshire Police,South Yorkshire Police,-1.073288,53.491449,On or near Summit Drive,E01007606,Doncaster 027D,Drugs,Investigation complete; no suspect identified,
4b8225ff4bbe37536d32ede78cd1c01c128dd536336475f1e3f49d76dc43f602,2025-02,South Yorkshire Police,South Yorkshire Police,-1.067528,53.495673,On or near Warren Lane,E01007606,Doncaster 027D,Public order,Unable to prosecute suspect,
,2025-02,South Yorkshire Police,South Yorkshire Police,-1.107177,53.511958,On or near Swan Road,E01034240,Doncaster 027E,Anti-social behaviour,,
,2025-02,South Yorkshire Police,South Yorkshire Police,-1.103446,53.513692,On or near Herten Way,E01034240,Doncaster 027E,Anti-social behaviour,,
,2025-02,South Yorkshire Police,South Yorkshire Police,-1.102943,53.506794,On or near Lakeside Boulevard,E01034240,Doncaster 027E,Anti-social behaviour,,
,2025-02,South Yorkshire Police,South Yorkshire Police,-1.102943,53.506794,On or near Lakeside Boulevard,E01034240,Doncaster 027E,Anti-social behaviour,,
,2025-02,South Yorkshire Police,South Yorkshire Police,-1.107177,53.511958,On or near Swan Road,E01034240,Doncaster 027E,Anti-social behaviour,,
,2025-02,South Yorkshire Police,South Yorkshire Police,-1.102943,53.506794,On or near Lakeside Boulevard,E01034240,Doncaster 027E,Anti-social behaviour,,
,2025-02,South Yorkshire Police,South Yorkshire Police,-1.105560,53.511434,On or near Lake View,E01034240,Doncaster 027E,Anti-social behaviour,,
,2025-02,South Yorkshire Police,South Yorkshire Police,-1.106106,53.511977,On or near Chester Drive,E01034240,Doncaster 027E,Anti-social behaviour,,
00b2989f9fc9fcd02cb3e670dc4c081b1238910409298e80f65d0b65f51cfb58,2025-02,South Yorkshire Police,South Yorkshire Police,-1.107177,53.511958,On or near Swan Road,E01034240,Doncaster 027E,Burglary,Investigation complete; no suspect identified,
881e9adbf9dae75c589f25d235b64448a9cec7822226a4e3eab570beabf854bb,2025-02,South Yorkshire Police,South Yorkshire Police,-1.105560,53.511434,On or near Lake View,E01034240,Doncaster 027E,Burglary,Investigation complete; no suspect identified,
2eeeb1155481ce9b88a776f478b351335da21fddc2533d481d91186a8b470046,2025-02,South Yorkshire Police,South Yorkshire Police,-1.107177,53.511958,On or near Swan Road,E01034240,Doncaster 027E,Criminal damage and arson,Investigation complete; no suspect identified,
1a319730040291d5361b821ae5f5eb2f17f8721460e710c3625874c312d043b4,2025-02,South Yorkshire Police,South Yorkshire Police,-1.102943,53.506794,On or near Lakeside Boulevard,E01034240,Doncaster 027E,Criminal damage and arson,Investigation complete; no suspect identified,
6f4db0a4f7c7ac8a3cab48f73efb8d13c229282bca026da9779d04f0e5eab6a4,2025-02,South Yorkshire Police,South Yorkshire Police,-1.105560,53.511434,On or near Lake View,E01034240,Doncaster 027E,Criminal damage and arson,Investigation complete; no suspect identified,
fb4595692bf881ba498e9b69f86be0a924776a16c44663fa6a40ef96eb139715,2025-02,South Yorkshire Police,South Yorkshire Police,-1.100732,53.509384,On or near Langsett Court,E01034240,Doncaster 027E,Other theft,Investigation complete; no suspect identified,
6bd847ee9b81f5bafce81008ac6c43dd0b885e4d22ba47216e784fbcffd94e5a,2025-02,South Yorkshire Police,South Yorkshire Police,-1.102943,53.506794,On or near Lakeside Boulevard,E01034240,Doncaster 027E,Other theft,Unable to prosecute suspect,
822cb9cb58a75f4dee0d223da6fff897679cd572c21f33fcb3e34f377f3e3202,2025-02,South Yorkshire Police,South Yorkshire Police,-1.107177,53.511958,On or near Swan Road,E01034240,Doncaster 027E,Possession of weapons,Investigation complete; no suspect identified,
05fe242967d4811829c548084cc20c6db1e85d6875aa55ae2a600c0a2d4fc84e,2025-02,South Yorkshire Police,South Yorkshire Police,-1.102943,53.506794,On or near Lakeside Boulevard,E01034240,Doncaster 027E,Public order,Unable to prosecute suspect,
d4b71a4284fb3f7733e1701a50e51bc6c6e8f587fdebcce22c0e81bf2ed5cc66,2025-02,South Yorkshire Police,South Yorkshire Police,-1.107177,53.511958,On or near Swan Road,E01034240,Doncaster 027E,Shoplifting,Investigation complete; no suspect identified,
c06a6a95accdbd35b010dd8ba362e6875b9f8027e880e907e47518a0cc0ba89a,2025-02,South Yorkshire Police,South Yorkshire Police,-1.102943,53.506794,On or near Lakeside Boulevard,E01034240,Doncaster 027E,Shoplifting,Investigation complete; no suspect identified,
6d75f3d8c7096b7f7f81e5a0e5f79fdc37ca80b1a2bb23a8b57aa01ef6cdad2b,2025-02,South Yorkshire Police,South Yorkshire Police,-1.107177,53.511958,On or near Swan Road,E01034240,Doncaster 027E,Shoplifting,Investigation complete; no suspect identified,
c148fefae8adc3c10b4a718ea8b40edf0a76032dcac058d4c01281240f55020f,2025-02,South Yorkshire Police,South Yorkshire Police,-1.107586,53.514019,On or near Dakota Way,E01034240,Doncaster 027E,Vehicle crime,Investigation complete; no suspect identified,
3357172d1b4ce960815e3ed0cc1eef037f7f34fb4c5bd64e7923a0d8dc5a0f34,2025-02,South Yorkshire Police,South Yorkshire Police,-1.105560,53.511434,On or near Lake View,E01034240,Doncaster 027E,Vehicle crime,Investigation complete; no suspect identified,
a3536428872157453e7e30553a4dfbcb0be2ddc32cc06615630f6769ea849f63,2025-02,South Yorkshire Police,South Yorkshire Police,-1.107177,53.511958,On or near Swan Road,E01034240,Doncaster 027E,Vehicle crime,Investigation complete; no suspect identified,
a050ad22e2e0b38d50968f9a3d7ed45cf6982b2ca7f649ada1a091d04aefdaa6,2025-02,South Yorkshire Police,South Yorkshire Police,-1.105560,53.511434,On or near Lake View,E01034240,Doncaster 027E,Vehicle crime,Investigation complete; no suspect identified,
8556e7d3040e8287554ac6038e9edda569caf586cefd3b1a8a1d5b8ada40f72d,2025-02,South Yorkshire Police,South Yorkshire Police,-1.107177,53.511958,On or near Swan Road,E01034240,Doncaster 027E,Violence and sexual offences,Unable to prosecute suspect,
cf9f2aa507e666bc3e03eb872cb8a8521f501c27fbf74972e2fd8188956e49c1,2025-02,South Yorkshire Police,South Yorkshire Police,-1.102943,53.506794,On or near Lakeside Boulevard,E01034240,Doncaster 027E,Violence and sexual offences,Unable to prosecute suspect,
e352838706b2217781e48cab1d4e399a64d1589b94a3a55212aadc1e13863036,2025-02,South Yorkshire Police,South Yorkshire Police,-1.107586,53.514019,On or near Dakota Way,E01034240,Doncaster 027E,Violence and sexual offences,Unable to prosecute suspect,
b2882a042957fd5c2e0719e7e7a790bd7c2bd205eeb530e09381892ca8f07386,2025-02,South Yorkshire Police,South Yorkshire Police,-1.097656,53.507976,On or near Cornflower Drive,E01034241,Doncaster 027F,Drugs,Investigation complete; no suspect identified,
c142bc88ad1acc52123a3500f63442293cba8f03239a72e6613529d43b46c1a2,2025-02,South Yorkshire Police,South Yorkshire Police,-1.097656,53.507976,On or near Cornflower Drive,E01034241,Doncaster 027F,Violence and sexual offences,Status update unavailable,
,2025-02,South Yorkshire Police,South Yorkshire Police,-1.153854,53.503381,On or near Oliver Road,E01007495,Doncaster 028A,Anti-social behaviour,,
e6c3060997bcac500d0ab1b13e71a1704cbe0c90c0470655a17f3912538c09df,2025-02,South Yorkshire Police,South Yorkshire Police,-1.151907,53.505021,On or near Tenby Gardens,E01007495,Doncaster 028A,Criminal damage and arson,Investigation complete; no suspect identified,
e1bec92c360f2780b226726a289d85b11ed761d3b3b63efe8fe4aa352ea2fbd5,2025-02,South Yorkshire Police,South Yorkshire Police,-1.149582,53.502173,On or near Crookes Road,E01007495,Doncaster 028A,Drugs,Status update unavailable,
a4c7ec355ca9852531285c4d934dbfdcfcb4eaac8abac5fbc8ab7ed08df758f1,2025-02,South Yorkshire Police,South Yorkshire Police,-1.148479,53.502300,On or near Norfolk Road,E01007495,Doncaster 028A,Public order,Awaiting court outcome,
664a4ab99028bbb397cf4d00957870463201fcc187cf82cb9386609524ad740f,2025-02,South Yorkshire Police,South Yorkshire Police,-1.155057,53.504315,On or near Cross Street,E01007495,Doncaster 028A,Public order,Investigation complete; no suspect identified,
5c2fbf0285f3897338aa5b30a871cdd01897cb8b0defdbedc8fddfa1ec6c0998,2025-02,South Yorkshire Police,South Yorkshire Police,-1.157634,53.502868,On or near Laburnum Road,E01007495,Doncaster 028A,Vehicle crime,Investigation complete; no suspect identified,
9da24a3f9354e61824daffde28c9869b4a5d74685483ab7544622185a32343f0,2025-02,South Yorkshire Police,South Yorkshire Police,-1.153854,53.503381,On or near Oliver Road,E01007495,Doncaster 028A,Violence and sexual offences,Unable to prosecute suspect,
dbcb3811624c23dc5cde1f1bf611db17cfaf4fe1b0522534ccf5e2e9f2acf5b2,2025-02,South Yorkshire Police,South Yorkshire Police,-1.152369,53.503775,On or near Sheppard Road,E01007495,Doncaster 028A,Violence and sexual offences,Unable to prosecute suspect,
e2d715ae67e9f3506984dc583585eac6c51ce008f05bce1ea167155128cb554f,2025-02,South Yorkshire Police,South Yorkshire Police,-1.153854,53.503381,On or near Oliver Road,E01007495,Doncaster 028A,Violence and sexual offences,Investigation complete; no suspect identified,
99f405d384098733ebd96f8904fb5bb8209b47ac7cccab34beb00bb7b534f786,2025-02,South Yorkshire Police,South Yorkshire Police,-1.152369,53.503775,On or near Sheppard Road,E01007495,Doncaster 028A,Violence and sexual offences,Unable to prosecute suspect,
,2025-02,South Yorkshire Police,South Yorkshire Police,-1.141845,53.500832,On or near Longfellow Road,E01007500,Doncaster 028B,Anti-social behaviour,,
,2025-02,South Yorkshire Police,South Yorkshire Police,-1.138862,53.500685,On or near Goldsmith Road,E01007500,Doncaster 028B,Anti-social behaviour,,
,2025-02,South Yorkshire Police,South Yorkshire Police,-1.150807,53.500465,On or near Ruskin Road,E01007500,Doncaster 028B,Anti-social behaviour,,
,2025-02,South Yorkshire Police,South Yorkshire Police,-1.144127,53.500525,On or near Lowell Avenue,E01007500,Doncaster 028B,Anti-social behaviour,,
,2025-02,South Yorkshire Police,South Yorkshire Police,-1.146856,53.500499,On or near Keats Road,E01007500,Doncaster 028B,Anti-social behaviour,,
,2025-02,South Yorkshire Police,South Yorkshire Police,-1.138862,53.500685,On or near Goldsmith Road,E01007500,Doncaster 028B,Anti-social behaviour,,
,2025-02,South Yorkshire Police,South Yorkshire Police,-1.150807,53.500465,On or near Ruskin Road,E01007500,Doncaster 028B,Anti-social behaviour,,
e427d10b7e718c1db35ea434a0a194ca639c9bc93117da0ed859437413f8e4f0,2025-02,South Yorkshire Police,South Yorkshire Police,-1.150807,53.500465,On or near Ruskin Road,E01007500,Doncaster 028B,Bicycle theft,Investigation complete; no suspect identified,
47f6b544f0d018670b962e289bf74fd68dd9a31e3a058329f0c5bf25caec77ff,2025-02,South Yorkshire Police,South Yorkshire Police,-1.146856,53.500499,On or near Keats Road,E01007500,Doncaster 028B,Burglary,Investigation complete; no suspect identified,
0aa05fd0abf28f43d4771f910b52a1323c96eb423be883b9f46b6df18a565fab,2025-02,South Yorkshire Police,South Yorkshire Police,-1.141845,53.500832,On or near Longfellow Road,E01007500,Doncaster 028B,Criminal damage and arson,Investigation complete; no suspect identified,
986ff34aceecb75bc8fd67645ffd6cf29e740ad482e5679086c9903a3d66a5da,2025-02,South Yorkshire Police,South Yorkshire Police,-1.146856,53.500499,On or near Keats Road,E01007500,Doncaster 028B,Criminal damage and arson,Investigation complete; no suspect identified,
501a1f153951a4104d0ad33aa26e23e726bb6ac6b1bf0427e470ec03a840f32d,2025-02,South Yorkshire Police,South Yorkshire Police,-1.145180,53.499921,On or near Weston Road,E01007500,Doncaster 028B,Criminal damage and arson,Investigation complete; no suspect identified,
fdd9c7dc06a2424d815db5b4472a7b3b38eb0fc8aa6e0617c5cbc76c917e4d70,2025-02,South Yorkshire Police,South Yorkshire Police,-1.141940,53.499080,On or near Dryden Road,E01007500,Doncaster 028B,Other theft,Investigation complete; no suspect identified,
ed64113d4fefb13c5bfac700eac1ccbbdb91206007c88705fcfd44301442aa8a,2025-02,South Yorkshire Police,South Yorkshire Police,-1.140416,53.501415,On or near Sheridan Avenue,E01007500,Doncaster 028B,Vehicle crime,Unable to prosecute suspect,
a91c7635723ab5f3753b10560baf2aa0d886d698e0037bc78665d231b4d078c7,2025-02,South Yorkshire Police,South Yorkshire Police,-1.146856,53.500499,On or near Keats Road,E01007500,Doncaster 028B,Violence and sexual offences,Unable to prosecute suspect,
0ab147d1cebaffc7358c0fbd95eb8f705c4a64689add54dd750349b556b14730,2025-02,South Yorkshire Police,South Yorkshire Police,-1.142685,53.499508,On or near Stevenson Road,E01007500,Doncaster 028B,Violence and sexual offences,Awaiting court outcome,
,2025-02,South Yorkshire Police,South Yorkshire Police,-1.147334,53.506615,On or near Supermarket,E01007534,Doncaster 028D,Anti-social behaviour,,
,2025-02,South Yorkshire Police,South Yorkshire Police,-1.147334,53.506615,On or near Supermarket,E01007534,Doncaster 028D,Anti-social behaviour,,
,2025-02,South Yorkshire Police,South Yorkshire Police,-1.142417,53.509807,On or near Clarence Avenue,E01007534,Doncaster 028D,Anti-social behaviour,,
,2025-02,South Yorkshire Police,South Yorkshire Police,-1.147334,53.506615,On or near Supermarket,E01007534,Doncaster 028D,Anti-social behaviour,,
,2025-02,South Yorkshire Police,South Yorkshire Police,-1.144441,53.508887,On or near Carr Hill,E01007534,Doncaster 028D,Anti-social behaviour,,
,2025-02,South Yorkshire Police,South Yorkshire Police,-1.147334,53.506615,On or near Supermarket,E01007534,Doncaster 028D,Anti-social behaviour,,
,2025-02,South Yorkshire Police,South Yorkshire Police,-1.147334,53.506615,On or near Supermarket,E01007534,Doncaster 028D,Anti-social behaviour,,
f11d52397b68a037585a23f26d316bd92c419af51665b83ca7e98a536d429bc6,2025-02,South Yorkshire Police,South Yorkshire Police,-1.139726,53.511630,On or near Sylvester Avenue,E01007534,Doncaster 028D,Burglary,Investigation complete; no suspect identified,
efe66d1550825e465e6bdb431947a741be40c06be198db661c8f10781e30a21a,2025-02,South Yorkshire Police,South Yorkshire Police,-1.145030,53.508855,On or near Carr Hill Court,E01007534,Doncaster 028D,Burglary,Investigation complete; no suspect identified,
a4ddedfc94670f3f232feabbbcd9686fc9d44ea838b60622ce6c10301e296ce6,2025-02,South Yorkshire Police,South Yorkshire Police,-1.145843,53.509688,On or near Balby Road,E01007534,Doncaster 028D,Burglary,Investigation complete; no suspect identified,
f222232dc4b005f098c83a9be96f0ec3e28f804917be7ea492ee0d06e3a16499,2025-02,South Yorkshire Police,South Yorkshire Police,-1.142417,53.509807,On or near Clarence Avenue,E01007534,Doncaster 028D,Burglary,Unable to prosecute suspect,
ee604b2f19a3bde507433a3ef30a9ed2ed6545baaf7b6f53aaf43769c66a48c9,2025-02,South Yorkshire Police,South Yorkshire Police,-1.144024,53.507886,On or near Great Central Avenue,E01007534,Doncaster 028D,Criminal damage and arson,Unable to prosecute suspect,
795ae198eadddd59f5beaf096a296854ffd3b238b1295808bff6ff52f2464780,2025-02,South Yorkshire Police,South Yorkshire Police,-1.133518,53.511424,On or near Ten Pound Walk,E01007534,Doncaster 028D,Other theft,Investigation complete; no suspect identified,
8c912206d90c7167339df0bb66758e4d03cbe6915fa49702be05f00c0981709b,2025-02,South Yorkshire Police,South Yorkshire Police,-1.143843,53.509368,On or near Bude Road,E01007534,Doncaster 028D,Other theft,Unable to prosecute suspect,
8102d845b9738928ae994ce793342c953d5ad2305122d25b8f846031ec0f9d1a,2025-02,South Yorkshire Police,South Yorkshire Police,-1.143843,53.509368,On or near Bude Road,E01007534,Doncaster 028D,Other theft,Investigation complete; no suspect identified,
87e264a3c451806261eef7a88482ac187fe4df60cf66ae7b56de5362f99a906b,2025-02,South Yorkshire Police,South Yorkshire Police,-1.143051,53.509056,On or near Mona Road,E01007534,Doncaster 028D,Possession of weapons,Unable to prosecute suspect,
fb0b2c595732438d12473979a8adfdf0008897a3d285eb4513ee8f3a9a45ae04,2025-02,South Yorkshire Police,South Yorkshire Police,-1.105089,53.500131,On or near Park/Open Space,E01007534,Doncaster 028D,Public order,Investigation complete; no suspect identified,
1dd9effc054ccb17eed9bcf08633fc8f3012e94fdfd71b0b511e8cfdf1f39b04,2025-02,South Yorkshire Police,South Yorkshire Police,-1.147334,53.506615,On or near Supermarket,E01007534,Doncaster 028D,Shoplifting,Awaiting court outcome,
82fc16819bc3c5fd0e16d445a793892c64e534e11947a984143c059ab0d1e06d,2025-02,South Yorkshire Police,South Yorkshire Police,-1.147334,53.506615,On or near Supermarket,E01007534,Doncaster 028D,Shoplifting,Investigation complete; no suspect identified,
8c97ef5bf4caa035033ddbff986d5823d1fb4a5b0c61dc88b0bf750a192deda9,2025-02,South Yorkshire Police,South Yorkshire Police,-1.145843,53.509688,On or near Balby Road,E01007534,Doncaster 028D,Shoplifting,Investigation complete; no suspect identified,
530440985a4665909e79870388dc55101272fcfaaed7416ca72f5a815ff61fc1,2025-02,South Yorkshire Police,South Yorkshire Police,-1.145843,53.509688,On or near Balby Road,E01007534,Doncaster 028D,Shoplifting,Awaiting court outcome,
5873bfe006c7cd2cdccb5810d08068a64580bc8be5f4e2f3e3d0064567166504,2025-02,South Yorkshire Police,South Yorkshire Police,-1.145843,53.509688,On or near Balby Road,E01007534,Doncaster 028D,Shoplifting,Awaiting court outcome,
0b6d568f5706cd31d1358217aa8d94ef5f9865f3a32be395ba77215d209782e9,2025-02,South Yorkshire Police,South Yorkshire Police,-1.145843,53.509688,On or near Balby Road,E01007534,Doncaster 028D,Vehicle crime,Investigation complete; no suspect identified,
f37281bb1971f360ffb966967a97a5b93a8a31de33b232d44b0732f568ee8afd,2025-02,South Yorkshire Police,South Yorkshire Police,-1.145843,53.509688,On or near Balby Road,E01007534,Doncaster 028D,Vehicle crime,Investigation complete; no suspect identified,
9a51cd4096acffc63971e3e64682fc22eb8d30685c59ddf46532ce8e5bd21e7b,2025-02,South Yorkshire Police,South Yorkshire Police,-1.105089,53.500131,On or near Park/Open Space,E01007534,Doncaster 028D,Vehicle crime,Investigation complete; no suspect identified,
9a235f4dca2991fd4859ea8fba9c648aea0f9dddc8510de3ed3608beac0b67f8,2025-02,South Yorkshire Police,South Yorkshire Police,-1.145627,53.506909,On or near Coronation Road,E01007534,Doncaster 028D,Violence and sexual offences,Unable to prosecute suspect,
ccc68228cec4aace05e03343938c077f3c96687fc599aa43d8cdcba896b6b814,2025-02,South Yorkshire Police,South Yorkshire Police,-1.142763,53.510591,On or near Carr View Avenue,E01007534,Doncaster 028D,Violence and sexual offences,Investigation complete; no suspect identified,
0ba9f277a7a4eb97fd682f644b8a9b770a39c7904fa1c6cf76441876e0cc0b54,2025-02,South Yorkshire Police,South Yorkshire Police,-1.145627,53.506909,On or near Coronation Road,E01007534,Doncaster 028D,Violence and sexual offences,Investigation complete; no suspect identified,
ebe5b734523d1964d0d34319e5cde036a6951b47c515b18dd665eca9bf268808,2025-02,South Yorkshire Police,South Yorkshire Police,-1.145843,53.509688,On or near Balby Road,E01007534,Doncaster 028D,Violence and sexual offences,Investigation complete; no suspect identified,
2da3992d30eb99b4d4d2f794eada0d0960c99d161739d5122d6df00a77f41c4e,2025-02,South Yorkshire Police,South Yorkshire Police,-1.143544,53.510031,On or near Lister Avenue,E01007534,Doncaster 028D,Violence and sexual offences,Unable to prosecute suspect,
4e2beb61de868a3eb0f2f4986bdce8f717702fcc78bd166058ccba31e011dcb1,2025-02,South Yorkshire Police,South Yorkshire Police,-1.145843,53.509688,On or near Balby Road,E01007534,Doncaster 028D,Violence and sexual offences,Status update unavailable,
f5b2353a1ef3f2de6dd4290d831cabcc47aa1947f31046fc6f5c34a22d487c03,2025-02,South Yorkshire Police,South Yorkshire Police,-1.145114,53.507678,On or near Burton Terrace,E01007534,Doncaster 028D,Violence and sexual offences,Unable to prosecute suspect,
3b1812c8543fc6f45c39519705130effeb457760eab92743aad03767d8c265ca,2025-02,South Yorkshire Police,South Yorkshire Police,-1.145843,53.509688,On or near Balby Road,E01007534,Doncaster 028D,Violence and sexual offences,Status update unavailable,
2bcdc875360d7203832ca6d4be69a5361b30c7d031d9475827fc3c9ee9f578c0,2025-02,South Yorkshire Police,South Yorkshire Police,-1.140888,53.511594,On or near Belmont Avenue,E01007534,Doncaster 028D,Violence and sexual offences,Unable to prosecute suspect,
2b52ad04b3ec84419688ff5e0e8ef9db3cd9fa5dedf50a41ee501f436f17c817,2025-02,South Yorkshire Police,South Yorkshire Police,-1.141700,53.510970,On or near Queen Street,E01007534,Doncaster 028D,Violence and sexual offences,Unable to prosecute suspect,
,2025-02,South Yorkshire Police,South Yorkshire Police,-1.128424,53.492142,On or near Saffron Drive,E01034242,Doncaster 028E,Anti-social behaviour,,
,2025-02,South Yorkshire Police,South Yorkshire Police,-1.128424,53.492142,On or near Saffron Drive,E01034242,Doncaster 028E,Anti-social behaviour,,
,2025-02,South Yorkshire Police,South Yorkshire Police,-1.129486,53.496212,On or near Larkspur Close,E01034242,Doncaster 028E,Anti-social behaviour,,
,2025-02,South Yorkshire Police,South Yorkshire Police,-1.135201,53.494663,On or near Aintree Drive,E01034242,Doncaster 028E,Anti-social behaviour,,
,2025-02,South Yorkshire Police,South Yorkshire Police,-1.138742,53.496208,On or near Farnley Road,E01034242,Doncaster 028E,Anti-social behaviour,,
,2025-02,South Yorkshire Police,South Yorkshire Police,-1.136944,53.496401,On or near Cavalier Court,E01034242,Doncaster 028E,Anti-social behaviour,,
,2025-02,South Yorkshire Police,South Yorkshire Police,-1.132982,53.491878,On or near Chroma Drive,E01034242,Doncaster 028E,Anti-social behaviour,,
2ad9e1aeac6ea4c9ce5f18d8279058c2ab031ddaf609bf6b16b7e4a33ccde154,2025-02,South Yorkshire Police,South Yorkshire Police,-1.129486,53.496212,On or near Larkspur Close,E01034242,Doncaster 028E,Burglary,Investigation complete; no suspect identified,
d1c04669c8231e5d2d5312434efe99b78352674d12251d385a407a425d496909,2025-02,South Yorkshire Police,South Yorkshire Police,-1.129486,53.496212,On or near Larkspur Close,E01034242,Doncaster 028E,Criminal damage and arson,Investigation complete; no suspect identified,
1bdeec7b05009f4976c2a71414a0e21cb5a60c59a7023edbb09ac1670a263391,2025-02,South Yorkshire Police,South Yorkshire Police,-1.131525,53.490861,On or near Teal Drive,E01034242,Doncaster 028E,Criminal damage and arson,Investigation complete; no suspect identified,
0f5d4ac1d95945a3bfd3ef1d2406be7e642daa3e55337faed4690d5110eb6da3,2025-02,South Yorkshire Police,South Yorkshire Police,-1.131465,53.491589,On or near Libra Drive,E01034242,Doncaster 028E,Drugs,Investigation complete; no suspect identified,
e44e9fe39e9a0f7447da9d7d48ae0eb709225485c0cae855795fbf991ecb15a7,2025-02,South Yorkshire Police,South Yorkshire Police,-1.130730,53.493615,On or near Woodfield Way,E01034242,Doncaster 028E,Public order,Unable to prosecute suspect,
0713c4665513994d74d7c24b5f1e2a139565a1a5b65edd272fd2c662c47dd7a8,2025-02,South Yorkshire Police,South Yorkshire Police,-1.131465,53.491589,On or near Libra Drive,E01034242,Doncaster 028E,Public order,Unable to prosecute suspect,
7a3045638d3ce0374c3bdce1609646813d5ac94df3c9a85bba92418a7c7f577c,2025-02,South Yorkshire Police,South Yorkshire Police,-1.129486,53.496212,On or near Larkspur Close,E01034242,Doncaster 028E,Robbery,Investigation complete; no suspect identified,
70995e4f1bb1fee4808abcc640475a92e3a2656c84898b52cf0c0b5c3774d875,2025-02,South Yorkshire Police,South Yorkshire Police,-1.129486,53.496212,On or near Larkspur Close,E01034242,Doncaster 028E,Shoplifting,Investigation complete; no suspect identified,
d04d9232a122815b2424c5bea45e60c2b494e44a5af635e6a6634f781a40eb8c,2025-02,South Yorkshire Police,South Yorkshire Police,-1.129486,53.496212,On or near Larkspur Close,E01034242,Doncaster 028E,Shoplifting,Awaiting court outcome,
888b7af5c2a3473051da905de736db795d05b2f020b6a12fe6cbdd6f0d78e4b2,2025-02,South Yorkshire Police,South Yorkshire Police,-1.129486,53.496212,On or near Larkspur Close,E01034242,Doncaster 028E,Shoplifting,Unable to prosecute suspect,
10674e7408fbac954c785697edd6f075f55b479d0abc7e0d1e14c85977363f69,2025-02,South Yorkshire Police,South Yorkshire Police,-1.129486,53.496212,On or near Larkspur Close,E01034242,Doncaster 028E,Shoplifting,Investigation complete; no suspect identified,
f8a30799d6d745fbc6cc1565989e7efa75b3b7b1f95bde0a52b506cbcecd1bcd,2025-02,South Yorkshire Police,South Yorkshire Police,-1.129486,53.496212,On or near Larkspur Close,E01034242,Doncaster 028E,Shoplifting,Investigation complete; no suspect identified,
1e7b00f3aaefc90277486e43b9129deef382a659b3dd842aa03d5dda2ae39919,2025-02,South Yorkshire Police,South Yorkshire Police,-1.129486,53.496212,On or near Larkspur Close,E01034242,Doncaster 028E,Shoplifting,Investigation complete; no suspect identified,
155a9b083e5cba11e37dea5ab54fe160ddce73d331b9f0755752c9af60582c55,2025-02,South Yorkshire Police,South Yorkshire Police,-1.129486,53.496212,On or near Larkspur Close,E01034242,Doncaster 028E,Shoplifting,Awaiting court outcome,
475a8d163cf2908b2267dab5184a49c467e039ba54c29ba91bd339968ade530b,2025-02,South Yorkshire Police,South Yorkshire Police,-1.129486,53.496212,On or near Larkspur Close,E01034242,Doncaster 028E,Shoplifting,Investigation complete; no suspect identified,
e45550dbedf01fa61dd548376c2e6b78c03def4fe7f5b9a2d2b6406ca40b2767,2025-02,South Yorkshire Police,South Yorkshire Police,-1.129486,53.496212,On or near Larkspur Close,E01034242,Doncaster 028E,Shoplifting,Awaiting court outcome,
3e0e38038ed7faac61cb9370fe91db88e1523c8240b5f4e95f22e35bed744b41,2025-02,South Yorkshire Police,South Yorkshire Police,-1.129486,53.496212,On or near Larkspur Close,E01034242,Doncaster 028E,Shoplifting,Investigation complete; no suspect identified,
ed2d635bbcd7b1915896ef2a3e1dd3f082fc8717cb4bf6a8d9d30bcbf7168fe2,2025-02,South Yorkshire Police,South Yorkshire Police,-1.129486,53.496212,On or near Larkspur Close,E01034242,Doncaster 028E,Shoplifting,Investigation complete; no suspect identified,
263dc5715a3a3355c3de1fabb567da908540b5088ac8b8623020fbc73d4dcdcd,2025-02,South Yorkshire Police,South Yorkshire Police,-1.129486,53.496212,On or near Larkspur Close,E01034242,Doncaster 028E,Shoplifting,Investigation complete; no suspect identified,
98ed162fc0413f48d720439958b834ab92e54d96d111e49cfe7ecac9da9486e9,2025-02,South Yorkshire Police,South Yorkshire Police,-1.129486,53.496212,On or near Larkspur Close,E01034242,Doncaster 028E,Shoplifting,Investigation complete; no suspect identified,
9ea9bc198c1fff8d4eff1c01ce24463f1a5d70eba0e9a7c63fc4b9f4384bbeca,2025-02,South Yorkshire Police,South Yorkshire Police,-1.129486,53.496212,On or near Larkspur Close,E01034242,Doncaster 028E,Shoplifting,Investigation complete; no suspect identified,
b0cefc5456016ffa3313db6a5f687fd6b2c6ce6f7918d27dc4bbf1f6d226db8f,2025-02,South Yorkshire Police,South Yorkshire Police,-1.129486,53.496212,On or near Larkspur Close,E01034242,Doncaster 028E,Shoplifting,Investigation complete; no suspect identified,
c8c052f62422e600232d899bc974ad3cad44aa1813d5d6986ab4ab04e653c93c,2025-02,South Yorkshire Police,South Yorkshire Police,-1.129486,53.496212,On or near Larkspur Close,E01034242,Doncaster 028E,Vehicle crime,Investigation complete; no suspect identified,
3a904b570b9597ac18c74bdbab505ac2ebca5fd0bfba47f98089a2a963138fee,2025-02,South Yorkshire Police,South Yorkshire Police,-1.129486,53.496212,On or near Larkspur Close,E01034242,Doncaster 028E,Violence and sexual offences,Offender given a caution,
3709c7dd7ec58cbc220eff714943376521c62e3c0f2abaeddea1781aedbe33d2,2025-02,South Yorkshire Police,South Yorkshire Police,-1.129486,53.496212,On or near Larkspur Close,E01034242,Doncaster 028E,Violence and sexual offences,Unable to prosecute suspect,
e3b873d8e42e424e955534db4222530df1d38d736f72d2aff87a011c9c743355,2025-02,South Yorkshire Police,South Yorkshire Police,-1.129486,53.496212,On or near Larkspur Close,E01034242,Doncaster 028E,Violence and sexual offences,Offender given a caution,
a4a256f3afd6e4cc37bcffd18bbf880fb6a7eb72b4d7d3131802ed514465bd53,2025-02,South Yorkshire Police,South Yorkshire Police,-1.129486,53.496212,On or near Larkspur Close,E01034242,Doncaster 028E,Violence and sexual offences,Status update unavailable,
c22be357be435562ca2bc7105d97208c10570edf458b22f7226dd2abd5745c43,2025-02,South Yorkshire Police,South Yorkshire Police,-1.129486,53.496212,On or near Larkspur Close,E01034242,Doncaster 028E,Violence and sexual offences,Unable to prosecute suspect,
bd5cf48d4296efbcd70d14f77e0029a2aa8962b6876ac243d0adf880b011d2de,2025-02,South Yorkshire Police,South Yorkshire Police,-1.129486,53.496212,On or near Larkspur Close,E01034242,Doncaster 028E,Violence and sexual offences,Unable to prosecute suspect,
377167286f9ca98dbd8b11f357eeca79c57153c88c7086f712d9f91a51009500,2025-02,South Yorkshire Police,South Yorkshire Police,-1.129486,53.496212,On or near Larkspur Close,E01034242,Doncaster 028E,Violence and sexual offences,Unable to prosecute suspect,
b7edaefb93f07b5cca44e9bd4e9b7aecf726e4db6417f4b505ed7c687b6afb38,2025-02,South Yorkshire Police,South Yorkshire Police,-1.130176,53.492703,On or near Phoenix Drive,E01034242,Doncaster 028E,Violence and sexual offences,Unable to prosecute suspect,
c1014bf02d703e055c073aabd2968065f579be1275175ed355d38d9c19b9b5f5,2025-02,South Yorkshire Police,South Yorkshire Police,-1.129486,53.496212,On or near Larkspur Close,E01034242,Doncaster 028E,Violence and sexual offences,Unable to prosecute suspect,
,2025-02,South Yorkshire Police,South Yorkshire Police,-1.142567,53.493395,On or near Huxterwell Drive,E01034243,Doncaster 028F,Anti-social behaviour,,
5cb202bd845fe97e69d96935975433a21a88027093963b052840100489f10e06,2025-02,South Yorkshire Police,South Yorkshire Police,-1.151431,53.493350,On or near Newby Crescent,E01034243,Doncaster 028F,Bicycle theft,Investigation complete; no suspect identified,
40bcaa8e2dd26779be4644137f51768347d132eb9f35ac0f8c103e7d998b719c,2025-02,South Yorkshire Police,South Yorkshire Police,-1.142567,53.493395,On or near Huxterwell Drive,E01034243,Doncaster 028F,Burglary,Investigation complete; no suspect identified,
d0e9c644b1b670889ab51ddc4f3a970b35dc8b00425c7accb0fffff8c525a833,2025-02,South Yorkshire Police,South Yorkshire Police,-1.138325,53.490732,On or near Supermarket,E01034243,Doncaster 028F,Criminal damage and arson,Investigation complete; no suspect identified,
7fe0c3e5da9798aa61f09fcc8cd9f3b3572d837ed8419baf6e541ec1f6246c2a,2025-02,South Yorkshire Police,South Yorkshire Police,-1.151431,53.493350,On or near Newby Crescent,E01034243,Doncaster 028F,Criminal damage and arson,Investigation complete; no suspect identified,
4835130caf928669f7aa784211e8402870a8a4837f93e95a90f7d1c2dbc7a1f0,2025-02,South Yorkshire Police,South Yorkshire Police,-1.142567,53.493395,On or near Huxterwell Drive,E01034243,Doncaster 028F,Criminal damage and arson,Investigation complete; no suspect identified,
54f837dfb2c4099168d3414b48304666e8d0ad8d787b4bf9141cd3d62eceb585,2025-02,South Yorkshire Police,South Yorkshire Police,-1.145628,53.493354,On or near Branchcroft Drive,E01034243,Doncaster 028F,Drugs,Unable to prosecute suspect,
347724a533e845702f05eea0b2062b9d8fb38673b79eddc0c51dce4970ba9385,2025-02,South Yorkshire Police,South Yorkshire Police,-1.138325,53.490732,On or near Supermarket,E01034243,Doncaster 028F,Shoplifting,Investigation complete; no suspect identified,
da5dd144aa731a8c148943ab79710c8ff41286664ef6e4525b88da5cc79af1a5,2025-02,South Yorkshire Police,South Yorkshire Police,-1.138325,53.490732,On or near Supermarket,E01034243,Doncaster 028F,Shoplifting,Investigation complete; no suspect identified,
ccfe174474edfc9d4cec809c2db0c1e42f7f26aa54786f6777fe06341cc67c7a,2025-02,South Yorkshire Police,South Yorkshire Police,-1.138325,53.490732,On or near Supermarket,E01034243,Doncaster 028F,Shoplifting,Investigation complete; no suspect identified,
0d64cad12a5dcfa8e80a099f767935806bf867ba7ff3a5d657abae8aeacf395e,2025-02,South Yorkshire Police,South Yorkshire Police,-1.138325,53.490732,On or near Supermarket,E01034243,Doncaster 028F,Shoplifting,Awaiting court outcome,
b814438eca618cbf9a5f5b80a8d220f323a4f7bc04cdc15cdf1287e513249f0e,2025-02,South Yorkshire Police,South Yorkshire Police,-1.138325,53.490732,On or near Supermarket,E01034243,Doncaster 028F,Shoplifting,Awaiting court outcome,
bbd4a3d7a4b3e8d3e73ed68deb1098d832f7d908b8d1ede3173919413b280fe3,2025-02,South Yorkshire Police,South Yorkshire Police,-1.138325,53.490732,On or near Supermarket,E01034243,Doncaster 028F,Shoplifting,Investigation complete; no suspect identified,
407ce9d30000541f513179c495a85f04cc4f889dda38f96dbab38e61de482f81,2025-02,South Yorkshire Police,South Yorkshire Police,-1.138325,53.490732,On or near Supermarket,E01034243,Doncaster 028F,Shoplifting,Awaiting court outcome,
a081671a32ed127236ef63d387a398818a51cf1c8802c62dcf9603fec8924406,2025-02,South Yorkshire Police,South Yorkshire Police,-1.138325,53.490732,On or near Supermarket,E01034243,Doncaster 028F,Shoplifting,Unable to prosecute suspect,
fc65c98c88c8304001e8b0043813ed39040fb9c0feba64392bef0e69b8d6378a,2025-02,South Yorkshire Police,South Yorkshire Police,-1.138325,53.490732,On or near Supermarket,E01034243,Doncaster 028F,Shoplifting,Investigation complete; no suspect identified,
44ec4b70c050d51e3df990640834de4c2dea4c6b0015dba81a2c9504d5fffac6,2025-02,South Yorkshire Police,South Yorkshire Police,-1.138325,53.490732,On or near Supermarket,E01034243,Doncaster 028F,Vehicle crime,Investigation complete; no suspect identified,
4c709d9692c777606e1b085fb90a323019d1e8665a6beae2cdd261e33a16fd44,2025-02,South Yorkshire Police,South Yorkshire Police,-1.145628,53.493354,On or near Branchcroft Drive,E01034243,Doncaster 028F,Vehicle crime,Investigation complete; no suspect identified,
f70c0c7bc8af3bc5fcee8544e03e109475b695422d3bb7bab3ee627cc1a3168a,2025-02,South Yorkshire Police,South Yorkshire Police,-1.142352,53.491380,On or near Bridgelake Drive,E01034243,Doncaster 028F,Vehicle crime,Investigation complete; no suspect identified,
1b4ce55a40eee096ccbc1c27f255b35a7657ffd4f4f42ec4c2a4e8576f3c99c7,2025-02,South Yorkshire Police,South Yorkshire Police,-1.144510,53.490505,On or near Elwin Court,E01034243,Doncaster 028F,Violence and sexual offences,Offender given a caution,
4255e157bc6ca406436a80822b8702250d98f84ee79bfeabc748531e9fd49ca6,2025-02,South Yorkshire Police,South Yorkshire Police,-1.144510,53.490505,On or near Elwin Court,E01034243,Doncaster 028F,Violence and sexual offences,Unable to prosecute suspect,
7ec4c420d42b0fe3195d8f7062b7ef60205ba5f2d6ca68f58e0fb8f968a02266,2025-02,South Yorkshire Police,South Yorkshire Police,-1.151010,53.491801,On or near Alverley Lane,E01034243,Doncaster 028F,Violence and sexual offences,Unable to prosecute suspect,
b20330a9d7ce0331100118d2b2bcf3fa1b472c3ed9a8ebb991579f7ebf0739dd,2025-02,South Yorkshire Police,South Yorkshire Police,-1.144510,53.490505,On or near Elwin Court,E01034243,Doncaster 028F,Violence and sexual offences,Unable to prosecute suspect,
d11d4ca13a26300abd86ede7097ef5a949760c9613fa57c5abe8d388780dd34b,2025-02,South Yorkshire Police,South Yorkshire Police,-1.139694,53.493868,On or near Wellingley Road,E01034243,Doncaster 028F,Violence and sexual offences,Unable to prosecute suspect,
,2025-02,South Yorkshire Police,South Yorkshire Police,-1.162750,53.503371,On or near Gilberthorpe Road,E01007496,Doncaster 029A,Anti-social behaviour,,
d4ca0a19c63a7e725f366ff5e77e0b64f3cef9e9eea807da3b1b70a9a8f026f0,2025-02,South Yorkshire Police,South Yorkshire Police,-1.162029,53.505524,On or near Smith Square,E01007496,Doncaster 029A,Burglary,Status update unavailable,
405164a8d635f1d755407cb50f70fc26fb998c6fd6e0a1e64e854e58b8dd43cd,2025-02,South Yorkshire Police,South Yorkshire Police,-1.161259,53.504817,On or near Ventnor Close,E01007496,Doncaster 029A,Criminal damage and arson,Unable to prosecute suspect,
07ce50f6ec77a29b9af2a10b41a1a9ecb5913e273b743656b07e6b9b0283f2f1,2025-02,South Yorkshire Police,South Yorkshire Police,-1.169461,53.504820,On or near Church Lane,E01007496,Doncaster 029A,Drugs,Status update unavailable,
1e9de563fa5c002d038fbabb30bb2efce1d918a38af02031499a734fe8e95630,2025-02,South Yorkshire Police,South Yorkshire Police,-1.169461,53.504820,On or near Church Lane,E01007496,Doncaster 029A,Public order,Status update unavailable,
6d46017f4581b3422213c1d01ad4724dd2b38c88af6a2f3cea309b38fa521ba3,2025-02,South Yorkshire Police,South Yorkshire Police,-1.161017,53.504105,On or near Ranyard Road,E01007496,Doncaster 029A,Shoplifting,Investigation complete; no suspect identified,
21640f40dfcd2dcb9c47ddb4359e9fb537c4138e24c51183443e5e736d57a6a6,2025-02,South Yorkshire Police,South Yorkshire Police,-1.161017,53.504105,On or near Ranyard Road,E01007496,Doncaster 029A,Shoplifting,Awaiting court outcome,
46dc38a1dd554180d4a6b74b964a8c917cb1da5341cbbf9f9ce9864860a99103,2025-02,South Yorkshire Police,South Yorkshire Police,-1.161017,53.504105,On or near Ranyard Road,E01007496,Doncaster 029A,Shoplifting,Awaiting court outcome,
fa9a2f6cf69790709b1df743c77d86e6d2b2c9adc710244f297fd5428dd5f16c,2025-02,South Yorkshire Police,South Yorkshire Police,-1.169461,53.504820,On or near Church Lane,E01007496,Doncaster 029A,Theft from the person,Unable to prosecute suspect,
11af7e834d5bb155bbf1d3f3f0e41549ab6ae5676177466fedca990349ac1672,2025-02,South Yorkshire Police,South Yorkshire Police,-1.161459,53.506931,On or near Horse Shoe Court,E01007496,Doncaster 029A,Theft from the person,Unable to prosecute suspect,
c60237ca0b0c53d97b73757d41121eb185acab8cc5100d3f259c2163f3ea3e35,2025-02,South Yorkshire Police,South Yorkshire Police,-1.162750,53.503371,On or near Gilberthorpe Road,E01007496,Doncaster 029A,Vehicle crime,Investigation complete; no suspect identified,
be20956649f2abf742c41d1327f07bf07c68aa2e440a9e4b8547e9eb3b77a8fe,2025-02,South Yorkshire Police,South Yorkshire Police,-1.162750,53.503371,On or near Gilberthorpe Road,E01007496,Doncaster 029A,Violence and sexual offences,Unable to prosecute suspect,
15f67c48e74f48abb382e9507d3b9e4e9db3a9d52274eb4a0a05fbcb205056ce,2025-02,South Yorkshire Police,South Yorkshire Police,-1.161459,53.506931,On or near Horse Shoe Court,E01007496,Doncaster 029A,Violence and sexual offences,Investigation complete; no suspect identified,
78892c5b15d2577213d66f94e15b063ec4821c2ebcedae5f8a8f119187273c9a,2025-02,South Yorkshire Police,South Yorkshire Police,-1.162029,53.505524,On or near Smith Square,E01007496,Doncaster 029A,Violence and sexual offences,Unable to prosecute suspect,
ffdcdabcdbc8a6d4fe2958bb02eed9f52c6b597ed92431a6ae12d025a04d8535,2025-02,South Yorkshire Police,South Yorkshire Police,-1.169461,53.504820,On or near Church Lane,E01007496,Doncaster 029A,Violence and sexual offences,Unable to prosecute suspect,
d4488e7b75a3e6c2c69900bdfc394ec151f45af6e64a4dcd21705b59d9088981,2025-02,South Yorkshire Police,South Yorkshire Police,-1.163646,53.503809,On or near Armitage Road,E01007496,Doncaster 029A,Other crime,Unable to prosecute suspect,
,2025-02,South Yorkshire Police,South Yorkshire Police,-1.163482,53.502190,On or near Warmsworth Road,E01007497,Doncaster 029B,Anti-social behaviour,,
29128a4e78a9083958ee1a975ec5adba43912f140b02efb1211ac6d846be6975,2025-02,South Yorkshire Police,South Yorkshire Police,-1.166114,53.502496,On or near Sandycroft Crescent,E01007497,Doncaster 029B,Other theft,Unable to prosecute suspect,
a4e3adb6ca9b994e13d74f99bf62fc20612f5a01ef264cd7a8ffd2f31cf2490b,2025-02,South Yorkshire Police,South Yorkshire Police,-1.162313,53.501804,On or near Blackwood Avenue,E01007497,Doncaster 029B,Vehicle crime,Investigation complete; no suspect identified,
bab208a35b123e39b740731a71566e4999a858deaf1dedb3a0a0287d619f683e,2025-02,South Yorkshire Police,South Yorkshire Police,-1.169025,53.500889,On or near Wallace Road,E01007497,Doncaster 029B,Violence and sexual offences,Investigation complete; no suspect identified,
5ed68e3344643ef799a89601a5cee8467231761d4cab5ed6e2c8cb3eea4e1772,2025-02,South Yorkshire Police,South Yorkshire Police,-1.165413,53.500594,On or near Austen Avenue,E01007497,Doncaster 029B,Violence and sexual offences,Unable to prosecute suspect,
ab6a1f821541483afd59e260763bdae21cddb7796d026639809a328a7bf7322b,2025-02,South Yorkshire Police,South Yorkshire Police,-1.166871,53.503885,On or near Kenilworth Road,E01007497,Doncaster 029B,Violence and sexual offences,Investigation complete; no suspect identified,
9c3aec0de92cac9fa9130029295114776dda187e3ce00695e7c33d91176063e3,2025-02,South Yorkshire Police,South Yorkshire Police,-1.168427,53.502944,On or near Douglas Road,E01007497,Doncaster 029B,Violence and sexual offences,Unable to prosecute suspect,
bb345c317d52e4d73c08b44f0aed00cd0eef05ee548d931ee5af097488636d29,2025-02,South Yorkshire Police,South Yorkshire Police,-1.170602,53.503543,On or near Melrose Close,E01007497,Doncaster 029B,Violence and sexual offences,Unable to prosecute suspect,
5368032ca4119141539b15537ebf72f35c22854ae648efdcbb92d2922b60b236,2025-02,South Yorkshire Police,South Yorkshire Police,-1.170602,53.503543,On or near Melrose Close,E01007497,Doncaster 029B,Violence and sexual offences,Unable to prosecute suspect,
7d851451d7a13af20fd2a0d8e6c6a75d56061c778444083770241d16b9eb1ba2,2025-02,South Yorkshire Police,South Yorkshire Police,-1.166871,53.503885,On or near Kenilworth Road,E01007497,Doncaster 029B,Violence and sexual offences,Unable to prosecute suspect,
1f87bf2f5b1a5da9756a18d328883b5314433bdbed986785036f8ec0c9ea4707,2025-02,South Yorkshire Police,South Yorkshire Police,-1.168961,53.503388,On or near Woodstock Road,E01007497,Doncaster 029B,Other crime,Investigation complete; no suspect identified,
,2025-02,South Yorkshire Police,South Yorkshire Police,-1.158551,53.499198,On or near Westmorland Street,E01007498,Doncaster 029C,Anti-social behaviour,,
,2025-02,South Yorkshire Police,South Yorkshire Police,-1.157310,53.495621,On or near Springwell Lane,E01007498,Doncaster 029C,Anti-social behaviour,,
6bf87d150a00f9544e62159407b4d5bb63575128b1404b05c7253ae982d14559,2025-02,South Yorkshire Police,South Yorkshire Police,-1.158252,53.499843,On or near Green Street,E01007498,Doncaster 029C,Burglary,Investigation complete; no suspect identified,
b60e8cee2df20b4b0b06391f97350ed24eb7082652ea36a5ce8cba18848d92b8,2025-02,South Yorkshire Police,South Yorkshire Police,-1.158551,53.499198,On or near Westmorland Street,E01007498,Doncaster 029C,Burglary,Investigation complete; no suspect identified,
6f4ffbceedde573015db1ca27b718befd0b6e49be2d0b7c8929cf06cf0db7c5f,2025-02,South Yorkshire Police,South Yorkshire Police,-1.158252,53.499843,On or near Green Street,E01007498,Doncaster 029C,Criminal damage and arson,Unable to prosecute suspect,
5252c7e6377b60d666bc796dae815405d0a46f8cfdb127eb230c77dd6ae7564e,2025-02,South Yorkshire Police,South Yorkshire Police,-1.158252,53.499843,On or near Green Street,E01007498,Doncaster 029C,Criminal damage and arson,Investigation complete; no suspect identified,
e4904e608f51049a45a63da198990e4a16b60506455caafb6b0a0651ef9ddd9c,2025-02,South Yorkshire Police,South Yorkshire Police,-1.158252,53.499843,On or near Green Street,E01007498,Doncaster 029C,Criminal damage and arson,Unable to prosecute suspect,
a5376c657a75918495dee16a3436d728b038dc506f486aac4869df58a89c6bbb,2025-02,South Yorkshire Police,South Yorkshire Police,-1.158252,53.499843,On or near Green Street,E01007498,Doncaster 029C,Criminal damage and arson,Unable to prosecute suspect,
2199cae8f6a9565bc497a3e74228b66befb20d6a6624bf026f56212866daf433,2025-02,South Yorkshire Police,South Yorkshire Police,-1.158252,53.499843,On or near Green Street,E01007498,Doncaster 029C,Criminal damage and arson,Investigation complete; no suspect identified,
d981fed89a7d4c370add8433b34fb04f46a7b9b99e51f4c1ec9895dcdcaed302,2025-02,South Yorkshire Police,South Yorkshire Police,-1.158252,53.499843,On or near Green Street,E01007498,Doncaster 029C,Other theft,Unable to prosecute suspect,
f0998e936221411714eee5dbcbc6f817305bda1c19fdb9297cf2270d205f6c4c,2025-02,South Yorkshire Police,South Yorkshire Police,-1.151278,53.501034,On or near Byron Avenue,E01007498,Doncaster 029C,Public order,Investigation complete; no suspect identified,
eb879a8ab6563e14e3011bdf2323fc48e257790513175f9ad7ff92f70adbb16b,2025-02,South Yorkshire Police,South Yorkshire Police,-1.151278,53.501034,On or near Byron Avenue,E01007498,Doncaster 029C,Shoplifting,Awaiting court outcome,
507d6d6a9aa9f62504368b02ad6b79bc2017a7739dfb240dd025b5072f59bd31,2025-02,South Yorkshire Police,South Yorkshire Police,-1.155065,53.494050,On or near Madingley Close,E01007498,Doncaster 029C,Shoplifting,Investigation complete; no suspect identified,
159cb32cdb859eeebf1916b6c2048eb0f33b2c72dbb5c874b0e5ab2cee0f062d,2025-02,South Yorkshire Police,South Yorkshire Police,-1.151278,53.501034,On or near Byron Avenue,E01007498,Doncaster 029C,Shoplifting,Investigation complete; no suspect identified,
721ba16b00ee1f3972f8b5e6eb8de941ad6d6e9a4b8b2ec195a4f15b4409e93e,2025-02,South Yorkshire Police,South Yorkshire Police,-1.151278,53.501034,On or near Byron Avenue,E01007498,Doncaster 029C,Shoplifting,Awaiting court outcome,
0cf4131ce1fd125a285bbcd64ac45c71c35af98f1ad5a34d6b54f23f49e1e672,2025-02,South Yorkshire Police,South Yorkshire Police,-1.151278,53.501034,On or near Byron Avenue,E01007498,Doncaster 029C,Shoplifting,Investigation complete; no suspect identified,
a5a5aa2847dd9e806c88f3d18b9bfa56d7f4b157719334ad6407f8666c5ec8f1,2025-02,South Yorkshire Police,South Yorkshire Police,-1.151278,53.501034,On or near Byron Avenue,E01007498,Doncaster 029C,Shoplifting,Investigation complete; no suspect identified,
d4486d92b5f61564a4662889b09f0d21984433fb26a0513046daf1a8eb3de773,2025-02,South Yorkshire Police,South Yorkshire Police,-1.151278,53.501034,On or near Byron Avenue,E01007498,Doncaster 029C,Shoplifting,Investigation complete; no suspect identified,
5149d056c8ddb192b5acd1b5a97a154e475d09bf42a5deabac1b6df8486ca906,2025-02,South Yorkshire Police,South Yorkshire Police,-1.151278,53.501034,On or near Byron Avenue,E01007498,Doncaster 029C,Shoplifting,Investigation complete; no suspect identified,
918244512b2090660202e246e210410c6c1843794a8b9e85895f2331cf645a73,2025-02,South Yorkshire Police,South Yorkshire Police,-1.151278,53.501034,On or near Byron Avenue,E01007498,Doncaster 029C,Shoplifting,Investigation complete; no suspect identified,
98888328a24805d59a8e3fd4c9a50ea3c22ee4cf542fe3b6aff4855abe4a1fa0,2025-02,South Yorkshire Police,South Yorkshire Police,-1.158551,53.499198,On or near Westmorland Street,E01007498,Doncaster 029C,Vehicle crime,Investigation complete; no suspect identified,
73fe2c756a8215dba957a15ab5efde1c3fb75190347469233499fc7d6e3432c2,2025-02,South Yorkshire Police,South Yorkshire Police,-1.157240,53.500681,On or near Samuel Street,E01007498,Doncaster 029C,Violence and sexual offences,Unable to prosecute suspect,
d638c7f3a76ce8f0b5eb55d2cc0b9d318844a041b68ca596eacc9581a56f4b78,2025-02,South Yorkshire Police,South Yorkshire Police,-1.157240,53.500681,On or near Samuel Street,E01007498,Doncaster 029C,Violence and sexual offences,Status update unavailable,
e4b67c03c5a4436a098cee7b0439d6bb6f28027b402240e7424e0339100a3550,2025-02,South Yorkshire Police,South Yorkshire Police,-1.158252,53.499843,On or near Green Street,E01007498,Doncaster 029C,Violence and sexual offences,Unable to prosecute suspect,
2faa5512581a7a03bd03029367238c839478c9368d16dcd798c4b33cd0545915,2025-02,South Yorkshire Police,South Yorkshire Police,-1.157240,53.500681,On or near Samuel Street,E01007498,Doncaster 029C,Violence and sexual offences,Status update unavailable,
d0e0b2c9d0dd47e4a913fcaefb1fdcecd1319d86bd5874d144b672a9a342ccf1,2025-02,South Yorkshire Police,South Yorkshire Police,-1.158252,53.499843,On or near Green Street,E01007498,Doncaster 029C,Violence and sexual offences,Status update unavailable,
,2025-02,South Yorkshire Police,South Yorkshire Police,-1.160489,53.498025,On or near Westbourne Gardens,E01007499,Doncaster 029D,Anti-social behaviour,,
,2025-02,South Yorkshire Police,South Yorkshire Police,-1.162218,53.499772,On or near Mallard Close,E01007499,Doncaster 029D,Anti-social behaviour,,
857046ad3746745a83f40aa47d686534264815bf9396031d0234571e786c1b42,2025-02,South Yorkshire Police,South Yorkshire Police,-1.160489,53.498025,On or near Westbourne Gardens,E01007499,Doncaster 029D,Burglary,Investigation complete; no suspect identified,
1bc55daa54dd830d24a70862155ca9b29ab1b2ec29d080ee33cc0c32474b11c1,2025-02,South Yorkshire Police,South Yorkshire Police,-1.160418,53.501593,On or near Warde Avenue,E01007499,Doncaster 029D,Criminal damage and arson,Unable to prosecute suspect,
8b68d65bce85ae960a80d0edd6c311ea222dd0d3bafa56f6e84b4f1cecbbbff1,2025-02,South Yorkshire Police,South Yorkshire Police,-1.160489,53.498025,On or near Westbourne Gardens,E01007499,Doncaster 029D,Drugs,Unable to prosecute suspect,
99b5a1f683c827313d055b7e8b17b3ce18052339f1f08f90a4e08780b4eaf4cd,2025-02,South Yorkshire Police,South Yorkshire Police,-1.159406,53.497128,On or near Walpole Close,E01007499,Doncaster 029D,Drugs,Investigation complete; no suspect identified,
ad3132eedd33884d622b3c15201fa66755e80e64fbcc1be2b60ab45e76f2f8e5,2025-02,South Yorkshire Police,South Yorkshire Police,-1.159406,53.497128,On or near Walpole Close,E01007499,Doncaster 029D,Other theft,Investigation complete; no suspect identified,
13b8e81029bba3f17c254d294621cc9ff2740937047824d46059ad83edad9373,2025-02,South Yorkshire Police,South Yorkshire Police,-1.160418,53.501593,On or near Warde Avenue,E01007499,Doncaster 029D,Public order,Investigation complete; no suspect identified,
74f0657367476a0302450100a4e3ba4f466fb823a16ce7de40f3319d3106eecf,2025-02,South Yorkshire Police,South Yorkshire Police,-1.159406,53.497128,On or near Walpole Close,E01007499,Doncaster 029D,Public order,Awaiting court outcome,
e60621d437b66ee1aac83f42c85fbdbf1355085d624c266b4a0f4fef7928ed0a,2025-02,South Yorkshire Police,South Yorkshire Police,-1.160418,53.501593,On or near Warde Avenue,E01007499,Doncaster 029D,Vehicle crime,Investigation complete; no suspect identified,
535503959afa66dbe3fa5fb4b580db12eee066adcddabc109870b23b35a5c64d,2025-02,South Yorkshire Police,South Yorkshire Police,-1.163850,53.501105,On or near Riley Avenue,E01007499,Doncaster 029D,Vehicle crime,Investigation complete; no suspect identified,
23b88a56aa36a695e855b5555bca6258d9fdcbeb9b8696a87157c5778b465748,2025-02,South Yorkshire Police,South Yorkshire Police,-1.159406,53.497128,On or near Walpole Close,E01007499,Doncaster 029D,Vehicle crime,Investigation complete; no suspect identified,
629248fc15bf9bcddf3b45a5f9e939d7ffc24a8b93ab875cfba13162f8ecb925,2025-02,South Yorkshire Police,South Yorkshire Police,-1.162218,53.499772,On or near Mallard Close,E01007499,Doncaster 029D,Violence and sexual offences,Unable to prosecute suspect,
3956fb43ad88e78d183d7c44c4bed2bca3057b10ecaa45b37a4b0df227662860,2025-02,South Yorkshire Police,South Yorkshire Police,-1.162218,53.499772,On or near Mallard Close,E01007499,Doncaster 029D,Violence and sexual offences,Unable to prosecute suspect,
a6c6bb185afb6f816fd341667bf6b37ae39db19b06b698cfc48669aeaa151b50,2025-02,South Yorkshire Police,South Yorkshire Police,-1.164228,53.499490,On or near Cedar Road,E01007499,Doncaster 029D,Violence and sexual offences,Unable to prosecute suspect,
796bff6d956e4908f28e9d5fd4e9db42b4d8725d7b54438cf99faf4531bb6c11,2025-02,South Yorkshire Police,South Yorkshire Police,-1.160489,53.498025,On or near Westbourne Gardens,E01007499,Doncaster 029D,Violence and sexual offences,Unable to prosecute suspect,
efd92dfc53e049ae47c0357e5c73d5dce2016ddc6c98b24fa3f9ced7aac06f11,2025-02,South Yorkshire Police,South Yorkshire Police,-1.159406,53.497128,On or near Walpole Close,E01007499,Doncaster 029D,Violence and sexual offences,Unable to prosecute suspect,
90f1065214235f2f2f410c6c3d048c7303018a22305bed72dc5caca8abbd1acc,2025-02,South Yorkshire Police,South Yorkshire Police,-1.159406,53.497128,On or near Walpole Close,E01007499,Doncaster 029D,Violence and sexual offences,Unable to prosecute suspect,
fac100b2056b4511cc84eea5aba61446d14918ca8d28d0dc3c80b5b2fb9915b3,2025-02,South Yorkshire Police,South Yorkshire Police,-1.164228,53.499490,On or near Cedar Road,E01007499,Doncaster 029D,Violence and sexual offences,Unable to prosecute suspect,
2427bc68f07b5074a280e138bef3ea0a285360454b4af9c53b7ed6e0ff381562,2025-02,South Yorkshire Police,South Yorkshire Police,-1.159406,53.497128,On or near Walpole Close,E01007499,Doncaster 029D,Violence and sexual offences,Awaiting court outcome,
59e08c995122e8b287e2de5350de79eccccbf2bffd9970a584d48b738c961107,2025-02,South Yorkshire Police,South Yorkshire Police,-1.159406,53.497128,On or near Walpole Close,E01007499,Doncaster 029D,Violence and sexual offences,Unable to prosecute suspect,
b39ac504d0faf6705874719ad4ef46792e9a01b79f3f317ca92959257c7a7548,2025-02,South Yorkshire Police,South Yorkshire Police,-1.162218,53.499772,On or near Mallard Close,E01007499,Doncaster 029D,Violence and sexual offences,Unable to prosecute suspect,
b84c3dc883be3a472e7942bc5889997180d61c1c0dae471eec8c35fd639bc503,2025-02,South Yorkshire Police,South Yorkshire Police,-1.159406,53.497128,On or near Walpole Close,E01007499,Doncaster 029D,Violence and sexual offences,Unable to prosecute suspect,
0861efc8596a59a0c4a152a9efff3df56d9643d8e9aa062be58e0c674e474f57,2025-02,South Yorkshire Police,South Yorkshire Police,-1.162218,53.499772,On or near Mallard Close,E01007499,Doncaster 029D,Violence and sexual offences,Unable to prosecute suspect,
,2025-02,South Yorkshire Police,South Yorkshire Police,-1.164477,53.496031,On or near The Spinney,E01007501,Doncaster 029E,Anti-social behaviour,,
,2025-02,South Yorkshire Police,South Yorkshire Police,-1.171456,53.499908,On or near Petrol Station,E01007501,Doncaster 029E,Anti-social behaviour,,
,2025-02,South Yorkshire Police,South Yorkshire Police,-1.164477,53.496031,On or near The Spinney,E01007501,Doncaster 029E,Anti-social behaviour,,
4232f344f69bef4aaaba1190acb5348581b7d81dc750f878d038128940552bbb,2025-02,South Yorkshire Police,South Yorkshire Police,-1.167352,53.500123,On or near Cambria Drive,E01007501,Doncaster 029E,Criminal damage and arson,Unable to prosecute suspect,
f753e0f22d540fd2e4c6f78e80da5acc93cab547425d0b01ac0a0256a7b31f07,2025-02,South Yorkshire Police,South Yorkshire Police,-1.162369,53.495153,On or near Pearwood Crescent,E01007501,Doncaster 029E,Criminal damage and arson,Investigation complete; no suspect identified,
2a9ab6f6b060c605bc91de60370dddf3c105030b5d2fbc6930db526803a1f889,2025-02,South Yorkshire Police,South Yorkshire Police,-1.171456,53.499908,On or near Petrol Station,E01007501,Doncaster 029E,Drugs,Status update unavailable,
6a2407774c547f2280e21a0f657a715b9572f657166c517d1c1dfc74f34d9f62,2025-02,South Yorkshire Police,South Yorkshire Police,-1.171456,53.499908,On or near Petrol Station,E01007501,Doncaster 029E,Other theft,Investigation complete; no suspect identified,
9eafd25feca57eb9bc65d62aa872012e75e674cb4e1f4b31ec090131bfe25128,2025-02,South Yorkshire Police,South Yorkshire Police,-1.171456,53.499908,On or near Petrol Station,E01007501,Doncaster 029E,Other theft,Investigation complete; no suspect identified,
b475e14564aefbadbc432975788c3509bd6869bd74ab059ac039bde8103bed12,2025-02,South Yorkshire Police,South Yorkshire Police,-1.171456,53.499908,On or near Petrol Station,E01007501,Doncaster 029E,Shoplifting,Awaiting court outcome,
d09f841b28477cceabf21202521b9e3ddd217d1dc75b47180901a4e4dffa6dc9,2025-02,South Yorkshire Police,South Yorkshire Police,-1.171456,53.499908,On or near Petrol Station,E01007501,Doncaster 029E,Shoplifting,Investigation complete; no suspect identified,
572b81f5634595b5e17ec86959e4085fb9ef29a2f2cf1328c4d5b1b16057fcd1,2025-02,South Yorkshire Police,South Yorkshire Police,-1.171456,53.499908,On or near Petrol Station,E01007501,Doncaster 029E,Shoplifting,Investigation complete; no suspect identified,
494c810793698054fee0c77c12ad4fda9f677071df809e42cf7ebb6770958c55,2025-02,South Yorkshire Police,South Yorkshire Police,-1.162369,53.495153,On or near Pearwood Crescent,E01007501,Doncaster 029E,Vehicle crime,Investigation complete; no suspect identified,
4149088a836f52a79f3292a19585d4fe317821c5e5501cb005fe655579dcc7f0,2025-02,South Yorkshire Police,South Yorkshire Police,-1.169178,53.497708,On or near Cedar Close,E01007501,Doncaster 029E,Violence and sexual offences,Investigation complete; no suspect identified,
,2025-02,South Yorkshire Police,South Yorkshire Police,-1.156173,53.490660,On or near Rydal Court,E01007503,Doncaster 029F,Anti-social behaviour,,
,2025-02,South Yorkshire Police,South Yorkshire Police,-1.156881,53.493694,On or near Harewood Close,E01007503,Doncaster 029F,Anti-social behaviour,,
14269f15c908102c1b732b4c3dae0944139a9ebade7f92da3a04759a9942fb8f,2025-02,South Yorkshire Police,South Yorkshire Police,-1.151265,53.492648,On or near Ormsby Close,E01007503,Doncaster 029F,Burglary,Investigation complete; no suspect identified,
1abdfac38a9f63d56e6a64e3231180c6d60200c03b1dbe0ce2f1c77fc8bea493,2025-02,South Yorkshire Police,South Yorkshire Police,-1.156173,53.490660,On or near Rydal Court,E01007503,Doncaster 029F,Public order,Unable to prosecute suspect,
42ecd85e0c864c114da310900b2a75aea446ecae8ea15dbc556eee66222b7bef,2025-02,South Yorkshire Police,South Yorkshire Police,-1.155317,53.491238,On or near Springwell Lane,E01007503,Doncaster 029F,Vehicle crime,Investigation complete; no suspect identified,
d8d6ac3cc0c8ce1528ca1c9644d45b7dfcf9e9bff35f5e647e6e63a6a6f3b472,2025-02,South Yorkshire Police,South Yorkshire Police,-1.274541,53.500021,On or near Derwent Drive,E01007575,Doncaster 030A,Burglary,Awaiting court outcome,
6a6d4dc9e5a488311167ec330411e1a07b784aa69d5ffed1c7023ff0f4722399,2025-02,South Yorkshire Police,South Yorkshire Police,-1.271998,53.501516,On or near Hawes Close,E01007575,Doncaster 030A,Other theft,Investigation complete; no suspect identified,
2006ec87946c017e95c732622df9021f58df2b4fbde4ad895f2cbfe687c84c41,2025-02,South Yorkshire Police,South Yorkshire Police,-1.276820,53.498983,On or near Chaucer Road,E01007575,Doncaster 030A,Public order,Unable to prosecute suspect,
78d4c2c9b8d688ef37c35fd8cbb025e037c5bfdc903a7caf2738db13fa621883,2025-02,South Yorkshire Police,South Yorkshire Police,-1.271474,53.500416,On or near Windhill Crescent,E01007575,Doncaster 030A,Vehicle crime,Investigation complete; no suspect identified,
07bd4092dfc54195e6b8905ec69a7f041671f26393b43f0ef87b35451c2ff599,2025-02,South Yorkshire Police,South Yorkshire Police,-1.272197,53.497804,On or near Windhill Avenue,E01007575,Doncaster 030A,Violence and sexual offences,Investigation complete; no suspect identified,
,2025-02,South Yorkshire Police,South Yorkshire Police,-1.279259,53.492939,On or near Quarry Street,E01007578,Doncaster 030B,Anti-social behaviour,,
,2025-02,South Yorkshire Police,South Yorkshire Police,-1.276576,53.492024,On or near Ferry Boat Lane,E01007578,Doncaster 030B,Anti-social behaviour,,
,2025-02,South Yorkshire Police,South Yorkshire Police,-1.276104,53.494089,On or near Cross Gate,E01007578,Doncaster 030B,Anti-social behaviour,,
,2025-02,South Yorkshire Police,South Yorkshire Police,-1.286227,53.492703,On or near Parking Area,E01007578,Doncaster 030B,Anti-social behaviour,,
,2025-02,South Yorkshire Police,South Yorkshire Police,-1.286227,53.492703,On or near Parking Area,E01007578,Doncaster 030B,Anti-social behaviour,,
,2025-02,South Yorkshire Police,South Yorkshire Police,-1.286227,53.492703,On or near Parking Area,E01007578,Doncaster 030B,Anti-social behaviour,,
86c8e1063e2b44b8599ab2f99c98b280d4d998934849d54f1ab91b199589ee0c,2025-02,South Yorkshire Police,South Yorkshire Police,-1.281576,53.493151,On or near Pinfold Lands,E01007578,Doncaster 030B,Criminal damage and arson,Investigation complete; no suspect identified,
e271f40f710ef364c10578e7f2ee609fe3235055b2c7115058a7365d88a59387,2025-02,South Yorkshire Police,South Yorkshire Police,-1.291758,53.492718,On or near Cliff Street,E01007578,Doncaster 030B,Criminal damage and arson,Investigation complete; no suspect identified,
8bbcc0dddd8cecfd6dcc40d8ec74e36c350a9dda088528cf7428795d96f6f321,2025-02,South Yorkshire Police,South Yorkshire Police,-1.279259,53.492939,On or near Quarry Street,E01007578,Doncaster 030B,Other theft,Investigation complete; no suspect identified,
9a3e96d03207b135522ecb34cfe800b1c07240afe153d1420bdfadd09e898634,2025-02,South Yorkshire Police,South Yorkshire Police,-1.286227,53.492703,On or near Parking Area,E01007578,Doncaster 030B,Other theft,Investigation complete; no suspect identified,
c50f35216eafd09250ccb0df10ffb464d0e696b07f748f5d9ee09619bf18c49d,2025-02,South Yorkshire Police,South Yorkshire Police,-1.286227,53.492703,On or near Parking Area,E01007578,Doncaster 030B,Public order,Investigation complete; no suspect identified,
fdb68f026d1dbc04a904b061b5ac5fa8a3e0e4b6d755debd110656cf9a9d56e1,2025-02,South Yorkshire Police,South Yorkshire Police,-1.284247,53.492115,On or near Market Street,E01007578,Doncaster 030B,Public order,Investigation complete; no suspect identified,
a460f457a8a21326975fedba5e8f33203c5641be1740d8c6a735ce6dd3b34378,2025-02,South Yorkshire Police,South Yorkshire Police,-1.281464,53.495322,On or near Supermarket,E01007578,Doncaster 030B,Public order,Investigation complete; no suspect identified,
1fa07c23bf2554fb0ce383b84077b67d9d5a6c9bce343d7a3bf648a17f4c0626,2025-02,South Yorkshire Police,South Yorkshire Police,-1.279357,53.494270,On or near Parking Area,E01007578,Doncaster 030B,Public order,Unable to prosecute suspect,
178632d275a2a5645ef0440a341ce44f9b8ba1c2cad1e968e4f392db673fdbac,2025-02,South Yorkshire Police,South Yorkshire Police,-1.288977,53.492279,On or near Theme/Adventure Park,E01007578,Doncaster 030B,Shoplifting,Awaiting court outcome,
8ffe58139db44022b917a8dda0b36fbd09f9941b0d064cf72d13b86275e34466,2025-02,South Yorkshire Police,South Yorkshire Police,-1.281464,53.495322,On or near Supermarket,E01007578,Doncaster 030B,Shoplifting,Awaiting court outcome,
9529b38cc75c0aade15560a6295b6093d1d9f7bed864133a0007ad345d4887ea,2025-02,South Yorkshire Police,South Yorkshire Police,-1.288977,53.492279,On or near Theme/Adventure Park,E01007578,Doncaster 030B,Shoplifting,Awaiting court outcome,
2eae0ac0c8c133f11f1381bebd4203729a8b54bbda0fde83267648248244eb4d,2025-02,South Yorkshire Police,South Yorkshire Police,-1.273633,53.497544,On or near Hirst Gate,E01007578,Doncaster 030B,Violence and sexual offences,Local resolution,
6439c6f5bd32d2d3a67e0b7f48c541c970d763cb551bdd6f8f3ce8c6bf3fcc6f,2025-02,South Yorkshire Police,South Yorkshire Police,-1.279259,53.492939,On or near Quarry Street,E01007578,Doncaster 030B,Violence and sexual offences,Local resolution,
82b35cd0bf1720063049896bf17de29bb36adbffe72758065e5063850254f840,2025-02,South Yorkshire Police,South Yorkshire Police,-1.274821,53.497113,On or near Sports/Recreation Area,E01007578,Doncaster 030B,Violence and sexual offences,Unable to prosecute suspect,
cd670e4dbceec5757f285ff3872d07d21dc97abd3f66149b6e2fcc0f66c40063,2025-02,South Yorkshire Police,South Yorkshire Police,-1.276831,53.498309,On or near Morton Road,E01007578,Doncaster 030B,Violence and sexual offences,Unable to prosecute suspect,
,2025-02,South Yorkshire Police,South Yorkshire Police,-1.273500,53.492986,On or near Benita Avenue,E01007579,Doncaster 030C,Anti-social behaviour,,
,2025-02,South Yorkshire Police,South Yorkshire Police,-1.274600,53.493010,On or near Woodland View,E01007579,Doncaster 030C,Anti-social behaviour,,
,2025-02,South Yorkshire Police,South Yorkshire Police,-1.271982,53.494486,On or near Makin Street,E01007579,Doncaster 030C,Anti-social behaviour,,
,2025-02,South Yorkshire Police,South Yorkshire Police,-1.268297,53.495758,On or near Pastures Mews,E01007579,Doncaster 030C,Anti-social behaviour,,
,2025-02,South Yorkshire Police,South Yorkshire Police,-1.269723,53.495273,On or near Clayfield Road,E01007579,Doncaster 030C,Anti-social behaviour,,
,2025-02,South Yorkshire Police,South Yorkshire Police,-1.273500,53.492986,On or near Benita Avenue,E01007579,Doncaster 030C,Anti-social behaviour,,
,2025-02,South Yorkshire Police,South Yorkshire Police,-1.275429,53.493015,On or near Melton Street,E01007579,Doncaster 030C,Anti-social behaviour,,
d75dec314f585a2e912b4a462904f7599f53e3d2aad91393cc8f1926dfec9dd7,2025-02,South Yorkshire Police,South Yorkshire Police,-1.261764,53.496976,On or near Kingfisher Drive,E01007579,Doncaster 030C,Burglary,Investigation complete; no suspect identified,
c40d9598b058e63b6651d575a2c3cefd900eaf8daf83c6ddd37589e44429ba7f,2025-02,South Yorkshire Police,South Yorkshire Police,-1.274600,53.493010,On or near Woodland View,E01007579,Doncaster 030C,Robbery,Status update unavailable,
2bb0a7b6b0624d8693e230f4104c508d9eb8737cf8582d951d51479c4e2f167e,2025-02,South Yorkshire Police,South Yorkshire Police,-1.258141,53.499030,On or near Sports/Recreation Area,E01007579,Doncaster 030C,Vehicle crime,Investigation complete; no suspect identified,
f3e08ae07a87e34849679ac1385066cc24fa9c75262d5c922fb9d676f706c03a,2025-02,South Yorkshire Police,South Yorkshire Police,-1.268498,53.495481,On or near James Street,E01007579,Doncaster 030C,Violence and sexual offences,Unable to prosecute suspect,
f982a4963c8ece6055a3c81fc2a83dc42587cd927d6f869bcab5b585ab4452b5,2025-02,South Yorkshire Police,South Yorkshire Police,-1.268297,53.495758,On or near Pastures Mews,E01007579,Doncaster 030C,Violence and sexual offences,Unable to prosecute suspect,
dfdbdf67e63a9dd842e5c314336e4dc1356c0149a0e48024eca6d4feee7823e0,2025-02,South Yorkshire Police,South Yorkshire Police,-1.274890,53.495448,On or near North Gate,E01007579,Doncaster 030C,Violence and sexual offences,Unable to prosecute suspect,
a57c856c3931313e13b3b402c2b0bbdae2ef77f941dbf6b057c54ab35f0f04ec,2025-02,South Yorkshire Police,South Yorkshire Police,-1.274890,53.495448,On or near North Gate,E01007579,Doncaster 030C,Violence and sexual offences,Unable to prosecute suspect,
2ac2b210ab2084a234d0f284edfd5796ce8cf4a26a17f66fdda0d8895760c99a,2025-02,South Yorkshire Police,South Yorkshire Police,-1.274939,53.492554,On or near Church Street,E01007579,Doncaster 030C,Other crime,Unable to prosecute suspect,
,2025-02,South Yorkshire Police,South Yorkshire Police,-1.269867,53.501817,On or near Coinston Court,E01007580,Doncaster 030D,Anti-social behaviour,,
0a1b7ea3afe5ac7bd9396d7b8f553df5523243a10fac5749b28ef45ccec55e5e,2025-02,South Yorkshire Police,South Yorkshire Police,-1.269867,53.501817,On or near Coinston Court,E01007580,Doncaster 030D,Other theft,Unable to prosecute suspect,
97ea1df8ec01d1ab53935d34e05d6a2fef9b3659b2730455286efa8423b26788,2025-02,South Yorkshire Police,South Yorkshire Police,-1.269867,53.501817,On or near Coinston Court,E01007580,Doncaster 030D,Robbery,Investigation complete; no suspect identified,
bdfbd351ee83024a7e2b354cdba4d9c988340cba743277d4686f46830fd50432,2025-02,South Yorkshire Police,South Yorkshire Police,-1.267670,53.499817,On or near Haddon Rise,E01007580,Doncaster 030D,Violence and sexual offences,Investigation complete; no suspect identified,
970621c2878f88016e31fb74ee3385127689bf7367a08a9ac80e14a81e03284f,2025-02,South Yorkshire Police,South Yorkshire Police,-1.267670,53.499817,On or near Haddon Rise,E01007580,Doncaster 030D,Violence and sexual offences,Investigation complete; no suspect identified,
21056687a213c78caed2fd119eb01fb2858d702f55c07a5adf780c064d952b8c,2025-02,South Yorkshire Police,South Yorkshire Police,-1.278688,53.500810,On or near Aintree Drive,E01007580,Doncaster 030D,Violence and sexual offences,Unable to prosecute suspect,
d548dc00efd1583116177ae943b26239b554bcfff19cba8a7bd5e5820fbb5838,2025-02,South Yorkshire Police,South Yorkshire Police,-1.278688,53.500810,On or near Aintree Drive,E01007580,Doncaster 030D,Violence and sexual offences,Unable to prosecute suspect,
3600bee923c29949e7c8eb1fb8d651b29740b9d2c69facfa59ca8659472e8c41,2025-02,South Yorkshire Police,South Yorkshire Police,-1.267670,53.499817,On or near Haddon Rise,E01007580,Doncaster 030D,Violence and sexual offences,Unable to prosecute suspect,
6490aca3b62e637ead4b00c747163a530dd8d41817a43647c65c63d74934dacc,2025-02,South Yorkshire Police,South Yorkshire Police,-1.267670,53.499817,On or near Haddon Rise,E01007580,Doncaster 030D,Violence and sexual offences,Local resolution,
7d3b43cbcf59f91322550ab6b4d4112f87921d1761d1199a02b23dc74ea69f14,2025-02,South Yorkshire Police,South Yorkshire Police,-1.264653,53.500778,On or near Mallory Drive,E01007580,Doncaster 030D,Other crime,Status update unavailable,
,2025-02,South Yorkshire Police,South Yorkshire Police,-1.289345,53.495526,On or near Orchard Close,E01007571,Doncaster 031A,Anti-social behaviour,,
,2025-02,South Yorkshire Police,South Yorkshire Police,-1.291755,53.499216,On or near Lynwood Drive,E01007571,Doncaster 031A,Anti-social behaviour,,
2d9e8648084a6ec1713d033cb0447b87295ea8de081055550da03ed42cc54362,2025-02,South Yorkshire Police,South Yorkshire Police,-1.288147,53.494125,On or near Dolcliffe Road,E01007571,Doncaster 031A,Burglary,Investigation complete; no suspect identified,
eeb5fe28391c48b59044027f91fe2b0a94e672da9634ea69f9844dccf4746bc0,2025-02,South Yorkshire Police,South Yorkshire Police,-1.289388,53.497908,On or near Sports/Recreation Area,E01007571,Doncaster 031A,Criminal damage and arson,Investigation complete; no suspect identified,
821e3b9814f3a196e2e59a8c7829480cae32a079a38ac408ca12784bc7f60b20,2025-02,South Yorkshire Police,South Yorkshire Police,-1.285427,53.498109,On or near Victoria Road,E01007571,Doncaster 031A,Criminal damage and arson,Unable to prosecute suspect,
88d44152c402ad47048d71799a294af3782d6318e219845f24f49ff2d4c15318,2025-02,South Yorkshire Police,South Yorkshire Police,-1.290937,53.493171,On or near Parking Area,E01007571,Doncaster 031A,Criminal damage and arson,Unable to prosecute suspect,
866bf9c49923905ea6ae7b3f792f3e425547aa5e3d50679f1c26ed235ed505fb,2025-02,South Yorkshire Police,South Yorkshire Police,-1.290937,53.493171,On or near Parking Area,E01007571,Doncaster 031A,Shoplifting,Awaiting court outcome,
2d512b6765babc84783e6d950834238950010f28e0f38668915760e2bc663a45,2025-02,South Yorkshire Police,South Yorkshire Police,-1.287229,53.495837,On or near Kelvin Street,E01007571,Doncaster 031A,Vehicle crime,Investigation complete; no suspect identified,
a7603b0711b96ae471ccda8aeb91ed4e2ffdd31dbc87afd14a6e7c1d7a628736,2025-02,South Yorkshire Police,South Yorkshire Police,-1.286353,53.496856,On or near Wellington Street,E01007571,Doncaster 031A,Vehicle crime,Investigation complete; no suspect identified,
584a54d3b5128b9c7583333cf8da87f407e35cb8cecd2740a92782a9378a422d,2025-02,South Yorkshire Police,South Yorkshire Police,-1.285427,53.498109,On or near Victoria Road,E01007571,Doncaster 031A,Violence and sexual offences,Unable to prosecute suspect,
a552b1daa4dd98be42b4701f06fd1ee1e27f1055882785cb95cb165a2318ce7e,2025-02,South Yorkshire Police,South Yorkshire Police,-1.285427,53.498109,On or near Victoria Road,E01007571,Doncaster 031A,Violence and sexual offences,Unable to prosecute suspect,
806261fb8f6ce25eae5662a28c97f7b0ed316f1783fd0977cde7ec05f87cb827,2025-02,South Yorkshire Police,South Yorkshire Police,-1.285427,53.498109,On or near Victoria Road,E01007571,Doncaster 031A,Violence and sexual offences,Unable to prosecute suspect,
e3767b9080afcb41b4cb8babbab436791b62cd12534dba3e84e2995bcabdf9df,2025-02,South Yorkshire Police,South Yorkshire Police,-1.285427,53.498109,On or near Victoria Road,E01007571,Doncaster 031A,Violence and sexual offences,Unable to prosecute suspect,
761d6d865744f333e31526a4a2ca94ba9271aa1bd4a0fd8609e440b5fd7a8284,2025-02,South Yorkshire Police,South Yorkshire Police,-1.285427,53.498109,On or near Victoria Road,E01007571,Doncaster 031A,Violence and sexual offences,Unable to prosecute suspect,
0a20599fb398d4a52d304a514a647c267cc7db05c07a894e3ab0536fdb2f9a0e,2025-02,South Yorkshire Police,South Yorkshire Police,-1.285427,53.498109,On or near Victoria Road,E01007571,Doncaster 031A,Violence and sexual offences,Unable to prosecute suspect,
09e5a4459909e80e11e4193793ad68e18ea5b583449fc516e3f6a9b5a3052ce1,2025-02,South Yorkshire Police,South Yorkshire Police,-1.286197,53.494437,On or near Cromwell Road,E01007571,Doncaster 031A,Violence and sexual offences,Unable to prosecute suspect,
8bbba1dd87a115168760b85c8d83f73ebd3d40821ff84fe62c05125c9e19bde7,2025-02,South Yorkshire Police,South Yorkshire Police,-1.285427,53.498109,On or near Victoria Road,E01007571,Doncaster 031A,Violence and sexual offences,Unable to prosecute suspect,
27b9fa9aa7dd1ac4e9c1a60b6bf6725aab89708f4a5652796e2f017bce510272,2025-02,South Yorkshire Police,South Yorkshire Police,-1.285427,53.498109,On or near Victoria Road,E01007571,Doncaster 031A,Violence and sexual offences,Unable to prosecute suspect,
899059ea96c0fe9838fb6442bd59a350faa67dc9bd9e5784464b6b65bbc28d63,2025-02,South Yorkshire Police,South Yorkshire Police,-1.285427,53.498109,On or near Victoria Road,E01007571,Doncaster 031A,Violence and sexual offences,Unable to prosecute suspect,
ba037ad470e3a961653f898a024818790ba4be7996609a4d6be0e8523a355657,2025-02,South Yorkshire Police,South Yorkshire Police,-1.285427,53.498109,On or near Victoria Road,E01007571,Doncaster 031A,Violence and sexual offences,Unable to prosecute suspect,
4d783c8a16b38812066a317288ccd74af4c114e7ee29e162344cf94d3b81dc12,2025-02,South Yorkshire Police,South Yorkshire Police,-1.285427,53.498109,On or near Victoria Road,E01007571,Doncaster 031A,Violence and sexual offences,Unable to prosecute suspect,
212495110f072e233299db69e5c07dfc592f5f7b2abe7d2eb9748d59315a674c,2025-02,South Yorkshire Police,South Yorkshire Police,-1.291755,53.499216,On or near Lynwood Drive,E01007571,Doncaster 031A,Violence and sexual offences,Unable to prosecute suspect,
49507af3ab459d47072de82fdd0dccec0710174eae4b7a60468a3101c5a3aef4,2025-02,South Yorkshire Police,South Yorkshire Police,-1.280207,53.500136,On or near Bronte Grove,E01007572,Doncaster 031B,Burglary,Investigation complete; no suspect identified,
289beb2a77749b245d37bda6db6ad96789c6d7911cc3826bef0a3e8b45eec21f,2025-02,South Yorkshire Police,South Yorkshire Police,-1.283952,53.498882,On or near Adwick Road,E01007572,Doncaster 031B,Vehicle crime,Investigation complete; no suspect identified,
7a765bd7cc80f165c66d74efcb7da91404880060485a117a808e6b826128373f,2025-02,South Yorkshire Police,South Yorkshire Police,-1.279085,53.503185,On or near Wincanton Close,E01007572,Doncaster 031B,Violence and sexual offences,Unable to prosecute suspect,
,2025-02,South Yorkshire Police,South Yorkshire Police,-1.298115,53.499335,On or near Poplar Close,E01007573,Doncaster 031C,Anti-social behaviour,,
,2025-02,South Yorkshire Police,South Yorkshire Police,-1.298775,53.496425,On or near Sports/Recreation Area,E01007573,Doncaster 031C,Anti-social behaviour,,
350239bdc7af83e950e59bff248b5c206a2a7cc3a49821c42c5d9d468c195af2,2025-02,South Yorkshire Police,South Yorkshire Police,-1.296305,53.501194,On or near Chestnut Grove,E01007573,Doncaster 031C,Drugs,Unable to prosecute suspect,
03c3bc73aa04961eb0bb2617186b67139d9e60f8f73ce0f3e8f25567b87487ae,2025-02,South Yorkshire Police,South Yorkshire Police,-1.294691,53.501283,On or near Kestrel Drive,E01007573,Doncaster 031C,Public order,Status update unavailable,
dd0507d6366a92e5f2139e48f0e54f3651dcb4d1357ecfc09ac521a9115a49f8,2025-02,South Yorkshire Police,South Yorkshire Police,-1.296305,53.501194,On or near Chestnut Grove,E01007573,Doncaster 031C,Violence and sexual offences,Unable to prosecute suspect,
3821103eeab616b835d2511dbafc033a7bca01f70ef61087c1627c16b58af6d4,2025-02,South Yorkshire Police,South Yorkshire Police,-1.296936,53.499525,On or near Walnut Grove,E01007573,Doncaster 031C,Violence and sexual offences,Unable to prosecute suspect,
5f7e8cfe872315dd31e25c94ba0d92baa8bd7d9372ea27eb14d23fa9d2564c74,2025-02,South Yorkshire Police,South Yorkshire Police,-1.300693,53.498433,On or near Beech Crescent,E01007573,Doncaster 031C,Violence and sexual offences,Unable to prosecute suspect,
5326edac6e0e78274b09eac5d5ffe11f3050b7c6f83b4550e4c536a3304e31a7,2025-02,South Yorkshire Police,South Yorkshire Police,-1.291987,53.501582,On or near Eden Terrace,E01007573,Doncaster 031C,Violence and sexual offences,Unable to prosecute suspect,
79375e63b90c9757f2a32ec150db4b945bd7643e55d3d29832e28190d2776b10,2025-02,South Yorkshire Police,South Yorkshire Police,-1.300693,53.498433,On or near Beech Crescent,E01007573,Doncaster 031C,Violence and sexual offences,Local resolution,
201a44c3ba00dff33c3bb1b6e5e810a9177de8f642e507821fc162aa321c83ab,2025-02,South Yorkshire Police,South Yorkshire Police,-1.300693,53.498433,On or near Beech Crescent,E01007573,Doncaster 031C,Violence and sexual offences,Local resolution,
b405f8d5b287bea66136d4a2518012dd1f3a7ad00f0e3cb48767f0f8007052b6,2025-02,South Yorkshire Police,South Yorkshire Police,-1.291987,53.501582,On or near Eden Terrace,E01007573,Doncaster 031C,Violence and sexual offences,Unable to prosecute suspect,
ec18f1fd038883a8dc149d6d6ff7db22416a37ca781392ad37713685665ab053,2025-02,South Yorkshire Police,South Yorkshire Police,-1.296305,53.501194,On or near Chestnut Grove,E01007573,Doncaster 031C,Violence and sexual offences,Unable to prosecute suspect,
fe7dfbed09b1bf9483e5b5df6b0f8ddaef09667a24a94a847262d7f4ec25a78c,2025-02,South Yorkshire Police,South Yorkshire Police,-1.298115,53.499335,On or near Poplar Close,E01007573,Doncaster 031C,Violence and sexual offences,Unable to prosecute suspect,
fedf22ee904953e72653d940498631db779873bb79c269aa939a33ee03ba8d64,2025-02,South Yorkshire Police,South Yorkshire Police,-1.298102,53.500153,On or near Cedar Avenue,E01007573,Doncaster 031C,Violence and sexual offences,Unable to prosecute suspect,
c6fa753fc20539b8ef85a02aebb24b740705b0b96442ec4e211ce28e625ef113,2025-02,South Yorkshire Police,South Yorkshire Police,-1.291987,53.501582,On or near Eden Terrace,E01007573,Doncaster 031C,Violence and sexual offences,Unable to prosecute suspect,
b7576a01ecbb157f908d30ce599fe6ea9468bfdf3bcbc811228673acc95b30b5,2025-02,South Yorkshire Police,South Yorkshire Police,-1.296290,53.499378,On or near Maple Road,E01007573,Doncaster 031C,Other crime,Unable to prosecute suspect,
,2025-02,South Yorkshire Police,South Yorkshire Police,-1.306904,53.497691,On or near Sports/Recreation Area,E01007574,Doncaster 031D,Anti-social behaviour,,
,2025-02,South Yorkshire Police,South Yorkshire Police,-1.305354,53.497337,On or near Newark Road,E01007574,Doncaster 031D,Anti-social behaviour,,
,2025-02,South Yorkshire Police,South Yorkshire Police,-1.305285,53.498747,On or near Manvers Road,E01007574,Doncaster 031D,Anti-social behaviour,,
,2025-02,South Yorkshire Police,South Yorkshire Police,-1.305354,53.497337,On or near Newark Road,E01007574,Doncaster 031D,Anti-social behaviour,,
,2025-02,South Yorkshire Police,South Yorkshire Police,-1.306904,53.497691,On or near Sports/Recreation Area,E01007574,Doncaster 031D,Anti-social behaviour,,
,2025-02,South Yorkshire Police,South Yorkshire Police,-1.306101,53.496784,On or near Highwoods Crescent,E01007574,Doncaster 031D,Anti-social behaviour,,
,2025-02,South Yorkshire Police,South Yorkshire Police,-1.306904,53.497691,On or near Sports/Recreation Area,E01007574,Doncaster 031D,Anti-social behaviour,,
,2025-02,South Yorkshire Police,South Yorkshire Police,-1.305354,53.497337,On or near Newark Road,E01007574,Doncaster 031D,Anti-social behaviour,,
,2025-02,South Yorkshire Police,South Yorkshire Police,-1.304453,53.498931,On or near Alagu Close,E01007574,Doncaster 031D,Anti-social behaviour,,
,2025-02,South Yorkshire Police,South Yorkshire Police,-1.305354,53.497337,On or near Newark Road,E01007574,Doncaster 031D,Anti-social behaviour,,
,2025-02,South Yorkshire Police,South Yorkshire Police,-1.304453,53.498931,On or near Alagu Close,E01007574,Doncaster 031D,Anti-social behaviour,,
,2025-02,South Yorkshire Police,South Yorkshire Police,-1.306904,53.497691,On or near Sports/Recreation Area,E01007574,Doncaster 031D,Anti-social behaviour,,
f6a36ae954f491b7793dc3c40349311aa378a19edeb282a28a22ec83abb6f4e4,2025-02,South Yorkshire Police,South Yorkshire Police,-1.300532,53.496266,On or near Oak Close,E01007574,Doncaster 031D,Criminal damage and arson,Unable to prosecute suspect,
fc4a28f5aafea3b8a1e1986417fae7a0a54f69609262175d6206d2f63dfea311,2025-02,South Yorkshire Police,South Yorkshire Police,-1.301278,53.495866,On or near Oak Court,E01007574,Doncaster 031D,Drugs,Investigation complete; no suspect identified,
ea883f1d2bdf063a193f551a3384d539a26ae84f603f413ff44caadbf3fe2681,2025-02,South Yorkshire Police,South Yorkshire Police,-1.300532,53.496266,On or near Oak Close,E01007574,Doncaster 031D,Public order,Unable to prosecute suspect,
afc614e7888f6c06da0f94695bda2a2683f6c9bf6463cbe8c16948ae58cd82b7,2025-02,South Yorkshire Police,South Yorkshire Police,-1.302009,53.495384,On or near Spencer Street,E01007574,Doncaster 031D,Public order,Investigation complete; no suspect identified,
f16e088259ada653ed2cfb61b4f5940181ed756bbbb7101378df4670e288068b,2025-02,South Yorkshire Police,South Yorkshire Police,-1.305354,53.497337,On or near Newark Road,E01007574,Doncaster 031D,Public order,Unable to prosecute suspect,
8d888212f277afb4fc737c35b4f1cf3c4a03d5c94f816989941e046bcc7e8c4c,2025-02,South Yorkshire Police,South Yorkshire Police,-1.307652,53.496909,On or near Wath Road,E01007574,Doncaster 031D,Public order,Unable to prosecute suspect,
237beabaaae65ee9fb8abd4619a753ac0bde7215e248b26cd70ef27576eca073,2025-02,South Yorkshire Police,South Yorkshire Police,-1.302009,53.495384,On or near Spencer Street,E01007574,Doncaster 031D,Public order,Unable to prosecute suspect,
72ac96848db4ac11aff36803ba7a34776df951473a432c32686e2900c3c82fdd,2025-02,South Yorkshire Police,South Yorkshire Police,-1.300532,53.496266,On or near Oak Close,E01007574,Doncaster 031D,Shoplifting,Investigation complete; no suspect identified,
5ef0a4f6d3c319b5024d9d1e3ed1dd902c18b25ad7ac2e526b019a456489ca8f,2025-02,South Yorkshire Police,South Yorkshire Police,-1.300532,53.496266,On or near Oak Close,E01007574,Doncaster 031D,Shoplifting,Investigation complete; no suspect identified,
0dfe4ffb0303d18805cb3d7724b0085436dc3542f3ba98d455dc94b67d2b87fb,2025-02,South Yorkshire Police,South Yorkshire Police,-1.300532,53.496266,On or near Oak Close,E01007574,Doncaster 031D,Shoplifting,Awaiting court outcome,
7d9271de0ccc04fa102b372b6d798e0c7fa0774036fea85469179b085ca7d9e4,2025-02,South Yorkshire Police,South Yorkshire Police,-1.303793,53.495089,On or near Victoria Street,E01007574,Doncaster 031D,Vehicle crime,Investigation complete; no suspect identified,
61285e207f5e8a8dcfa0d3502eb3751ef4f5e4aa78d96632a28f4205a32f4b34,2025-02,South Yorkshire Police,South Yorkshire Police,-1.302009,53.495384,On or near Spencer Street,E01007574,Doncaster 031D,Violence and sexual offences,Unable to prosecute suspect,
07cf61d4efbdaa0bf17dd378829429e053d2b1a690a49949a7c204677a8f79f0,2025-02,South Yorkshire Police,South Yorkshire Police,-1.307652,53.496909,On or near Wath Road,E01007574,Doncaster 031D,Violence and sexual offences,Investigation complete; no suspect identified,
aba106865e4b455632d43fa3af85fcdcac2c940924a960fbf15e5f9fdbd48fe3,2025-02,South Yorkshire Police,South Yorkshire Police,-1.303327,53.495878,On or near Wath Road,E01007574,Doncaster 031D,Violence and sexual offences,Investigation complete; no suspect identified,
d5dbf7a4f2e63108dab9bc553f23ad1fb400a1d7b57eb3df2d3150b70c64da0f,2025-02,South Yorkshire Police,South Yorkshire Police,-1.302009,53.495384,On or near Spencer Street,E01007574,Doncaster 031D,Violence and sexual offences,Unable to prosecute suspect,
957cbe96fca5f75d6e11366696e740c129dd9a8114ab77b6d2fe37406b06d20b,2025-02,South Yorkshire Police,South Yorkshire Police,-1.305354,53.497337,On or near Newark Road,E01007574,Doncaster 031D,Violence and sexual offences,Status update unavailable,
addfeed244bfb3ac0450932f1177e64cf5dccce12275c16bb89e97029c8c9aa5,2025-02,South Yorkshire Police,South Yorkshire Police,-1.302761,53.495515,On or near Chapel Street,E01007574,Doncaster 031D,Violence and sexual offences,Investigation complete; no suspect identified,
3f3310f65ab1b64586e15b90eeed88b05d633bc5c3e21f60e8c709295f17df6e,2025-02,South Yorkshire Police,South Yorkshire Police,-1.304453,53.498931,On or near Alagu Close,E01007574,Doncaster 031D,Violence and sexual offences,Status update unavailable,
b44b9feef5a8d1333c577afba782252797ecc9e8b7ab20c98d9f4f89c8e17ee7,2025-02,South Yorkshire Police,South Yorkshire Police,-1.305354,53.497337,On or near Newark Road,E01007574,Doncaster 031D,Violence and sexual offences,Unable to prosecute suspect,
753d1e903b2c1b46ecc043fcd623be2bbf10fc36813c059a17f1202c5ae33602,2025-02,South Yorkshire Police,South Yorkshire Police,-1.303375,53.496642,On or near Cambridge Street,E01007574,Doncaster 031D,Other crime,Investigation complete; no suspect identified,
2e43dceee83cc72d1943334e5125d3a64856fbfe13b3c0b7f6255f1e751cc984,2025-02,South Yorkshire Police,South Yorkshire Police,-1.304603,53.496254,On or near Oxford Street,E01007574,Doncaster 031D,Other crime,Unable to prosecute suspect,
,2025-02,South Yorkshire Police,South Yorkshire Police,-1.285316,53.493057,On or near Parking Area,E01007576,Doncaster 031E,Anti-social behaviour,,
99f65d5493c0944c1ca4969056144ea27e7de3e5c034378cf16c334a5f593098,2025-02,South Yorkshire Police,South Yorkshire Police,-1.281770,53.494186,On or near Adwick Court,E01007576,Doncaster 031E,Other theft,Unable to prosecute suspect,
b6924764e749c9af1e42370a75b478009222ccb9a7ec0223bd74dfd495d669d0,2025-02,South Yorkshire Police,South Yorkshire Police,-1.285316,53.493057,On or near Parking Area,E01007576,Doncaster 031E,Violence and sexual offences,Investigation complete; no suspect identified,
100e02bb82837f3d8cb8c0990efc67d7002a3c95726944c3773a3d3727bb8aca,2025-02,South Yorkshire Police,South Yorkshire Police,-1.281091,53.497804,On or near Auckland Road,E01007576,Doncaster 031E,Violence and sexual offences,Unable to prosecute suspect,
7f2df92898ece02ff4aa7c3044adc3f2e6ed93e00c2c7dc7d1a31dc609cc4139,2025-02,South Yorkshire Police,South Yorkshire Police,-1.286188,53.497691,On or near Albert Road,E01007576,Doncaster 031E,Violence and sexual offences,Unable to prosecute suspect,
f94a6777c11193852c2959f236e7cdabffa49a5d1a298ca5ba03061269001d62,2025-02,South Yorkshire Police,South Yorkshire Police,-1.281091,53.497804,On or near Auckland Road,E01007576,Doncaster 031E,Violence and sexual offences,Unable to prosecute suspect,
1f0f29a552abed048a36ddef3d1f4fdea7301c8c32ac505a40560f3a5b20816f,2025-02,South Yorkshire Police,South Yorkshire Police,-1.285316,53.493057,On or near Parking Area,E01007576,Doncaster 031E,Violence and sexual offences,Investigation complete; no suspect identified,
,2025-02,South Yorkshire Police,South Yorkshire Police,-1.293545,53.492401,On or near Supermarket,E01007577,Doncaster 031F,Anti-social behaviour,,
,2025-02,South Yorkshire Police,South Yorkshire Police,-1.293545,53.492401,On or near Supermarket,E01007577,Doncaster 031F,Anti-social behaviour,,
,2025-02,South Yorkshire Police,South Yorkshire Police,-1.294425,53.493677,On or near Hartley Street,E01007577,Doncaster 031F,Anti-social behaviour,,
,2025-02,South Yorkshire Police,South Yorkshire Police,-1.293545,53.492401,On or near Supermarket,E01007577,Doncaster 031F,Anti-social behaviour,,
,2025-02,South Yorkshire Police,South Yorkshire Police,-1.292032,53.494364,On or near Sarah Street,E01007577,Doncaster 031F,Anti-social behaviour,,
,2025-02,South Yorkshire Police,South Yorkshire Police,-1.293545,53.492401,On or near Supermarket,E01007577,Doncaster 031F,Anti-social behaviour,,
bdb86d7319a01258e1909242b167aaeaebfe084001e2ceb9a183fb92bca4a7d2,2025-02,South Yorkshire Police,South Yorkshire Police,-1.298720,53.494646,On or near Cowood Street,E01007577,Doncaster 031F,Burglary,Investigation complete; no suspect identified,
1f41a82c3244c7dd580087fd41e6ba18144d591362d4ce8bad16376c9b79c9ea,2025-02,South Yorkshire Police,South Yorkshire Police,-1.295192,53.493789,On or near Dodsworth Street,E01007577,Doncaster 031F,Burglary,Investigation complete; no suspect identified,
e7a56d91665f4fc8559dcb0f21150726b4b8afff0b5fecac5ccab5d6903ef6dc,2025-02,South Yorkshire Police,South Yorkshire Police,-1.298720,53.494646,On or near Cowood Street,E01007577,Doncaster 031F,Criminal damage and arson,Investigation complete; no suspect identified,
a9e4b518c8e6862311483a89bacdd9668e3f47eebdd02b038454c6ad8c0b99d5,2025-02,South Yorkshire Police,South Yorkshire Police,-1.296359,53.494309,On or near Belmont Street,E01007577,Doncaster 031F,Criminal damage and arson,Unable to prosecute suspect,
da3e4aaca987328bf20895e5009290d546847896bc46c544d5d4b1800d93bc82,2025-02,South Yorkshire Police,South Yorkshire Police,-1.295642,53.494844,On or near Shrewsbury Close,E01007577,Doncaster 031F,Criminal damage and arson,Unable to prosecute suspect,
233a4f8bbbb53b8d183a51ec3b21fdff34b0bd7f4c36d301fafa20c7eba56542,2025-02,South Yorkshire Police,South Yorkshire Police,-1.294425,53.493677,On or near Hartley Street,E01007577,Doncaster 031F,Criminal damage and arson,Investigation complete; no suspect identified,
3d661ca2b9c8b27c600d9e7aa64f07051fab37ffb2ed2854ab5b308426a50b41,2025-02,South Yorkshire Police,South Yorkshire Police,-1.294425,53.493677,On or near Hartley Street,E01007577,Doncaster 031F,Shoplifting,Awaiting court outcome,
9e9cc754c51399afb97c6f1c37ac3884c13f9a94bf984e8518cf845bb6b4a5ba,2025-02,South Yorkshire Police,South Yorkshire Police,-1.295478,53.496533,On or near Oliver Street,E01007577,Doncaster 031F,Violence and sexual offences,Unable to prosecute suspect,
bf8581f92a6b9efdafbb7914741ce14dd3d1c5d6190e208e46c0d1be93c004d5,2025-02,South Yorkshire Police,South Yorkshire Police,-1.294963,53.495748,On or near Blenheim Crescent,E01007577,Doncaster 031F,Violence and sexual offences,Unable to prosecute suspect,
7e783d8933678bbb81e1d79a921fcc5130988adb85e2ec6db312da8661b32439,2025-02,South Yorkshire Police,South Yorkshire Police,-1.294357,53.495951,On or near West Road,E01007577,Doncaster 031F,Violence and sexual offences,Unable to prosecute suspect,
d176ad78cc0a2d8aba355ad3f6ad721940f17b17fc10bf595be0fe3afcaf83e2,2025-02,South Yorkshire Police,South Yorkshire Police,-1.294357,53.495951,On or near West Road,E01007577,Doncaster 031F,Violence and sexual offences,Unable to prosecute suspect,
5b2b16c4367b4a94cb83001f4f9afae52327487c04aa36127d01752638a11f44,2025-02,South Yorkshire Police,South Yorkshire Police,-1.294357,53.495951,On or near West Road,E01007577,Doncaster 031F,Violence and sexual offences,Unable to prosecute suspect,
40c2c5c27136a7f6a81c37e6d9de735b6d90fe5442a3c2bae62dc79381c556c1,2025-02,South Yorkshire Police,South Yorkshire Police,-1.294357,53.495951,On or near West Road,E01007577,Doncaster 031F,Violence and sexual offences,Unable to prosecute suspect,
2f2936f0d7e579dd79be6a170495084dc9609f264068b59a7db52f7693c58e43,2025-02,South Yorkshire Police,South Yorkshire Police,-1.294357,53.495951,On or near West Road,E01007577,Doncaster 031F,Violence and sexual offences,Status update unavailable,
c6466b4318164521c0c0a1741e36fa32bc301ef29ef1189b25af07e84f33055f,2025-02,South Yorkshire Police,South Yorkshire Police,-1.294357,53.495951,On or near West Road,E01007577,Doncaster 031F,Violence and sexual offences,Unable to prosecute suspect,
a9e07b9cf54acf2f06178a4c094d8c77ac0310e4955f3a0b81de587dd8fc38ef,2025-02,South Yorkshire Police,South Yorkshire Police,-1.296124,53.494874,On or near Wood Street,E01007577,Doncaster 031F,Violence and sexual offences,Unable to prosecute suspect,
691e719280641fa3b4e7405bbc11ccda0a8056a509706de9440570e9c3dbaf5d,2025-02,South Yorkshire Police,South Yorkshire Police,-1.295605,53.494313,On or near Main Street,E01007577,Doncaster 031F,Violence and sexual offences,Investigation complete; no suspect identified,
4cea7e3418127e8045db89254812f0a056fd03c473bc1640ea36abb28c34025d,2025-02,South Yorkshire Police,South Yorkshire Police,-1.294074,53.494835,On or near Simpson Place,E01007577,Doncaster 031F,Violence and sexual offences,Unable to prosecute suspect,
d1662b0033e01c7dd0ee9c9b60a2b8ee9ce8454be9f3d71958b564ed59d24a55,2025-02,South Yorkshire Police,South Yorkshire Police,-1.294074,53.494835,On or near Simpson Place,E01007577,Doncaster 031F,Violence and sexual offences,Status update unavailable,
5696445d6173584a96cd0f41b37952ac286f152f455f7d1f96b13352b323edd1,2025-02,South Yorkshire Police,South Yorkshire Police,-1.292570,53.494637,On or near Parking Area,E01007577,Doncaster 031F,Violence and sexual offences,Unable to prosecute suspect,
384c94a83e66f9b324d38203c13fef751842903f6005333f96e627749c980168,2025-02,South Yorkshire Police,South Yorkshire Police,-1.299398,53.494650,On or near Frederick Street,E01007577,Doncaster 031F,Violence and sexual offences,Unable to prosecute suspect,
,2025-02,South Yorkshire Police,South Yorkshire Police,-1.230500,53.482811,On or near Church Street,E01007536,Doncaster 032A,Anti-social behaviour,,
1e6a691aa6ebb7e30905e2a1c22f2eebcf215b4ab6702e8db7bccec681ef9136,2025-02,South Yorkshire Police,South Yorkshire Police,-1.225106,53.486084,On or near Dearne Street,E01007536,Doncaster 032A,Bicycle theft,Unable to prosecute suspect,
79acb76258dc899a72110ca94b9c4e9761ce76fa11fa8762881f2ca202543f8c,2025-02,South Yorkshire Police,South Yorkshire Police,-1.230500,53.482811,On or near Church Street,E01007536,Doncaster 032A,Criminal damage and arson,Investigation complete; no suspect identified,
27c439399fa26d8ee722769f078de8353dad048e66cc9b2b8dfd80df1d3874e0,2025-02,South Yorkshire Police,South Yorkshire Police,-1.231217,53.488191,On or near Moat House Way,E01007536,Doncaster 032A,Criminal damage and arson,Unable to prosecute suspect,
2282b61e8ca581dc88285b3eb682c0fbecc4d438084767232a85de7e5dd08034,2025-02,South Yorkshire Police,South Yorkshire Police,-1.224277,53.486097,On or near Don Street,E01007536,Doncaster 032A,Public order,Status update unavailable,
e781b29b3913e11b353a9959e3f50a12ae59a3219f0d65af719b8a777df2bce6,2025-02,South Yorkshire Police,South Yorkshire Police,-1.230500,53.482811,On or near Church Street,E01007536,Doncaster 032A,Public order,Investigation complete; no suspect identified,
131b9b4db8d2e0c1fb3779e048b05899f8622fcc3b16aa6755eaf824426e89ce,2025-02,South Yorkshire Police,South Yorkshire Police,-1.230500,53.482811,On or near Church Street,E01007536,Doncaster 032A,Public order,Unable to prosecute suspect,
11935264c8e1aa97351cbdf625cc9c0cda24d66608b441e6efeab9ecba712571,2025-02,South Yorkshire Police,South Yorkshire Police,-1.230500,53.482811,On or near Church Street,E01007536,Doncaster 032A,Shoplifting,Investigation complete; no suspect identified,
b292058cb22872a938d42d92471b9fc2378f084f20204d99e7360277c699dfba,2025-02,South Yorkshire Police,South Yorkshire Police,-1.224277,53.486097,On or near Don Street,E01007536,Doncaster 032A,Vehicle crime,Investigation complete; no suspect identified,
bb8858f7e7a98f524404edcf2cc7d3428d7ac15107d1a4bb9dc49e2099ede4b0,2025-02,South Yorkshire Police,South Yorkshire Police,-1.228974,53.486352,On or near Priory Close,E01007536,Doncaster 032A,Vehicle crime,Investigation complete; no suspect identified,
bd8b8a3964652f07cacb6a40947376a5db58d17483aa044c18d8582168944f71,2025-02,South Yorkshire Police,South Yorkshire Police,-1.228974,53.486352,On or near Priory Close,E01007536,Doncaster 032A,Vehicle crime,Investigation complete; no suspect identified,
a55c715e85e41c070f22a38ae1c8a70b5fcdf2e00570e835578a65e917c10cbc,2025-02,South Yorkshire Police,South Yorkshire Police,-1.233003,53.479420,On or near Barton Place,E01007536,Doncaster 032A,Vehicle crime,Investigation complete; no suspect identified,
2d0ebc6aa3976b88ee79fdfef4ce5a5564c2ada526bc457bc8922f0031b65e98,2025-02,South Yorkshire Police,South Yorkshire Police,-1.228614,53.483788,On or near Castle Street,E01007536,Doncaster 032A,Violence and sexual offences,Investigation complete; no suspect identified,
5d660b599124e97c4fa2e8451fb991469cbcaa55542fa06691cdd4289c97646f,2025-02,South Yorkshire Police,South Yorkshire Police,-1.224277,53.486097,On or near Don Street,E01007536,Doncaster 032A,Violence and sexual offences,Unable to prosecute suspect,
1e57e08d934dc688cb9e0a987d6a62ca4ae5a9a1ee011e094a3f215b6d2a8b9d,2025-02,South Yorkshire Police,South Yorkshire Police,-1.231217,53.488191,On or near Moat House Way,E01007536,Doncaster 032A,Violence and sexual offences,Investigation complete; no suspect identified,
4f4c099db465ec04f5e4d9c8d8e5216ce329f841c59cc467b59f4fb1b98198c8,2025-02,South Yorkshire Police,South Yorkshire Police,-1.230042,53.481496,On or near West Street,E01007536,Doncaster 032A,Violence and sexual offences,Unable to prosecute suspect,
48adc9b13d9d7dd3dd92c8c46bf16b8de4e532ad2fa53b7daa8ec6808f310e64,2025-02,South Yorkshire Police,South Yorkshire Police,-1.230500,53.482811,On or near Church Street,E01007536,Doncaster 032A,Violence and sexual offences,Awaiting court outcome,
8ae3769355323c211f6f8da4f909f8203ca6e5727ea334605b9df4464809aac0,2025-02,South Yorkshire Police,South Yorkshire Police,-1.230500,53.482811,On or near Church Street,E01007536,Doncaster 032A,Violence and sexual offences,Offender given a caution,
338af00e7a1f4c2e295f71a7f67502b5d5dfc005a1fc2ba6f99f8308105e5642,2025-02,South Yorkshire Police,South Yorkshire Police,-1.228614,53.483788,On or near Castle Street,E01007536,Doncaster 032A,Other crime,Investigation complete; no suspect identified,
,2025-02,South Yorkshire Police,South Yorkshire Police,-1.239136,53.490309,On or near Kilner Court,E01007542,Doncaster 032B,Anti-social behaviour,,
,2025-02,South Yorkshire Police,South Yorkshire Police,-1.239136,53.490309,On or near Kilner Court,E01007542,Doncaster 032B,Anti-social behaviour,,
,2025-02,South Yorkshire Police,South Yorkshire Police,-1.241658,53.488338,On or near Harper Rise,E01007542,Doncaster 032B,Anti-social behaviour,,
,2025-02,South Yorkshire Police,South Yorkshire Police,-1.245771,53.488609,On or near Sports/Recreation Area,E01007542,Doncaster 032B,Anti-social behaviour,,
,2025-02,South Yorkshire Police,South Yorkshire Police,-1.233433,53.488151,On or near Buckingham Road,E01007542,Doncaster 032B,Anti-social behaviour,,
00011a50d7145965d5cf70e4e370279bb0ebf797f0b566f6ff240d42da4cba7a,2025-02,South Yorkshire Police,South Yorkshire Police,-1.231816,53.485058,On or near The Oval,E01007542,Doncaster 032B,Burglary,Investigation complete; no suspect identified,
155a0069ef5b0b55c9626069f9a3030df5683436d307b4475a44977ca87db791,2025-02,South Yorkshire Police,South Yorkshire Police,-1.237784,53.490911,On or near Sidings Drive,E01007542,Doncaster 032B,Burglary,Investigation complete; no suspect identified,
db973072d80e58c4c8973cd7b2a4794beb614c881653b35be0279bb590c5c526,2025-02,South Yorkshire Police,South Yorkshire Police,-1.240460,53.491306,On or near Cadeby Lane,E01007542,Doncaster 032B,Criminal damage and arson,Unable to prosecute suspect,
ac2e1ce934d017faddc6981de72084b51a7feb95a3ac2d31b168e46d6fd8ff00,2025-02,South Yorkshire Police,South Yorkshire Police,-1.244028,53.489837,On or near Wadworth Street,E01007542,Doncaster 032B,Criminal damage and arson,Investigation complete; no suspect identified,
75ad02151811855977645daa423f5ddadd9c17610dd3d8459416475180b992bf,2025-02,South Yorkshire Police,South Yorkshire Police,-1.245771,53.488609,On or near Sports/Recreation Area,E01007542,Doncaster 032B,Criminal damage and arson,Investigation complete; no suspect identified,
595357c15773ddb83fdcb9182734d4afab1439e03e9d8cb23d525bb37d48c1be,2025-02,South Yorkshire Police,South Yorkshire Police,-1.238512,53.489820,On or near Banbury Close,E01007542,Doncaster 032B,Other theft,Investigation complete; no suspect identified,
46df8ca9c754bf787de21a7a8f5fec39aa68954a79555fe87d71b94152a12fe7,2025-02,South Yorkshire Police,South Yorkshire Police,-1.230772,53.483631,On or near Wellgate,E01007542,Doncaster 032B,Other theft,Unable to prosecute suspect,
ad7b9b2b3323941f29b6f6084a9a29a2dc8a4bd6fccb9af055b9d67bada8e46d,2025-02,South Yorkshire Police,South Yorkshire Police,-1.244028,53.489837,On or near Wadworth Street,E01007542,Doncaster 032B,Other theft,Investigation complete; no suspect identified,
f3bbe24f7b3057dbda38829ec10e8ede9b527d81916ba7773d8baf7bf58928a4,2025-02,South Yorkshire Police,South Yorkshire Police,-1.244921,53.491307,On or near Grays Court,E01007542,Doncaster 032B,Shoplifting,Unable to prosecute suspect,
b7135b303fcf837ed02ecb4a692358a88229e031e4d25f5b486d4707b58a4f35,2025-02,South Yorkshire Police,South Yorkshire Police,-1.246047,53.490721,On or near Church Road,E01007542,Doncaster 032B,Shoplifting,Investigation complete; no suspect identified,
3c2334ef241a6fe6a84bfe3ed307121dd0387c04541757d4b5ff136f2adb4585,2025-02,South Yorkshire Police,South Yorkshire Police,-1.244921,53.491307,On or near Grays Court,E01007542,Doncaster 032B,Shoplifting,Investigation complete; no suspect identified,
9b19ff4f781152db12238b85543a915eeda51311c36ce6b9c5883c1eb6d87ee7,2025-02,South Yorkshire Police,South Yorkshire Police,-1.244921,53.491307,On or near Grays Court,E01007542,Doncaster 032B,Shoplifting,Investigation complete; no suspect identified,
7cc31811b0aa6380a556512e4d087235379b523c9de716dba20b7d01e60c97f5,2025-02,South Yorkshire Police,South Yorkshire Police,-1.231816,53.485058,On or near The Oval,E01007542,Doncaster 032B,Violence and sexual offences,Investigation complete; no suspect identified,
503ce7573e2484e4aea1d510fdac3f6628933a190bf761d734601dc37af5b374,2025-02,South Yorkshire Police,South Yorkshire Police,-1.233550,53.484134,On or near Ferndale Road,E01007542,Doncaster 032B,Violence and sexual offences,Investigation complete; no suspect identified,
550aef2276215f1b9c2067e8f3b9ffb2c5745ef763159a9b985d686b48e21d89,2025-02,South Yorkshire Police,South Yorkshire Police,-1.233550,53.484134,On or near Ferndale Road,E01007542,Doncaster 032B,Violence and sexual offences,Investigation complete; no suspect identified,
6b3b005f34d90d4d63ed1d8c07405e0d80608a23dac99419af19bd1f306667f3,2025-02,South Yorkshire Police,South Yorkshire Police,-1.234899,53.488754,On or near Buckingham Road,E01007542,Doncaster 032B,Violence and sexual offences,Local resolution,
f86d6cd419be5e2de678b090ab2b39577834e56148f8dbb3e60e068752e77834,2025-02,South Yorkshire Police,South Yorkshire Police,-1.244921,53.491307,On or near Grays Court,E01007542,Doncaster 032B,Violence and sexual offences,Investigation complete; no suspect identified,
cc841a042ed1eda3389feb2a5a0c7e146482a36961814e4429ada6585c407c72,2025-02,South Yorkshire Police,South Yorkshire Police,-1.238076,53.489781,On or near Crags Road,E01007542,Doncaster 032B,Violence and sexual offences,Unable to prosecute suspect,
20a8476cec6103c510c55a257ce1188b6c6bca555d235336fbb6bb3d3467ef48,2025-02,South Yorkshire Police,South Yorkshire Police,-1.244028,53.489837,On or near Wadworth Street,E01007542,Doncaster 032B,Violence and sexual offences,Unable to prosecute suspect,
215d4494424dc326764788efa9f9bb3f2365f4784832b347247adf3b577dc69c,2025-02,South Yorkshire Police,South Yorkshire Police,-1.244921,53.491307,On or near Grays Court,E01007542,Doncaster 032B,Other crime,Awaiting court outcome,
80b5e4bae39e44c55c6ee74678b77b4276ceaf52543aa42d2f7c984c59a0b71b,2025-02,South Yorkshire Police,South Yorkshire Police,-1.246047,53.490721,On or near Church Road,E01007542,Doncaster 032B,Other crime,Further investigation is not in the public interest,
c2702a8c56cd25bb3805625a2f9e78e12b2b1185d993a0b339f40a46afc5312b,2025-02,South Yorkshire Police,South Yorkshire Police,-1.246047,53.490721,On or near Church Road,E01007542,Doncaster 032B,Other crime,Further investigation is not in the public interest,
458bc28676c6299be7d1b76cd93231263a7c6d59698ce74acb1532461b78d626,2025-02,South Yorkshire Police,South Yorkshire Police,-1.246047,53.490721,On or near Church Road,E01007542,Doncaster 032B,Other crime,Further investigation is not in the public interest,
1d44c237035193b4bd1f90963089b5b88b98aeab2077608992d13b60c72228a3,2025-02,South Yorkshire Police,South Yorkshire Police,-1.246047,53.490721,On or near Church Road,E01007542,Doncaster 032B,Other crime,Further investigation is not in the public interest,
a33c432dd0b73c2590f7903d34fa6a6b296c0c932a252c3c8faf308fbac2aee7,2025-02,South Yorkshire Police,South Yorkshire Police,-1.246047,53.490721,On or near Church Road,E01007542,Doncaster 032B,Other crime,Further investigation is not in the public interest,
3c3d66e1946f0b697d1ed7af57ec86fc7d691f57259530c9b2f92b06c01a361d,2025-02,South Yorkshire Police,South Yorkshire Police,-1.246047,53.490721,On or near Church Road,E01007542,Doncaster 032B,Other crime,Further investigation is not in the public interest,
,2025-02,South Yorkshire Police,South Yorkshire Police,-1.255219,53.491102,On or near Supermarket,E01007543,Doncaster 032C,Anti-social behaviour,,
,2025-02,South Yorkshire Police,South Yorkshire Police,-1.255219,53.491102,On or near Supermarket,E01007543,Doncaster 032C,Anti-social behaviour,,
,2025-02,South Yorkshire Police,South Yorkshire Police,-1.271310,53.487076,On or near The Courtyard,E01007543,Doncaster 032C,Anti-social behaviour,,
,2025-02,South Yorkshire Police,South Yorkshire Police,-1.256540,53.487111,On or near Skipton Close,E01007543,Doncaster 032C,Anti-social behaviour,,
,2025-02,South Yorkshire Police,South Yorkshire Police,-1.255219,53.491102,On or near Supermarket,E01007543,Doncaster 032C,Anti-social behaviour,,
4f7cc08f6170738d6361cfe98d7fbbedc319aaac0b3310322fd8f4ecebbb9303,2025-02,South Yorkshire Police,South Yorkshire Police,-1.256314,53.485401,On or near Harrogate Drive,E01007543,Doncaster 032C,Burglary,Investigation complete; no suspect identified,
62bfed817a2b95c95eac8c2db23e45c1f983c32ecb3a403d64129bd15c33e9f5,2025-02,South Yorkshire Police,South Yorkshire Police,-1.255493,53.485828,On or near Ravenscar Close,E01007543,Doncaster 032C,Criminal damage and arson,Unable to prosecute suspect,
7523f4f1588d7fe785a6d91ac1366eaba18f4d2de219b51dc8d47e549d97f80b,2025-02,South Yorkshire Police,South Yorkshire Police,-1.255219,53.491102,On or near Supermarket,E01007543,Doncaster 032C,Criminal damage and arson,Unable to prosecute suspect,
93c005fb15e295cdd562ddb7c595680a959863b48f1f1347ea6a4cc50fa54528,2025-02,South Yorkshire Police,South Yorkshire Police,-1.255219,53.491102,On or near Supermarket,E01007543,Doncaster 032C,Other theft,Investigation complete; no suspect identified,
ca638f284f16d1801c361e37300d6cf0297aa03efa3094580ff25c338808c4b3,2025-02,South Yorkshire Police,South Yorkshire Police,-1.256654,53.491812,On or near Doncaster Road,E01007543,Doncaster 032C,Shoplifting,Awaiting court outcome,
2f6198bc55234f1759fd7023dc3fccc408938ce954b5e165d685d011cfeca648,2025-02,South Yorkshire Police,South Yorkshire Police,-1.255219,53.491102,On or near Supermarket,E01007543,Doncaster 032C,Shoplifting,Investigation complete; no suspect identified,
23a60366f49de6897525f9039122d338cdb84ad7424d3ac0938a6c84814d76bc,2025-02,South Yorkshire Police,South Yorkshire Police,-1.255219,53.491102,On or near Supermarket,E01007543,Doncaster 032C,Shoplifting,Awaiting court outcome,
f8578ec7e97b68b8f749ba2a659b60f43dafe10a9e0f7528ae9ae10405e1d02c,2025-02,South Yorkshire Police,South Yorkshire Police,-1.256654,53.491812,On or near Doncaster Road,E01007543,Doncaster 032C,Shoplifting,Awaiting court outcome,
4405611be9112974a4da00a3ad8d3e6ab9104c38b1c48e0d62db03a2560fb4e4,2025-02,South Yorkshire Police,South Yorkshire Police,-1.255219,53.491102,On or near Supermarket,E01007543,Doncaster 032C,Violence and sexual offences,Unable to prosecute suspect,
63b1bd4e1e736022fad43761f63bc03e65f60d1aa1ba0d7b36db44620b869eca,2025-02,South Yorkshire Police,South Yorkshire Police,-1.255219,53.491102,On or near Supermarket,E01007543,Doncaster 032C,Violence and sexual offences,Further investigation is not in the public interest,
7644d471ad172a3d7c272d764d225a83c5e3a228bb7f2c8f9b0858da449ef070,2025-02,South Yorkshire Police,South Yorkshire Police,-1.255288,53.484604,On or near Tadcaster Close,E01007543,Doncaster 032C,Violence and sexual offences,Unable to prosecute suspect,
990d3ffaf9ef6003195b9b3e9d93f1a49489d2bda5f46455bd6a0e81d35ef337,2025-02,South Yorkshire Police,South Yorkshire Police,-1.255080,53.483569,On or near Catterick Close,E01007543,Doncaster 032C,Violence and sexual offences,Awaiting court outcome,
8cbcf9f653114a78fd3e43d2aaccaae69498bb676b80f5460c02e4c0211c1083,2025-02,South Yorkshire Police,South Yorkshire Police,-1.255288,53.484604,On or near Tadcaster Close,E01007543,Doncaster 032C,Violence and sexual offences,Unable to prosecute suspect,
966ba0a1be43d4db92deeeb09dfe5cdb79169a47ab5f26017f80b4c8b195c8dd,2025-02,South Yorkshire Police,South Yorkshire Police,-1.255219,53.491102,On or near Supermarket,E01007543,Doncaster 032C,Violence and sexual offences,Unable to prosecute suspect,
cc1625b57d1f4a12188bf73140512d157e1d2bff2b19fdc2fca6d9a401ffb407,2025-02,South Yorkshire Police,South Yorkshire Police,-1.256540,53.487111,On or near Skipton Close,E01007543,Doncaster 032C,Violence and sexual offences,Unable to prosecute suspect,
fdea06975bc6a9bf8437709d081a8aae7a4596b75fafc77f431d8ab0530c2da3,2025-02,South Yorkshire Police,South Yorkshire Police,-1.255219,53.491102,On or near Supermarket,E01007543,Doncaster 032C,Other crime,Further investigation is not in the public interest,
,2025-02,South Yorkshire Police,South Yorkshire Police,-1.251379,53.488337,On or near Wheatley Place,E01007544,Doncaster 032D,Anti-social behaviour,,
,2025-02,South Yorkshire Police,South Yorkshire Police,-1.251834,53.483917,On or near Hilltop Gardens,E01007544,Doncaster 032D,Anti-social behaviour,,
384d9edadd7f9668a400090b7f9377550802117d7e762cc2a51dc948023128de,2025-02,South Yorkshire Police,South Yorkshire Police,-1.251476,53.488841,On or near Wheatley Street,E01007544,Doncaster 032D,Criminal damage and arson,Unable to prosecute suspect,
41bd90d4a6fb397759f40b7934ff7374da41755dec78c919145114c8314066c4,2025-02,South Yorkshire Police,South Yorkshire Police,-1.251271,53.491078,On or near Cliff View,E01007544,Doncaster 032D,Criminal damage and arson,Investigation complete; no suspect identified,
e9f68afde46a20efc6e216a65374d61cdfe28856a0d516a35419c1b1e62c3829,2025-02,South Yorkshire Police,South Yorkshire Police,-1.252849,53.487025,On or near Cliff Court,E01007544,Doncaster 032D,Vehicle crime,Investigation complete; no suspect identified,
18ee17e0bb0858ad1e4de7e2d2cbc3dcc5e09df22f5e1cac7ec32393689d1053,2025-02,South Yorkshire Police,South Yorkshire Police,-1.252955,53.487852,On or near Dalton Court,E01007544,Doncaster 032D,Violence and sexual offences,Unable to prosecute suspect,
37f21b7e423d96e9fcb63aa7a724b1c837096e0b87c11f60292ff43b1f64623b,2025-02,South Yorkshire Police,South Yorkshire Police,-1.251476,53.488841,On or near Wheatley Street,E01007544,Doncaster 032D,Violence and sexual offences,Unable to prosecute suspect,
32dff1f3b15b6e6f584259655e544a4ce24819a820fa6390b9431b2b4b17c47e,2025-02,South Yorkshire Police,South Yorkshire Police,-1.251834,53.483917,On or near Hilltop Gardens,E01007544,Doncaster 032D,Violence and sexual offences,Status update unavailable,
ec4acf24191685e831ea372c6e0ab2ff64d94ee9e695ecef07168eafc09f5b1e,2025-02,South Yorkshire Police,South Yorkshire Police,-1.251271,53.491078,On or near Cliff View,E01007544,Doncaster 032D,Violence and sexual offences,Unable to prosecute suspect,
c3e9139fec34e54adb2f3a9fc87f384caff0381fc1b861aba820f6304fa77ae6,2025-02,South Yorkshire Police,South Yorkshire Police,-1.251834,53.483917,On or near Hilltop Gardens,E01007544,Doncaster 032D,Violence and sexual offences,Unable to prosecute suspect,
5ca49e3792e4afef08cc828254df2edede1b773951e700ff440fbbd12a44674b,2025-02,South Yorkshire Police,South Yorkshire Police,-1.251271,53.491078,On or near Cliff View,E01007544,Doncaster 032D,Violence and sexual offences,Action to be taken by another organisation,
15f843ba5bd607e7f94cfd8a2dc2c0012598553048b53a1ef55911bf07acdbe0,2025-02,South Yorkshire Police,South Yorkshire Police,-1.251834,53.483917,On or near Hilltop Gardens,E01007544,Doncaster 032D,Other crime,Unable to prosecute suspect,
057e596e294349c94091c98f4dab2a89ce060078b980c9080106e69316915e0f,2025-02,South Yorkshire Police,South Yorkshire Police,-1.189646,53.488384,On or near Queens Park,E01007546,Doncaster 033A,Burglary,Investigation complete; no suspect identified,
f3c0c253396a07bd9b1c99e63fcac2ff5730df4f99a69449b7698775ae2666c9,2025-02,South Yorkshire Police,South Yorkshire Police,-1.187639,53.487732,On or near Staveley Street,E01007546,Doncaster 033A,Drugs,Further investigation is not in the public interest,
b9c7ca89b2ad516efd85cee871f500979562f604c6bea65195eb52acd2fcb7a3,2025-02,South Yorkshire Police,South Yorkshire Police,-1.187639,53.487732,On or near Staveley Street,E01007546,Doncaster 033A,Drugs,Unable to prosecute suspect,
c142c077e6e7a2da32d3563cd2e7ad5ba8cc85be0fd6268e61857e0363d31a56,2025-02,South Yorkshire Police,South Yorkshire Police,-1.191992,53.486278,On or near Church Road,E01007546,Doncaster 033A,Other theft,Unable to prosecute suspect,
56cfb070a4067dc02d58bef16df3e4ca24093997c7c72199435baec0b16a1355,2025-02,South Yorkshire Police,South Yorkshire Police,-1.189646,53.488384,On or near Queens Park,E01007546,Doncaster 033A,Robbery,Investigation complete; no suspect identified,
16bbebf0fc0ba9c8713534ac0beee08bfc72a3900e97ece67de2a8ea6157dafe,2025-02,South Yorkshire Police,South Yorkshire Police,-1.189646,53.488384,On or near Queens Park,E01007546,Doncaster 033A,Vehicle crime,Investigation complete; no suspect identified,
445012a469832e5752da94720cd95dddab448a8e346601f124a4aa5c9040518e,2025-02,South Yorkshire Police,South Yorkshire Police,-1.189646,53.488384,On or near Queens Park,E01007546,Doncaster 033A,Violence and sexual offences,Unable to prosecute suspect,
95d044c70b0a822d969c332698126884dec799163fe4b1f2c068f4733fb99797,2025-02,South Yorkshire Police,South Yorkshire Police,-1.183033,53.496851,On or near Wrightson Avenue,E01007546,Doncaster 033A,Violence and sexual offences,Unable to prosecute suspect,
d570829726e71da6f0666b2556f3a17b8eec1a7f54b867cd9705a11031a8bb77,2025-02,South Yorkshire Police,South Yorkshire Police,-1.187639,53.487732,On or near Staveley Street,E01007546,Doncaster 033A,Violence and sexual offences,Awaiting court outcome,
26703f37ceeeb3254e8d9bb011e8e66ba4938794cf6e426eb891da819ef7e4fc,2025-02,South Yorkshire Police,South Yorkshire Police,-1.189646,53.488384,On or near Queens Park,E01007546,Doncaster 033A,Violence and sexual offences,Investigation complete; no suspect identified,
fb16d9964a2d47c90da4b424f45e05815e0fe71d800b0fa6659611f5ad292c95,2025-02,South Yorkshire Police,South Yorkshire Police,-1.187639,53.487732,On or near Staveley Street,E01007546,Doncaster 033A,Violence and sexual offences,Awaiting court outcome,
a2b75e6204eca8db26c4f849b22b2d6e589873cd7d617efcd30ecbf0ac496665,2025-02,South Yorkshire Police,South Yorkshire Police,-1.182111,53.494642,On or near Edlington Lane,E01007546,Doncaster 033A,Violence and sexual offences,Status update unavailable,
74c5f6b65bf6b16fa45939814095e0a5402c997e46652196bd06eecef16d8bc8,2025-02,South Yorkshire Police,South Yorkshire Police,-1.185648,53.492518,On or near Warmsworth Halt,E01007546,Doncaster 033A,Violence and sexual offences,Unable to prosecute suspect,
,2025-02,South Yorkshire Police,South Yorkshire Police,-1.172629,53.503970,On or near Heath Court,E01007551,Doncaster 033B,Anti-social behaviour,,
,2025-02,South Yorkshire Police,South Yorkshire Police,-1.172629,53.503970,On or near Heath Court,E01007551,Doncaster 033B,Anti-social behaviour,,
,2025-02,South Yorkshire Police,South Yorkshire Police,-1.174339,53.503641,On or near Guest Lane,E01007551,Doncaster 033B,Anti-social behaviour,,
470f07054339f89dfa55fc15dd4b3fc27c968c4933050390867c8a3676146f27,2025-02,South Yorkshire Police,South Yorkshire Police,-1.177819,53.501453,On or near Coldstream Avenue,E01007551,Doncaster 033B,Criminal damage and arson,Unable to prosecute suspect,
43ac753529a43c4147bd4ef29e06c18bdc80e73f65b5846fd8ce2feaedb6b5f3,2025-02,South Yorkshire Police,South Yorkshire Police,-1.179897,53.498421,On or near Low Road West,E01007551,Doncaster 033B,Public order,Investigation complete; no suspect identified,
670a65ef9802c6efe2a2b8f2c1050927b3cb3df98114ac22b13abfd5b4e5bada,2025-02,South Yorkshire Police,South Yorkshire Police,-1.175966,53.499814,On or near Glebe Street,E01007551,Doncaster 033B,Robbery,Status update unavailable,
0bbe6c56baf1c71c55c0076f24a42191128db973d12e1ce5b4be31264c57fe60,2025-02,South Yorkshire Police,South Yorkshire Police,-1.175966,53.499814,On or near Glebe Street,E01007551,Doncaster 033B,Robbery,Status update unavailable,
9655f605cc33f4f2ada16bb02cf270c037e8bcab9079e80d8926bdc808a64ab4,2025-02,South Yorkshire Police,South Yorkshire Police,-1.175966,53.499814,On or near Glebe Street,E01007551,Doncaster 033B,Robbery,Status update unavailable,
418607e50a255525669b2115202365c1dab5d09c48e88ac9d16c982c09954871,2025-02,South Yorkshire Police,South Yorkshire Police,-1.175966,53.499814,On or near Glebe Street,E01007551,Doncaster 033B,Robbery,Investigation complete; no suspect identified,
c73dce32cb157ab4c8de70d9fd528d16d3a1a04f6c2057037433e5d601f6d07e,2025-02,South Yorkshire Police,South Yorkshire Police,-1.177251,53.500407,On or near High Road,E01007551,Doncaster 033B,Vehicle crime,Investigation complete; no suspect identified,
62a4695d70881a3627e2e916fbda7bda36c508a04fe326af6d0c908f1c073559,2025-02,South Yorkshire Police,South Yorkshire Police,-1.177251,53.500407,On or near High Road,E01007551,Doncaster 033B,Vehicle crime,Status update unavailable,
580d48e3b15fff94eb37f29c54f4253eb83d937a55b476065400b5bc5f855da0,2025-02,South Yorkshire Police,South Yorkshire Police,-1.177251,53.500407,On or near High Road,E01007551,Doncaster 033B,Vehicle crime,Investigation complete; no suspect identified,
92f5bfcae5906d0588fc3fd1fbd3d03e495200285444c9a045d6f3f0d6341f8d,2025-02,South Yorkshire Police,South Yorkshire Police,-1.177251,53.500407,On or near High Road,E01007551,Doncaster 033B,Vehicle crime,Investigation complete; no suspect identified,
2d139d2d6a8a7b31224a6d1bfc35c0324f975911b9b32478d2817b26b16b577b,2025-02,South Yorkshire Police,South Yorkshire Police,-1.179897,53.498421,On or near Low Road West,E01007551,Doncaster 033B,Violence and sexual offences,Investigation complete; no suspect identified,
00164a556b977f6a7632c7a9526df7af3a66d19677ba0d58b2b5e7ccead84da8,2025-02,South Yorkshire Police,South Yorkshire Police,-1.177943,53.496582,On or near Darrington Drive,E01007551,Doncaster 033B,Violence and sexual offences,Unable to prosecute suspect,
56cdd0488a3a1fb0b1e77687587e2373bd9ab37fdc762c064e62811588653d83,2025-02,South Yorkshire Police,South Yorkshire Police,-1.177251,53.500407,On or near High Road,E01007551,Doncaster 033B,Violence and sexual offences,Investigation complete; no suspect identified,
e882924ea25d35b1e0b0d99f542ab601ac0a724f5b2e64d4264e9d1c71d0a68f,2025-02,South Yorkshire Police,South Yorkshire Police,-1.172625,53.501840,On or near Mulberry Court,E01007551,Doncaster 033B,Violence and sexual offences,Awaiting court outcome,
67a2acc046dd36617e587e4cf78c10dff53e4065e6bf149d1296f762f13b6f90,2025-02,South Yorkshire Police,South Yorkshire Police,-1.172625,53.501840,On or near Mulberry Court,E01007551,Doncaster 033B,Violence and sexual offences,Awaiting court outcome,
44f882d8b1498c444de37aa0035f7782a093aafbd94b984328a49579c7e3dfb9,2025-02,South Yorkshire Police,South Yorkshire Police,-1.172625,53.501840,On or near Mulberry Court,E01007551,Doncaster 033B,Violence and sexual offences,Awaiting court outcome,
87a68db68733f9be3f0fde18cbcb7cfba2458a3b9b0a6593e98e9752452c4a8d,2025-02,South Yorkshire Police,South Yorkshire Police,-1.177943,53.496582,On or near Darrington Drive,E01007551,Doncaster 033B,Other crime,Unable to prosecute suspect,
,2025-02,South Yorkshire Police,South Yorkshire Police,-1.183450,53.497897,On or near Mayflower Road,E01007552,Doncaster 033C,Anti-social behaviour,,
a743a4bd47420bf61a1b7f6682488a4646a4525f52d39ab17ff953cf5c9812ec,2025-02,South Yorkshire Police,South Yorkshire Police,-1.182254,53.500495,On or near Cliff Crescent,E01007552,Doncaster 033C,Burglary,Investigation complete; no suspect identified,
ac5a3e97a42b43ea6d86e0eda3b8f3047be706ed9c807dd34b1304d8c1d64471,2025-02,South Yorkshire Police,South Yorkshire Police,-1.183340,53.495756,On or near Cecil Avenue,E01007552,Doncaster 033C,Burglary,Investigation complete; no suspect identified,
91ea6288414d55e399f15a51176d4066066022294ed797e30f8ccb03e3729ef0,2025-02,South Yorkshire Police,South Yorkshire Police,-1.183340,53.495756,On or near Cecil Avenue,E01007552,Doncaster 033C,Drugs,Status update unavailable,
0482510273e4953a73a5d02826657e0062c304b794765e3c1e3a26aa2209b604,2025-02,South Yorkshire Police,South Yorkshire Police,-1.184364,53.495826,On or near Norbreck Road,E01007552,Doncaster 033C,Vehicle crime,Investigation complete; no suspect identified,
57ad6c16b4fff3c4ee9f95b8dcbea83d3b0663bffbd902575f4f1ebe00a2853a,2025-02,South Yorkshire Police,South Yorkshire Police,-1.184570,53.500790,On or near Mill Lane,E01007552,Doncaster 033C,Vehicle crime,Investigation complete; no suspect identified,
98d6efbd60c228d896427207a069d84409c02f1c8fde3e872b7cf6c6da6b90f5,2025-02,South Yorkshire Police,South Yorkshire Police,-1.184268,53.501605,On or near Pamela Drive,E01007552,Doncaster 033C,Violence and sexual offences,Unable to prosecute suspect,
,2025-02,South Yorkshire Police,South Yorkshire Police,-1.170027,53.435656,On or near Old Scotch Spring Lane,E01007613,Doncaster 033D,Anti-social behaviour,,
,2025-02,South Yorkshire Police,South Yorkshire Police,-1.146050,53.455820,On or near Wilsic Lane,E01007613,Doncaster 033D,Anti-social behaviour,,
,2025-02,South Yorkshire Police,South Yorkshire Police,-1.201321,53.447725,On or near Doncaster Road,E01007613,Doncaster 033D,Anti-social behaviour,,
45b4b233cc9513a1b2fb654140c294c5b077040f3e1a33e4a292231c8430fbc2,2025-02,South Yorkshire Police,South Yorkshire Police,-1.179773,53.434501,On or near Stainton Lane,E01007613,Doncaster 033D,Burglary,Investigation complete; no suspect identified,
2dab3176390c706a50007e27907ef8d4c4289e41e2f040d83c8569044aec1d19,2025-02,South Yorkshire Police,South Yorkshire Police,-1.202354,53.447274,On or near Birchwood Gardens,E01007613,Doncaster 033D,Burglary,Investigation complete; no suspect identified,
a659182e81e875a93d7dfcbc05d52887b73739ae9fd2c6936428862f15f4c604,2025-02,South Yorkshire Police,South Yorkshire Police,-1.232170,53.473770,On or near Kearsley Lane,E01007613,Doncaster 033D,Vehicle crime,Investigation complete; no suspect identified,
,2025-02,South Yorkshire Police,South Yorkshire Police,-1.175262,53.486362,On or near Broomhouse Lane,E01007545,Doncaster 034A,Anti-social behaviour,,
,2025-02,South Yorkshire Police,South Yorkshire Police,-1.188265,53.486541,On or near Queen'S Crescent,E01007545,Doncaster 034A,Anti-social behaviour,,
eb21943d6a54ea8f176a6c396016b543a7bf583a8cf698501c56cb7f70e38f3a,2025-02,South Yorkshire Police,South Yorkshire Police,-1.182611,53.489028,On or near Lords Close,E01007545,Doncaster 034A,Criminal damage and arson,Unable to prosecute suspect,
8d50ff5b4adb4d9255761746d83aa7e696b7c951c7363d7ab08f0a5cee28a000,2025-02,South Yorkshire Police,South Yorkshire Police,-1.188265,53.486541,On or near Queen'S Crescent,E01007545,Doncaster 034A,Criminal damage and arson,Unable to prosecute suspect,
08bb7489c576e1070fda36835caa59cfd15e9ecda852eb94142ba5b993c32da4,2025-02,South Yorkshire Police,South Yorkshire Police,-1.181542,53.488158,On or near Century Court,E01007545,Doncaster 034A,Drugs,Investigation complete; no suspect identified,
84de4dc5c2b52040a483a0e95b6f3903310444c3a50cba60a3efd0dcb6acd41c,2025-02,South Yorkshire Police,South Yorkshire Police,-1.184100,53.487618,On or near Trent Close,E01007545,Doncaster 034A,Public order,Unable to prosecute suspect,
c37f41c76d67875600232f8e52758560085306b7e51a555c73496a405055cde6,2025-02,South Yorkshire Police,South Yorkshire Police,-1.186420,53.485261,On or near Johnson Court,E01007545,Doncaster 034A,Shoplifting,Awaiting court outcome,
2b43122a1d4b21340bc2ea11bf6e8a1a52b9770cd7447ff4c64727eabb824353,2025-02,South Yorkshire Police,South Yorkshire Police,-1.186420,53.485261,On or near Johnson Court,E01007545,Doncaster 034A,Shoplifting,Investigation complete; no suspect identified,
3661f8a67f206d635f18bceb7b842ee5350de062238db52508622dc524cf49bb,2025-02,South Yorkshire Police,South Yorkshire Police,-1.186420,53.485261,On or near Johnson Court,E01007545,Doncaster 034A,Shoplifting,Investigation complete; no suspect identified,
ce19899102fa52cb534fdb76a80d80643b0bc2d92cf3425a25b4f8c8a63d9f42,2025-02,South Yorkshire Police,South Yorkshire Police,-1.188265,53.486541,On or near Queen'S Crescent,E01007545,Doncaster 034A,Shoplifting,Investigation complete; no suspect identified,
96dbf32c05cc3f5e905f95390c78d0331f09c8a61250a19e248dfae2ac6350b5,2025-02,South Yorkshire Police,South Yorkshire Police,-1.186420,53.485261,On or near Johnson Court,E01007545,Doncaster 034A,Shoplifting,Investigation complete; no suspect identified,
94bbe986a3ad43ced988c6d9b60ebb1dabfdea276a50284f220dd5328b92f0b5,2025-02,South Yorkshire Police,South Yorkshire Police,-1.186420,53.485261,On or near Johnson Court,E01007545,Doncaster 034A,Shoplifting,Investigation complete; no suspect identified,
1473f4817d8c15043ea36a3459dfc6ad598c5a158326e2a01d018774cf8f9ba1,2025-02,South Yorkshire Police,South Yorkshire Police,-1.186420,53.485261,On or near Johnson Court,E01007545,Doncaster 034A,Shoplifting,Investigation complete; no suspect identified,
cf626d83aab09e2ea6cf7eeec488a14da656d27f02d0174d2d807fef696b6faf,2025-02,South Yorkshire Police,South Yorkshire Police,-1.183872,53.486115,On or near Willow Drive,E01007545,Doncaster 034A,Vehicle crime,Investigation complete; no suspect identified,
87348b21a20fa0a6912c9186cf8b8cb1b3ef2d040634ba83bb5051d0872132c0,2025-02,South Yorkshire Police,South Yorkshire Police,-1.188358,53.487197,On or near Victoria Road,E01007545,Doncaster 034A,Violence and sexual offences,Awaiting court outcome,
40bf125b34908df000a6b635c82a351c031cad42d0178d5ded2464127102b234,2025-02,South Yorkshire Police,South Yorkshire Police,-1.188265,53.486541,On or near Queen'S Crescent,E01007545,Doncaster 034A,Violence and sexual offences,Investigation complete; no suspect identified,
6520045e37a0f227c03616f95e8ee2494971792dc2e878e06676bfdad09b83ad,2025-02,South Yorkshire Police,South Yorkshire Police,-1.182584,53.487293,On or near Pavillion Close,E01007545,Doncaster 034A,Violence and sexual offences,Unable to prosecute suspect,
45ac998c24e7111b5b16bf190223ca6b86e5d6be610bca07eed267ae98c42bed,2025-02,South Yorkshire Police,South Yorkshire Police,-1.188265,53.486541,On or near Queen'S Crescent,E01007545,Doncaster 034A,Violence and sexual offences,Investigation complete; no suspect identified,
,2025-02,South Yorkshire Police,South Yorkshire Police,-1.192945,53.482123,On or near Bungalow Road,E01007547,Doncaster 034B,Anti-social behaviour,,
,2025-02,South Yorkshire Police,South Yorkshire Police,-1.192945,53.482123,On or near Bungalow Road,E01007547,Doncaster 034B,Anti-social behaviour,,
,2025-02,South Yorkshire Police,South Yorkshire Police,-1.188908,53.485215,On or near The Crescent,E01007547,Doncaster 034B,Anti-social behaviour,,
c10855414be2d3cd34bb6e121e3390dedde5f5906849c8adf1d085d94de56b2b,2025-02,South Yorkshire Police,South Yorkshire Police,-1.191314,53.483110,On or near Gordon Road,E01007547,Doncaster 034B,Burglary,Unable to prosecute suspect,
ac627b8f4b4f1a1b1c7d7da442bf699c6e44934450ca98563eb34b560a7e12ae,2025-02,South Yorkshire Police,South Yorkshire Police,-1.189972,53.484737,On or near Wellington Road,E01007547,Doncaster 034B,Burglary,Investigation complete; no suspect identified,
3667329ac398e17a469f257a96e1b1e24ec7466607bf34385e6201802c7260f6,2025-02,South Yorkshire Police,South Yorkshire Police,-1.188908,53.485215,On or near The Crescent,E01007547,Doncaster 034B,Criminal damage and arson,Unable to prosecute suspect,
b66002a0ae0e9b478f059aef9c047fcd06da7b4595a2cd386b82c19206d7d984,2025-02,South Yorkshire Police,South Yorkshire Police,-1.188908,53.485215,On or near The Crescent,E01007547,Doncaster 034B,Criminal damage and arson,Unable to prosecute suspect,
5dac8d08764f2d2aa97d8acea286c46830c7652ef5c2680805900422a67e22e3,2025-02,South Yorkshire Police,South Yorkshire Police,-1.192945,53.482123,On or near Bungalow Road,E01007547,Doncaster 034B,Criminal damage and arson,Further action is not in the public interest,
640f28248f4dad6f733cd9d0c1afc845c672a58b4e3b7882195236c31532684f,2025-02,South Yorkshire Police,South Yorkshire Police,-1.193465,53.480931,On or near Thompson Avenue,E01007547,Doncaster 034B,Criminal damage and arson,Unable to prosecute suspect,
754fec19900b90913633c6b10d642ec313e8b950f8abc79cb6c0ea1257378799,2025-02,South Yorkshire Police,South Yorkshire Police,-1.193465,53.480931,On or near Thompson Avenue,E01007547,Doncaster 034B,Criminal damage and arson,Unable to prosecute suspect,
6d17ccd6e671356659c4ce24d2c195a8b71522ce687e036823558f0adac1f4a4,2025-02,South Yorkshire Police,South Yorkshire Police,-1.194666,53.480382,On or near Baines Avenue,E01007547,Doncaster 034B,Criminal damage and arson,Investigation complete; no suspect identified,
352743e9ef2ae5b2fdcb90f1e76b677d0915cbbdb283c1942b32a8793a376e1e,2025-02,South Yorkshire Police,South Yorkshire Police,-1.192187,53.484743,On or near St John'S Road,E01007547,Doncaster 034B,Other theft,Investigation complete; no suspect identified,
434a3ece448a9a3063d2ab82713fc1f5e306776ea1ba4cd4e92b9824942c1e66,2025-02,South Yorkshire Police,South Yorkshire Police,-1.194666,53.480382,On or near Baines Avenue,E01007547,Doncaster 034B,Other theft,Unable to prosecute suspect,
ff8b189f5f4c07032b093c763828563c2bb27e7864e87ac1291996c290e2885a,2025-02,South Yorkshire Police,South Yorkshire Police,-1.192945,53.482123,On or near Bungalow Road,E01007547,Doncaster 034B,Possession of weapons,Awaiting court outcome,
46550d8c8d4e8e0a58e8704d9df1bfd5395bf869e97ea9ecfda283fbc7c31b0c,2025-02,South Yorkshire Police,South Yorkshire Police,-1.192945,53.482123,On or near Bungalow Road,E01007547,Doncaster 034B,Shoplifting,Awaiting court outcome,
1a18e331f9c05417ee3402d5c34480b1f3f8bc4046379a55d83ff34b7c23df25,2025-02,South Yorkshire Police,South Yorkshire Police,-1.192945,53.482123,On or near Bungalow Road,E01007547,Doncaster 034B,Shoplifting,Investigation complete; no suspect identified,
dc4a8c6b3ed9ebdf4503bbe490a051a23fb4a8d0db58c5643ec7f1267f83196f,2025-02,South Yorkshire Police,South Yorkshire Police,-1.192945,53.482123,On or near Bungalow Road,E01007547,Doncaster 034B,Shoplifting,Investigation complete; no suspect identified,
9f507cc851cccde9db9d54bb47a6f322dff3ba7192f92c982aae163b1708b324,2025-02,South Yorkshire Police,South Yorkshire Police,-1.193420,53.483322,On or near Hazel Road,E01007547,Doncaster 034B,Vehicle crime,Investigation complete; no suspect identified,
b89af737d30a359fb8e8aaeda416cc6dc8f488002c5af3e4a494c0b0fddf8fa9,2025-02,South Yorkshire Police,South Yorkshire Police,-1.193465,53.480931,On or near Thompson Avenue,E01007547,Doncaster 034B,Violence and sexual offences,Unable to prosecute suspect,
1f318e31d44ed7d0e5f79192950c85e069ae3506adbbb259010a38bbfb27b8d7,2025-02,South Yorkshire Police,South Yorkshire Police,-1.193465,53.480931,On or near Thompson Avenue,E01007547,Doncaster 034B,Violence and sexual offences,Unable to prosecute suspect,
727e34752011b516941641a1319533b20faa0b56a44c95db766edfd94f1a278d,2025-02,South Yorkshire Police,South Yorkshire Police,-1.190658,53.485110,On or near Main Avenue,E01007547,Doncaster 034B,Violence and sexual offences,Unable to prosecute suspect,
9277719e01b066513265c69f99b31fc04742480abcc6999847d33bdcecaae4b3,2025-02,South Yorkshire Police,South Yorkshire Police,-1.190658,53.485110,On or near Main Avenue,E01007547,Doncaster 034B,Violence and sexual offences,Unable to prosecute suspect,
0a5af25e61091e0000ce955f9435b72867e3c309a76c97a2cfe2d9aa79c86782,2025-02,South Yorkshire Police,South Yorkshire Police,-1.192945,53.482123,On or near Bungalow Road,E01007547,Doncaster 034B,Violence and sexual offences,Investigation complete; no suspect identified,
6cb3be92ffdcef5d698e9a7c9f1a219ee2d25d6b53b823abaafb05e143e0cdcd,2025-02,South Yorkshire Police,South Yorkshire Police,-1.192945,53.482123,On or near Bungalow Road,E01007547,Doncaster 034B,Violence and sexual offences,Investigation complete; no suspect identified,
917e0a9766c525a45b8782bcf9b44337f8876da7dc899251dfc55d971b85b387,2025-02,South Yorkshire Police,South Yorkshire Police,-1.193465,53.480931,On or near Thompson Avenue,E01007547,Doncaster 034B,Violence and sexual offences,Unable to prosecute suspect,
013383a56dff195efcb8e83873f058cd217618dc890cad6be41652a4d059b7f9,2025-02,South Yorkshire Police,South Yorkshire Police,-1.190233,53.481296,On or near Cross Street,E01007547,Doncaster 034B,Violence and sexual offences,Awaiting court outcome,
4cc2bef4bcfbbdf974b2075c346a4e5870f9c94aca8c515fba5062edc250c31c,2025-02,South Yorkshire Police,South Yorkshire Police,-1.189972,53.484737,On or near Wellington Road,E01007547,Doncaster 034B,Violence and sexual offences,Unable to prosecute suspect,
411652e19fa16d74bee1517b7a0a2a216b1ae13e036f180d366cd57f80a5d0fe,2025-02,South Yorkshire Police,South Yorkshire Police,-1.194666,53.480382,On or near Baines Avenue,E01007547,Doncaster 034B,Violence and sexual offences,Unable to prosecute suspect,
559f9f772f4bc80ec985964f50fb247b7f2b414df59d2ce7cbd8b6a2099b1164,2025-02,South Yorkshire Police,South Yorkshire Police,-1.193465,53.480931,On or near Thompson Avenue,E01007547,Doncaster 034B,Violence and sexual offences,Unable to prosecute suspect,
0e0fdf9e5e7f90b3632d6e357203108f53d906005b40a893afc920ec18f080ab,2025-02,South Yorkshire Police,South Yorkshire Police,-1.190233,53.481296,On or near Cross Street,E01007547,Doncaster 034B,Violence and sexual offences,Awaiting court outcome,
921e0b8e50bb37b83d58ac136d0259e45ab5a7c5be920ebd0ffefc9dfd4bb3e3,2025-02,South Yorkshire Police,South Yorkshire Police,-1.190233,53.481296,On or near Cross Street,E01007547,Doncaster 034B,Violence and sexual offences,Awaiting court outcome,
98b1b6003815ad2d5885f8e9323badb76d4894bb794b9fc1ccb5c77e71462b38,2025-02,South Yorkshire Police,South Yorkshire Police,-1.193465,53.480931,On or near Thompson Avenue,E01007547,Doncaster 034B,Violence and sexual offences,Status update unavailable,
159e115fad969bab16ede5f54bc73c52b2d66b93fc380c3b0a10cb87a1489c7b,2025-02,South Yorkshire Police,South Yorkshire Police,-1.193465,53.480931,On or near Thompson Avenue,E01007547,Doncaster 034B,Violence and sexual offences,Unable to prosecute suspect,
5ae08c09e912687098c62da4935af3e2c5bd304a479797725b84b25c68c9e4c5,2025-02,South Yorkshire Police,South Yorkshire Police,-1.192187,53.484743,On or near St John'S Road,E01007547,Doncaster 034B,Other crime,Further action is not in the public interest,
,2025-02,South Yorkshire Police,South Yorkshire Police,-1.181479,53.482036,On or near Rocksand Drive,E01007548,Doncaster 034C,Anti-social behaviour,,
,2025-02,South Yorkshire Police,South Yorkshire Police,-1.181479,53.482036,On or near Rocksand Drive,E01007548,Doncaster 034C,Anti-social behaviour,,
,2025-02,South Yorkshire Police,South Yorkshire Police,-1.183370,53.480871,On or near Pommern Drive,E01007548,Doncaster 034C,Anti-social behaviour,,
3bf13322e6c3a28e0c0a9c86526945d652da14b48055cacdc51a75cd1f4b2c07,2025-02,South Yorkshire Police,South Yorkshire Police,-1.184480,53.480367,On or near Isinglass Drive,E01007548,Doncaster 034C,Bicycle theft,Investigation complete; no suspect identified,
7f1c4771de2ebda529225c606aa917b5809ce91605b701c79e4cee831f3f6b62,2025-02,South Yorkshire Police,South Yorkshire Police,-1.181479,53.482036,On or near Rocksand Drive,E01007548,Doncaster 034C,Burglary,Investigation complete; no suspect identified,
51b69028ae329cc94667aa6ede068c5aceb587ea756742b21da1c9911762f146,2025-02,South Yorkshire Police,South Yorkshire Police,-1.189544,53.478693,On or near Lilac Crescent,E01007548,Doncaster 034C,Criminal damage and arson,Unable to prosecute suspect,
c752953bd021e30f7057bd375249e5bde42a5ef0a3de43df5e4a87b0c258a338,2025-02,South Yorkshire Police,South Yorkshire Police,-1.182142,53.482850,On or near Newbridge Grove,E01007548,Doncaster 034C,Criminal damage and arson,Investigation complete; no suspect identified,
c592837ba1d816d63ac2e3c0d18b45b8c9f1990256b6ca2326fe780cbdb3c5db,2025-02,South Yorkshire Police,South Yorkshire Police,-1.183631,53.479830,On or near Roberts Road,E01007548,Doncaster 034C,Criminal damage and arson,Unable to prosecute suspect,
05287b7f64df0babb4fb908d82fe181b92f2136ce60713e7573a9bbb4abf2ae6,2025-02,South Yorkshire Police,South Yorkshire Police,-1.186505,53.480039,On or near Stubbins Hill,E01007548,Doncaster 034C,Criminal damage and arson,Investigation complete; no suspect identified,
1697f27b99f382124b392b2cbbcf76bbb9befb102d885607b0c8f7c2e4456f61,2025-02,South Yorkshire Police,South Yorkshire Police,-1.185895,53.478866,On or near Martin Wells Road,E01007548,Doncaster 034C,Other theft,Unable to prosecute suspect,
e562b96df7b655c609da5c36cf79d77605b298ccdf338c81fdd56006c8287937,2025-02,South Yorkshire Police,South Yorkshire Police,-1.183631,53.479830,On or near Roberts Road,E01007548,Doncaster 034C,Robbery,Investigation complete; no suspect identified,
bb39e9271e6d60f22fe2b00429e5d2523c6f6136500dc9c36ed5839f0ad07b3a,2025-02,South Yorkshire Police,South Yorkshire Police,-1.183994,53.480534,On or near Ormonde Avenue,E01007548,Doncaster 034C,Vehicle crime,Investigation complete; no suspect identified,
7110989b237c384613293b16e84bcf17dd545b09506cd8f6ef56a4c8268ddc70,2025-02,South Yorkshire Police,South Yorkshire Police,-1.184754,53.481771,On or near Granby Road,E01007548,Doncaster 034C,Vehicle crime,Investigation complete; no suspect identified,
ee00b525061898949e465fe1b71a5d3d9253206a8d0e34bf6ef8db64ab30bb96,2025-02,South Yorkshire Police,South Yorkshire Police,-1.184754,53.481771,On or near Granby Road,E01007548,Doncaster 034C,Violence and sexual offences,Unable to prosecute suspect,
6220900fbc93e1f449872f1c6ccf16d1d1e52de5cebb76d3c93405d20abc1f05,2025-02,South Yorkshire Police,South Yorkshire Police,-1.183631,53.479830,On or near Roberts Road,E01007548,Doncaster 034C,Violence and sexual offences,Unable to prosecute suspect,
a8fb2406086473ba09ae311dd42276836ed1e59c4f973ed9c24b6a66ab8f55e8,2025-02,South Yorkshire Police,South Yorkshire Police,-1.183631,53.479830,On or near Roberts Road,E01007548,Doncaster 034C,Violence and sexual offences,Unable to prosecute suspect,
7926c89466563ffcacaeb9bcb08bb1763d0e558f8194675ccc3b4505fa3e0540,2025-02,South Yorkshire Police,South Yorkshire Police,-1.183631,53.479830,On or near Roberts Road,E01007548,Doncaster 034C,Violence and sexual offences,Awaiting court outcome,
7342fa6d6626e8cee7fb2f602ff1ac138dd18d9026f6f4700a0e7d89fcf23fc7,2025-02,South Yorkshire Police,South Yorkshire Police,-1.188145,53.480176,On or near Castle View,E01007548,Doncaster 034C,Violence and sexual offences,Offender given a caution,
22d8142d2d11b6f8611798c7ae02ce588093a26fcc98190740215e087a9363d1,2025-02,South Yorkshire Police,South Yorkshire Police,-1.183994,53.480534,On or near Ormonde Avenue,E01007548,Doncaster 034C,Violence and sexual offences,Unable to prosecute suspect,
8f3bd9366d76157aefd75460e3ac4744879afaeb97b4b2e1ec9dc17cc1ea1722,2025-02,South Yorkshire Police,South Yorkshire Police,-1.183631,53.479830,On or near Roberts Road,E01007548,Doncaster 034C,Other crime,Awaiting court outcome,
e58ae7f5951a1859b586bcacf1c4c111db817c263cd9247d65bab868bd22c620,2025-02,South Yorkshire Police,South Yorkshire Police,-1.192346,53.477975,On or near Linden Grove,E01007549,Doncaster 034D,Vehicle crime,Investigation complete; no suspect identified,
b70ae553303d82f3c7936dae2ee0198a79826a35fadf522c24588c6610b2ff38,2025-02,South Yorkshire Police,South Yorkshire Police,-1.194573,53.475725,On or near Mallin Drive,E01007549,Doncaster 034D,Violence and sexual offences,Unable to prosecute suspect,
9c8a7d2795ced2fee8d820c207cdcefbaa4a2a1b9f1297162263586e6ad4b465,2025-02,South Yorkshire Police,South Yorkshire Police,-1.199301,53.479092,On or near Grainger Close,E01007549,Doncaster 034D,Violence and sexual offences,Unable to prosecute suspect,
7d4ca1896cf3922e4996734f772e6803fcc1cbda5b6083576aff4439b1445d3e,2025-02,South Yorkshire Police,South Yorkshire Police,-1.197610,53.476087,On or near Hillside Drive,E01007549,Doncaster 034D,Violence and sexual offences,Unable to prosecute suspect,
430c0fb6d23fd42b3d00bdbc61a95b226dcdfd85502ac765e078df9811929da8,2025-02,South Yorkshire Police,South Yorkshire Police,-1.194573,53.475725,On or near Mallin Drive,E01007549,Doncaster 034D,Violence and sexual offences,Unable to prosecute suspect,
,2025-02,South Yorkshire Police,South Yorkshire Police,-1.190011,53.474777,On or near Tait Avenue,E01007550,Doncaster 034E,Anti-social behaviour,,
,2025-02,South Yorkshire Police,South Yorkshire Police,-1.187874,53.475428,On or near Top View Crescent,E01007550,Doncaster 034E,Anti-social behaviour,,
42bf183e7da0b0c58ee1a21008f1bc532de774c082355a5ffb96bf879a4d42d9,2025-02,South Yorkshire Police,South Yorkshire Police,-1.196878,53.470167,On or near School Walk,E01007550,Doncaster 034E,Criminal damage and arson,Local resolution,
cc135ae9fc48736b0706e1411ac4df7bee2cc47047212351871b0d60578d9bee,2025-02,South Yorkshire Police,South Yorkshire Police,-1.200162,53.469363,On or near Rectory Gardens,E01007550,Doncaster 034E,Other theft,Investigation complete; no suspect identified,
2ed1719564f07d33fea155f1997f5830d2f67fa7ef9a54c5cfbf6dab4f8d0521,2025-02,South Yorkshire Police,South Yorkshire Police,-1.189636,53.477040,On or near Violet Avenue,E01007550,Doncaster 034E,Other theft,Investigation complete; no suspect identified,
48fa879f24ee51649c009f5ce1a4fba2e4f8c5aed80dac92c707ffec8285fa4c,2025-02,South Yorkshire Police,South Yorkshire Police,-1.200162,53.469363,On or near Rectory Gardens,E01007550,Doncaster 034E,Possession of weapons,Unable to prosecute suspect,
a3af71907beb96557f02c171ae3dd9ade337ab1b0c0d45b0d747deec4b1b41b0,2025-02,South Yorkshire Police,South Yorkshire Police,-1.187874,53.475428,On or near Top View Crescent,E01007550,Doncaster 034E,Public order,Investigation complete; no suspect identified,
7c13be24e516b21fd4349efb041e3b272e9d23660e0569a9b196f03c890cf82a,2025-02,South Yorkshire Police,South Yorkshire Police,-1.187874,53.475428,On or near Top View Crescent,E01007550,Doncaster 034E,Public order,Unable to prosecute suspect,
0fdbc0982e5205a816fd3af32751ccda03bc349a2c801da9ba1b1aaa73518aba,2025-02,South Yorkshire Police,South Yorkshire Police,-1.188067,53.478728,On or near Windermere Grange,E01007550,Doncaster 034E,Violence and sexual offences,Unable to prosecute suspect,
08edaa548543c48aa27ce5f5a7b932381beee69d57609ff5ad2259cb4f2777dd,2025-02,South Yorkshire Police,South Yorkshire Police,-1.188267,53.476141,On or near Clark Avenue,E01007550,Doncaster 034E,Violence and sexual offences,Unable to prosecute suspect,
c4f7d010781ffb4cde7b23e17bd19f1e1c82043c6cd0ca5aa12e03b0c675a23c,2025-02,South Yorkshire Police,South Yorkshire Police,-1.188267,53.476141,On or near Clark Avenue,E01007550,Doncaster 034E,Violence and sexual offences,Investigation complete; no suspect identified,
f8a0a02b9fa4a1923bc7b7de68139ce5d822027ad57058249485289dd2253dd6,2025-02,South Yorkshire Police,South Yorkshire Police,-1.222445,53.477483,On or near Medley View,E01007537,Doncaster 035A,Burglary,Investigation complete; no suspect identified,
f4bd0fd23be2d86c9d9f56aaae6bba54e8d13a156257904e336d737b2b78cb63,2025-02,South Yorkshire Police,South Yorkshire Police,-1.224594,53.478593,On or near B6094,E01007537,Doncaster 035A,Burglary,Investigation complete; no suspect identified,
2c0b5e80772f382954444d0ef84793ed0dbd550ba45d2f15c2cbf321bff29e20,2025-02,South Yorkshire Police,South Yorkshire Police,-1.226932,53.480145,On or near A630,E01007537,Doncaster 035A,Public order,Unable to prosecute suspect,
d60864ad80e2e6f24d3f9e72eb1a2c7decb2ab42dea983abd0bcd0d3a5728ecb,2025-02,South Yorkshire Police,South Yorkshire Police,-1.227502,53.481129,On or near New Hill,E01007537,Doncaster 035A,Theft from the person,Investigation complete; no suspect identified,
0926bf66506d51d78f3255b0aac8f6316cbf686522917ecd5664b3ba7efd6541,2025-02,South Yorkshire Police,South Yorkshire Police,-1.227502,53.481129,On or near New Hill,E01007537,Doncaster 035A,Violence and sexual offences,Unable to prosecute suspect,
91b48dd785008f764b31722c33df4d4d8adbbfea1d55373d67e2e7517db5730e,2025-02,South Yorkshire Police,South Yorkshire Police,-1.217005,53.481582,On or near Wheat Croft,E01007537,Doncaster 035A,Violence and sexual offences,Unable to prosecute suspect,
ffc36c091cb6859f70f39845b6650c83d843467562d9c345dd03f5c73e4abf47,2025-02,South Yorkshire Police,South Yorkshire Police,-1.217005,53.481582,On or near Wheat Croft,E01007537,Doncaster 035A,Violence and sexual offences,Unable to prosecute suspect,
72e1af1510d2b588ea653185ea575654a340e198b73e8e83ae2fca0db6fc06aa,2025-02,South Yorkshire Police,South Yorkshire Police,-1.221008,53.477806,On or near Snake Lane,E01007537,Doncaster 035A,Other crime,Further investigation is not in the public interest,
,2025-02,South Yorkshire Police,South Yorkshire Police,-1.243423,53.482363,On or near Wembley Avenue,E01007538,Doncaster 035B,Anti-social behaviour,,
,2025-02,South Yorkshire Police,South Yorkshire Police,-1.248037,53.481314,On or near Denaby Avenue,E01007538,Doncaster 035B,Anti-social behaviour,,
c871ccb85b3e7b73a1cd56485bc5953a0ebd2fb3e37cb6dbe67cc33958600b14,2025-02,South Yorkshire Police,South Yorkshire Police,-1.246177,53.481706,On or near Parkgate Avenue,E01007538,Doncaster 035B,Burglary,Investigation complete; no suspect identified,
4899958ee18384217aac7ee5b029abaad9ae16e09befd47a9da7716dff118d11,2025-02,South Yorkshire Police,South Yorkshire Police,-1.249067,53.481868,On or near Gomersall Avenue,E01007538,Doncaster 035B,Violence and sexual offences,Unable to prosecute suspect,
153cc687bef3c761a46871917dc5ea2f6fc11a42a7858c8fab5a5e6888905f80,2025-02,South Yorkshire Police,South Yorkshire Police,-1.249067,53.481868,On or near Gomersall Avenue,E01007538,Doncaster 035B,Violence and sexual offences,Unable to prosecute suspect,
90730059c8e79211415ce85f19e0edee8e37ae3bcd9afe048784c3f2fa7d4df6,2025-02,South Yorkshire Police,South Yorkshire Police,-1.248014,53.482608,On or near Pope Avenue,E01007538,Doncaster 035B,Violence and sexual offences,Investigation complete; no suspect identified,
f568552cf19571d3d1c2dc16b12ff281ee270d882ff73ad9068418add9dbb79c,2025-02,South Yorkshire Police,South Yorkshire Police,-1.243762,53.481053,On or near Scott Avenue,E01007538,Doncaster 035B,Other crime,Unable to prosecute suspect,
,2025-02,South Yorkshire Police,South Yorkshire Police,-1.235556,53.484066,On or near Athelstane Road,E01007539,Doncaster 035C,Anti-social behaviour,,
,2025-02,South Yorkshire Police,South Yorkshire Police,-1.241949,53.483001,On or near Cadeby Avenue,E01007539,Doncaster 035C,Anti-social behaviour,,
974c9965775819236b44c817e8c427c34f534e4701073b3ffb1d01585adcb15d,2025-02,South Yorkshire Police,South Yorkshire Police,-1.239422,53.480252,On or near Sickleworks Close,E01007539,Doncaster 035C,Burglary,Investigation complete; no suspect identified,
a40cec046d024a6a019470a29c46b9f15441843c32a79046a5dea444c063630d,2025-02,South Yorkshire Police,South Yorkshire Police,-1.242525,53.483688,On or near Barnsley Avenue,E01007539,Doncaster 035C,Criminal damage and arson,Status update unavailable,
5f3760da41a3911ef7b0f5b8442385e47df9525393f7d7458a470b8a55ec08c1,2025-02,South Yorkshire Police,South Yorkshire Police,-1.242525,53.483688,On or near Barnsley Avenue,E01007539,Doncaster 035C,Criminal damage and arson,Investigation complete; no suspect identified,
fdbad25ce37001e72569f5654c6de1484f40ce22ee925261179e99f8c5cfeac4,2025-02,South Yorkshire Police,South Yorkshire Police,-1.238377,53.483050,On or near Gardens Lane,E01007539,Doncaster 035C,Possession of weapons,Unable to prosecute suspect,
a0fa62c90e597aa827d50e5ea966d920a350a4bced4e308938da4fe976722649,2025-02,South Yorkshire Police,South Yorkshire Police,-1.242525,53.483688,On or near Barnsley Avenue,E01007539,Doncaster 035C,Public order,Status update unavailable,
7d87fc261e00f67c552b48aa14cee3285ed7f19bb49933d03167998148e437f3,2025-02,South Yorkshire Police,South Yorkshire Police,-1.237333,53.483295,On or near Rowena Road,E01007539,Doncaster 035C,Public order,Unable to prosecute suspect,
9f58a83b57a39bdfcc3edcdba0f47a7bd9115a673fedaa2f032e14b446e084c6,2025-02,South Yorkshire Police,South Yorkshire Police,-1.237971,53.481313,On or near St David'S Road,E01007539,Doncaster 035C,Public order,Unable to prosecute suspect,
df531b611b62e9935a9cef9a5f6f167d0dd72eba961d5ee8249b4713ee9b9005,2025-02,South Yorkshire Police,South Yorkshire Police,-1.234455,53.480769,On or near Warren Road,E01007539,Doncaster 035C,Public order,Unable to prosecute suspect,
2369afcaee84f339d34791621844020b994553d47a34e8650d2c9ca158b14f2c,2025-02,South Yorkshire Police,South Yorkshire Police,-1.237333,53.483295,On or near Rowena Road,E01007539,Doncaster 035C,Robbery,Investigation complete; no suspect identified,
9b5989003baacd5990b05deebb7636a12da5667399752d31f0ce92c208cf90bd,2025-02,South Yorkshire Police,South Yorkshire Police,-1.237333,53.483295,On or near Rowena Road,E01007539,Doncaster 035C,Vehicle crime,Unable to prosecute suspect,
cddbbb79af28fe33701d923c368f5dc48f342ad14bc9fa05edd8a8a9c95e37e3,2025-02,South Yorkshire Police,South Yorkshire Police,-1.236278,53.480781,On or near Conan Road,E01007539,Doncaster 035C,Violence and sexual offences,Investigation complete; no suspect identified,
5b139119689e10ea778e98edd5b2f4ffd0cb0e99d39c1f65d5455fa5f81186ef,2025-02,South Yorkshire Police,South Yorkshire Police,-1.242525,53.483688,On or near Barnsley Avenue,E01007539,Doncaster 035C,Violence and sexual offences,Status update unavailable,
5220fa4e5d6895f5189a3672b480a22b19dc7e9688cdda6182c385c75b6f8fd8,2025-02,South Yorkshire Police,South Yorkshire Police,-1.237971,53.481313,On or near St David'S Road,E01007539,Doncaster 035C,Violence and sexual offences,Investigation complete; no suspect identified,
6d7eaa95fc421cf0c3ebfd27ba68a2ace068532cd2a0b5b24348ac59f1d9a798,2025-02,South Yorkshire Police,South Yorkshire Police,-1.241949,53.483001,On or near Cadeby Avenue,E01007539,Doncaster 035C,Violence and sexual offences,Unable to prosecute suspect,
cef14d146b92d44f79b70969bf3e91326eafd1eb60ae6646586f34d87ee9e726,2025-02,South Yorkshire Police,South Yorkshire Police,-1.234455,53.480769,On or near Warren Road,E01007539,Doncaster 035C,Violence and sexual offences,Unable to prosecute suspect,
41cabb79578afcbbe0c717c918f5f506b4862c05af7a47d62a18abd15dec4bdd,2025-02,South Yorkshire Police,South Yorkshire Police,-1.237971,53.481313,On or near St David'S Road,E01007539,Doncaster 035C,Violence and sexual offences,Unable to prosecute suspect,
d4f9ba8635fb58aca6781cb37f4e0c1bd1f5782f92f8079aa545232a43bda561,2025-02,South Yorkshire Police,South Yorkshire Police,-1.243938,53.483912,On or near Markham Court,E01007539,Doncaster 035C,Violence and sexual offences,Unable to prosecute suspect,
37d1e3606f803239d2e30ece33006ace276efb0b11984728d71b3ce9634d7fcc,2025-02,South Yorkshire Police,South Yorkshire Police,-1.233750,53.480567,On or near Hameline Road,E01007539,Doncaster 035C,Violence and sexual offences,Unable to prosecute suspect,
221d35620c35bcaa15be28dbde1603e00b9d52e02a75396f7eff999feeae5ff1,2025-02,South Yorkshire Police,South Yorkshire Police,-1.239422,53.480252,On or near Sickleworks Close,E01007539,Doncaster 035C,Violence and sexual offences,Unable to prosecute suspect,
a6bcbb0ee85579359d354a4cd2bf81a14de09b59216197b2b309427aa65cb7a2,2025-02,South Yorkshire Police,South Yorkshire Police,-1.235556,53.484066,On or near Athelstane Road,E01007539,Doncaster 035C,Violence and sexual offences,Unable to prosecute suspect,
7d8e9d79d385afd85ddba9b280acc682f02c4b061e48ea5a923c477ca7102070,2025-02,South Yorkshire Police,South Yorkshire Police,-1.237971,53.481313,On or near St David'S Road,E01007539,Doncaster 035C,Violence and sexual offences,Unable to prosecute suspect,
b2924af454c2f2e0259ca2b4cd8e965011d8f419ff06006221849ec11f11a4d6,2025-02,South Yorkshire Police,South Yorkshire Police,-1.235556,53.484066,On or near Athelstane Road,E01007539,Doncaster 035C,Other crime,Further investigation is not in the public interest,
5ba60b493ec18f0ed23aa3f8517cb170a42bf78f50ae96a0549a3e5b24314cdc,2025-02,South Yorkshire Police,South Yorkshire Police,-1.237971,53.481313,On or near St David'S Road,E01007539,Doncaster 035C,Other crime,Unable to prosecute suspect,
c722528ffd209628caa48a5d2afebb6b45479455c284cf165938a1476dd14c43,2025-02,South Yorkshire Police,South Yorkshire Police,-1.241949,53.483001,On or near Cadeby Avenue,E01007539,Doncaster 035C,Other crime,Unable to prosecute suspect,
9c91557ee86e746d0e9f98c6aaaa21fea1b4e05d130bb9ec42dd6ec46bfc1f2e,2025-02,South Yorkshire Police,South Yorkshire Police,-1.242525,53.483688,On or near Barnsley Avenue,E01007539,Doncaster 035C,Other crime,Status update unavailable,
c70034eb0c3aebbe6ddbd260ecf3af43004c9867a132c7f166400726e2a3ff14,2025-02,South Yorkshire Police,South Yorkshire Police,-1.238651,53.476167,On or near Poplar Grove,E01007540,Doncaster 035D,Violence and sexual offences,Unable to prosecute suspect,
aa22b113091e1d30dab99e7f05c03e8148a1f50e2ab13a8113e1f17ebe1e8a9c,2025-02,South Yorkshire Police,South Yorkshire Police,-1.234440,53.479070,On or near St Peter'S Road,E01007540,Doncaster 035D,Violence and sexual offences,Unable to prosecute suspect,
6d498ce9f1a3c08885a03f8fc970ac548436ba02ac876ff10afa6f6de8c3b0ce,2025-02,South Yorkshire Police,South Yorkshire Police,-1.239812,53.476983,On or near Oak Grove,E01007540,Doncaster 035D,Violence and sexual offences,Status update unavailable,
,2025-02,South Yorkshire Police,South Yorkshire Police,-1.245976,53.477705,On or near Emmeline Drive,E01007541,Doncaster 035E,Anti-social behaviour,,
,2025-02,South Yorkshire Police,South Yorkshire Police,-1.240543,53.479037,On or near Sandal Road,E01007541,Doncaster 035E,Anti-social behaviour,,
,2025-02,South Yorkshire Police,South Yorkshire Police,-1.246742,53.477863,On or near Christable Crescent,E01007541,Doncaster 035E,Anti-social behaviour,,
,2025-02,South Yorkshire Police,South Yorkshire Police,-1.254911,53.471694,On or near Firsby Lane,E01007541,Doncaster 035E,Anti-social behaviour,,
,2025-02,South Yorkshire Police,South Yorkshire Police,-1.235123,53.476279,On or near Sheffield Road,E01007541,Doncaster 035E,Anti-social behaviour,,
db736254859fadf02c2b2f0d0751a1da557e4dea291880f84f88567506c66817,2025-02,South Yorkshire Police,South Yorkshire Police,-1.240543,53.479037,On or near Sandal Road,E01007541,Doncaster 035E,Criminal damage and arson,Investigation complete; no suspect identified,
909248462a15c60082a2033f4ad155741bfeb964011d63b8546a80e4c34face7,2025-02,South Yorkshire Police,South Yorkshire Police,-1.239315,53.479488,On or near Lewes Road,E01007541,Doncaster 035E,Criminal damage and arson,Unable to prosecute suspect,
2027b481431630fd167b2adbf930fb76602a924d9df92b863934a873d9e11ce0,2025-02,South Yorkshire Police,South Yorkshire Police,-1.245535,53.478826,On or near Old Road,E01007541,Doncaster 035E,Vehicle crime,Unable to prosecute suspect,
f3f9743dde146e6b21884154a437484ed1183dbe46fed88a5c37675f35fee555,2025-02,South Yorkshire Police,South Yorkshire Police,-1.245811,53.480221,On or near Lockesley Avenue,E01007541,Doncaster 035E,Other crime,Unable to prosecute suspect,
cee98c544ba6bcc3f5317407c8f2a0db2b92746962d54aac80e360ff75c13f24,2025-02,South Yorkshire Police,South Yorkshire Police,-1.245811,53.480221,On or near Lockesley Avenue,E01007541,Doncaster 035E,Other crime,Unable to prosecute suspect,
ff96a625993abaaf16110fe35e01a73c1d8837286ffd47e119459fb2a00586da,2025-02,South Yorkshire Police,South Yorkshire Police,-1.062819,53.470621,On or near Ashville,E01007591,Doncaster 036A,Criminal damage and arson,Investigation complete; no suspect identified,
e48c39c4d27507f81bf40f24953bdff332fbfcfc8762126c079aef1669f4ed46,2025-02,South Yorkshire Police,South Yorkshire Police,-1.065734,53.473718,On or near Morrison Drive,E01007591,Doncaster 036A,Drugs,Unable to prosecute suspect,
d4b9fbc637779a02d190a9512c9c883274b5d9942d06bbe18c1ec20276a884d6,2025-02,South Yorkshire Police,South Yorkshire Police,-1.065787,53.469233,On or near Ludgate Close,E01007591,Doncaster 036A,Vehicle crime,Investigation complete; no suspect identified,
be350a514b5bebea3abd2786291c4bc799b17e6226d8d39eb8d9d42759159345,2025-02,South Yorkshire Police,South Yorkshire Police,-1.065740,53.474131,On or near Wilkinson Avenue,E01007591,Doncaster 036A,Violence and sexual offences,Unable to prosecute suspect,
4fb00d1c56e11c0925c581a79266abf228ffcf4d0f1e7eadc52e248009a4457b,2025-02,South Yorkshire Police,South Yorkshire Police,-1.066016,53.471185,On or near Lime Tree Crescent,E01007591,Doncaster 036A,Violence and sexual offences,Unable to prosecute suspect,
f76b8d57356fea93094e29cd428ef1bce683a991b3a084fc155d287b2524ebb5,2025-02,South Yorkshire Police,South Yorkshire Police,-1.065740,53.474131,On or near Wilkinson Avenue,E01007591,Doncaster 036A,Violence and sexual offences,Status update unavailable,
dda831bf85fc0186399e6cbd05c69f84a9440fc620fc1b64aff8e454a59f39f5,2025-02,South Yorkshire Police,South Yorkshire Police,-1.055202,53.475100,On or near Castle Avenue,E01007594,Doncaster 036B,Burglary,Investigation complete; no suspect identified,
8721661b7fcc4b68393a981ea7b468f9a4ef3ce2d64a8c10c92b8a4e196e6f02,2025-02,South Yorkshire Police,South Yorkshire Police,-1.056931,53.473900,On or near Chatsworth Drive,E01007594,Doncaster 036B,Other theft,Investigation complete; no suspect identified,
3ef215ddc0a2af774ef82f5745254ec7a19bbc4b93a90a3409a902640aa2c66a,2025-02,South Yorkshire Police,South Yorkshire Police,-1.060203,53.475131,On or near Sandbeck Court,E01007594,Doncaster 036B,Vehicle crime,Investigation complete; no suspect identified,
401225cc931a55cc9e926329c7c569d16d1588c67170d3a73d847324a05eb8da,2025-02,South Yorkshire Police,South Yorkshire Police,-1.052223,53.478268,On or near Coxley Mount,E01007594,Doncaster 036B,Vehicle crime,Investigation complete; no suspect identified,
17be6184c7b7f41a2901021eff9f17fc5ca485f5b9cd15948389d1f9d5eae07f,2025-02,South Yorkshire Police,South Yorkshire Police,-1.063344,53.467982,On or near Hadrians Close,E01007594,Doncaster 036B,Violence and sexual offences,Unable to prosecute suspect,
e8d7482a5edfeecb23c81f5139a1c6e051e756f0224ceab4660f99c184a120e3,2025-02,South Yorkshire Police,South Yorkshire Police,-1.063344,53.467982,On or near Hadrians Close,E01007594,Doncaster 036B,Violence and sexual offences,Unable to prosecute suspect,
de7c1b17346c79d0f4636af1dfa5322103724e6927131acee4af904b2c22183e,2025-02,South Yorkshire Police,South Yorkshire Police,-1.054665,53.476202,On or near Dean Close,E01007594,Doncaster 036B,Violence and sexual offences,Unable to prosecute suspect,
5510776757ed97df10ef26c24fd3b65e8f5b1aa6665aa1db558aa213507edb9b,2025-02,South Yorkshire Police,South Yorkshire Police,-1.052223,53.478268,On or near Coxley Mount,E01007594,Doncaster 036B,Other crime,Investigation complete; no suspect identified,
,2025-02,South Yorkshire Police,South Yorkshire Police,-1.044056,53.480971,On or near Great North Road,E01007596,Doncaster 036C,Anti-social behaviour,,
,2025-02,South Yorkshire Police,South Yorkshire Police,-1.044056,53.480971,On or near Great North Road,E01007596,Doncaster 036C,Anti-social behaviour,,
a109dbb33c0ca5fc02c5cf533ea3fc9f39f48206273f4169be2ec0ee4feeceb9,2025-02,South Yorkshire Police,South Yorkshire Police,-1.056710,53.479103,On or near Lindholme Drive,E01007596,Doncaster 036C,Violence and sexual offences,Unable to prosecute suspect,
100e9488d6268bf54ac95767e9b638f10187a7e9de9727e14c9913c0f3b6e990,2025-02,South Yorkshire Police,South Yorkshire Police,-1.063783,53.478826,On or near Mallard Court,E01007598,Doncaster 036D,Burglary,Investigation complete; no suspect identified,
707c88b503d08ed70696538553a7e2be088bdc4a9c1a009a32cd560ca8363230,2025-02,South Yorkshire Police,South Yorkshire Police,-1.066637,53.480646,On or near Field Gate,E01007598,Doncaster 036D,Criminal damage and arson,Investigation complete; no suspect identified,
90fb358261ae539573131df0894e2ac84525002bc41f99c355921a53f43fe920,2025-02,South Yorkshire Police,South Yorkshire Police,-1.066637,53.480646,On or near Field Gate,E01007598,Doncaster 036D,Violence and sexual offences,Unable to prosecute suspect,
75713ecd92790445411bfb0585e1161d0873cb736afc2e015494671ebb6d8515,2025-02,South Yorkshire Police,South Yorkshire Police,-1.065381,53.480187,On or near Aisby Drive,E01007598,Doncaster 036D,Violence and sexual offences,Unable to prosecute suspect,
,2025-02,South Yorkshire Police,South Yorkshire Police,-1.079687,53.473628,On or near Grange Lane,E01007590,Doncaster 037A,Anti-social behaviour,,
6052d1d9cc9e913c8602e1e84077582b49a160a38823ebae4c89f531d4afcffa,2025-02,South Yorkshire Police,South Yorkshire Police,-1.077167,53.471748,On or near Allenby Crescent,E01007590,Doncaster 037A,Violence and sexual offences,Investigation complete; no suspect identified,
ebb02186b599c6631626dea5af1d78b3e8c34ac7d4ca0566c013270f0ee9d849,2025-02,South Yorkshire Police,South Yorkshire Police,-1.076517,53.477406,On or near Grantham Street,E01007590,Doncaster 037A,Violence and sexual offences,Unable to prosecute suspect,
42efc80dd2e2b52f42b8d571911ea8df71eb0976274ea4e91945f0c949ab2539,2025-02,South Yorkshire Police,South Yorkshire Police,-1.071460,53.476432,On or near Grangefield Avenue,E01007590,Doncaster 037A,Violence and sexual offences,Awaiting court outcome,
,2025-02,South Yorkshire Police,South Yorkshire Police,-1.082910,53.474417,On or near King Georges Close,E01007592,Doncaster 037B,Anti-social behaviour,,
b41e381cf8d04fce763232fd7501cc7d10c2f946e4530db3760b106a7054477d,2025-02,South Yorkshire Police,South Yorkshire Police,-1.078867,53.478826,On or near John Lane,E01007592,Doncaster 037B,Burglary,Investigation complete; no suspect identified,
075c1831b0e71e16069442f2451e055c796dac8aafc0c4856162c4dbb5324609,2025-02,South Yorkshire Police,South Yorkshire Police,-1.082910,53.474417,On or near King Georges Close,E01007592,Doncaster 037B,Burglary,Investigation complete; no suspect identified,
f4db67ed3c56e8b2a398e5d3619db58addacaf57479af4b8c9c1fed10df308de,2025-02,South Yorkshire Police,South Yorkshire Police,-1.077255,53.477412,On or near Recreation Lane,E01007592,Doncaster 037B,Criminal damage and arson,Investigation complete; no suspect identified,
f2cc90a4616ceaddf23528015f7cf1644516d12e0e78df101f4f93698a352684,2025-02,South Yorkshire Police,South Yorkshire Police,-1.078885,53.477982,On or near Norman Crescent,E01007592,Doncaster 037B,Public order,Unable to prosecute suspect,
da0cdb3086de7fe825ab81cfb1afbd39360da0632e95d8fd66acd5fb30d361da,2025-02,South Yorkshire Police,South Yorkshire Police,-1.083376,53.476533,On or near King George'S Road,E01007592,Doncaster 037B,Violence and sexual offences,Unable to prosecute suspect,
f9c1552c13319981aee8589a46b010d367fc2fb276d1f2bc8b7eeee719697069,2025-02,South Yorkshire Police,South Yorkshire Police,-1.083376,53.476533,On or near King George'S Road,E01007592,Doncaster 037B,Violence and sexual offences,Unable to prosecute suspect,
4c8fa20340dc56dbd0c08cf8d3dc0fdff680e26f1a2b07abc28058881e73029b,2025-02,South Yorkshire Police,South Yorkshire Police,-1.082961,53.477617,On or near Mcconnel Crescent,E01007592,Doncaster 037B,Violence and sexual offences,Investigation complete; no suspect identified,
2f8f16958cf5f0876c19b8dac19116eea98198369330805e3d539a8670901174,2025-02,South Yorkshire Police,South Yorkshire Police,-1.083376,53.476533,On or near King George'S Road,E01007592,Doncaster 037B,Other crime,Awaiting court outcome,
,2025-02,South Yorkshire Police,South Yorkshire Police,-1.086440,53.480530,On or near Bankwood Crescent,E01007593,Doncaster 037C,Anti-social behaviour,,
,2025-02,South Yorkshire Police,South Yorkshire Police,-1.091099,53.483217,On or near Davy Road,E01007593,Doncaster 037C,Anti-social behaviour,,
,2025-02,South Yorkshire Police,South Yorkshire Police,-1.091020,53.479836,On or near Garland Road,E01007593,Doncaster 037C,Anti-social behaviour,,
,2025-02,South Yorkshire Police,South Yorkshire Police,-1.083121,53.478589,On or near Rufus Lane,E01007593,Doncaster 037C,Anti-social behaviour,,
,2025-02,South Yorkshire Police,South Yorkshire Police,-1.091832,53.482063,On or near Cutter Lane,E01007593,Doncaster 037C,Anti-social behaviour,,
1d09e9b90bf9f5c761912dec203a121c04399f39c3cd9055cabf67d9aae50b9e,2025-02,South Yorkshire Police,South Yorkshire Police,-1.085457,53.472957,On or near Sports/Recreation Area,E01007593,Doncaster 037C,Criminal damage and arson,Awaiting court outcome,
0ca452e9a89d7fe742fa164e334eb24f7c6484d8754de24c4378d15a79769911,2025-02,South Yorkshire Police,South Yorkshire Police,-1.086440,53.480530,On or near Bankwood Crescent,E01007593,Doncaster 037C,Drugs,Status update unavailable,
63312310f4f242cbc91798521706b8982b56a2a6e1c0a5dc1032daf848021155,2025-02,South Yorkshire Police,South Yorkshire Police,-1.081215,53.479627,On or near West End Lane,E01007593,Doncaster 037C,Possession of weapons,Unable to prosecute suspect,
4c5048e94a781d297aea5bb6c1f8325bda6108d44058e4fa9cc07253c9ede8e7,2025-02,South Yorkshire Police,South Yorkshire Police,-1.084412,53.478096,On or near Granby Lane,E01007593,Doncaster 037C,Violence and sexual offences,Status update unavailable,
a11b89981b4d02a323cdafd0536b8a655ced7c57a325ec11dd60a1f3565771d2,2025-02,South Yorkshire Police,South Yorkshire Police,-1.091020,53.479836,On or near Garland Road,E01007593,Doncaster 037C,Violence and sexual offences,Unable to prosecute suspect,
86aa47893238444839e4dcae17f9c481fc7437347f2f674d7e03de635c4dbaaf,2025-02,South Yorkshire Police,South Yorkshire Police,-1.081215,53.479627,On or near West End Lane,E01007593,Doncaster 037C,Violence and sexual offences,Investigation complete; no suspect identified,
034a5584a784f88ed00a2912b4c9bb38b6cf8d96474eb8dfc9b5f2e19736d005,2025-02,South Yorkshire Police,South Yorkshire Police,-1.085457,53.472957,On or near Sports/Recreation Area,E01007593,Doncaster 037C,Violence and sexual offences,Unable to prosecute suspect,
492b9138cd5d6ba0d6fde3be22816def9807fec03235b6d46ad6b154c8a6535f,2025-02,South Yorkshire Police,South Yorkshire Police,-1.085457,53.472957,On or near Sports/Recreation Area,E01007593,Doncaster 037C,Violence and sexual offences,Awaiting court outcome,
89434b9cf52508bd76a6c279b48fc95c94b548395216db5e464ee8cb3b394c26,2025-02,South Yorkshire Police,South Yorkshire Police,-1.085457,53.472957,On or near Sports/Recreation Area,E01007593,Doncaster 037C,Violence and sexual offences,Status update unavailable,
,2025-02,South Yorkshire Police,South Yorkshire Police,-1.069571,53.471177,On or near Hazel Grove,E01007595,Doncaster 037D,Anti-social behaviour,,
,2025-02,South Yorkshire Police,South Yorkshire Police,-1.066439,53.477975,On or near Station Road,E01007595,Doncaster 037D,Anti-social behaviour,,
,2025-02,South Yorkshire Police,South Yorkshire Police,-1.066439,53.477975,On or near Station Road,E01007595,Doncaster 037D,Anti-social behaviour,,
,2025-02,South Yorkshire Police,South Yorkshire Police,-1.069662,53.477353,On or near Bevan Avenue,E01007595,Doncaster 037D,Anti-social behaviour,,
8e7cb3b7c7b43e3d643c930da8fcee37443260f22f45bd725831a6913ce5c378,2025-02,South Yorkshire Police,South Yorkshire Police,-1.069920,53.473840,On or near Hunster Grove,E01007595,Doncaster 037D,Violence and sexual offences,Unable to prosecute suspect,
8fef73d9ef55d43c0db9744c76e0ae7add4d2fb19566c3e2bc9f89b7d420defe,2025-02,South Yorkshire Police,South Yorkshire Police,-1.069920,53.473840,On or near Hunster Grove,E01007595,Doncaster 037D,Violence and sexual offences,Unable to prosecute suspect,
e998949e90a09da56c0cab7995b05b6234554b1bf05623f4dd1ee4e47b0ea1e3,2025-02,South Yorkshire Police,South Yorkshire Police,-1.069111,53.471542,On or near Oakdene,E01007595,Doncaster 037D,Violence and sexual offences,Investigation complete; no suspect identified,
ace6335e90fa00535a2001d3e5e41411bd65c0f375980661ea1bba59fb256fbe,2025-02,South Yorkshire Police,South Yorkshire Police,-1.083387,53.471832,On or near Windsor View,E01007597,Doncaster 037E,Criminal damage and arson,Investigation complete; no suspect identified,
28bf61dba939799b8109366b48057b8e197e676c335e8ed8b6a7b9976ecb04db,2025-02,South Yorkshire Police,South Yorkshire Police,-1.072903,53.469001,On or near Ragusa Drive,E01007597,Doncaster 037E,Criminal damage and arson,Investigation complete; no suspect identified,
b58c327efab6e240d9902771503d249082915ff312e880f65359574b8acb1e62,2025-02,South Yorkshire Police,South Yorkshire Police,-1.080602,53.471721,On or near Melton Close,E01007597,Doncaster 037E,Criminal damage and arson,Offender given a caution,
d1048cbc67ec94c5f8861a3d8f8dcd1f32979513b41b4bd81ce023cdb8432f0b,2025-02,South Yorkshire Police,South Yorkshire Police,-1.072903,53.469001,On or near Ragusa Drive,E01007597,Doncaster 037E,Criminal damage and arson,Investigation complete; no suspect identified,
14d78eba2c917e81cf768be10c0a4c0e2dacd3a57156c58940c7211fe162c4a5,2025-02,South Yorkshire Police,South Yorkshire Police,-1.080602,53.471721,On or near Melton Close,E01007597,Doncaster 037E,Drugs,Status update unavailable,
ecdd6f1605082136c6608d0d1eb38a99bfd16ca3b47979605689e2bf2c421f84,2025-02,South Yorkshire Police,South Yorkshire Police,-1.076127,53.469691,On or near Radburn Road,E01007597,Doncaster 037E,Vehicle crime,Investigation complete; no suspect identified,
157671105457be4fa33981a16fc5567cbc3adbe402694aeea36f72777bd9f8f2,2025-02,South Yorkshire Police,South Yorkshire Police,-1.074131,53.470026,On or near Persimmon Close,E01007597,Doncaster 037E,Violence and sexual offences,Further investigation is not in the public interest,
021ca4b263a80d1580e720782889fe4665ca0cf440d320a4a1540f7cb8996395,2025-02,South Yorkshire Police,South Yorkshire Police,-1.080602,53.471721,On or near Melton Close,E01007597,Doncaster 037E,Violence and sexual offences,Unable to prosecute suspect,
3ed26ba8fff5a8e0982d505e8ab27b44edf57802dd02dd5ad2c10fb4469e9a02,2025-02,South Yorkshire Police,South Yorkshire Police,-1.083387,53.471832,On or near Windsor View,E01007597,Doncaster 037E,Violence and sexual offences,Unable to prosecute suspect,
ff4d4b6c37b3aa2b9faa821453ea3e0364e557b11f3eaaa88e7c0135877a85b1,2025-02,South Yorkshire Police,South Yorkshire Police,-1.080602,53.471721,On or near Melton Close,E01007597,Doncaster 037E,Violence and sexual offences,Unable to prosecute suspect,
52b06d6daf232b2d86b026844f3a2017434001d846284f81c5d89589ea3678a5,2025-02,South Yorkshire Police,South Yorkshire Police,-1.080602,53.471721,On or near Melton Close,E01007597,Doncaster 037E,Violence and sexual offences,Investigation complete; no suspect identified,
0e6c455d33071fc0065927108747ff43821d955ae1a6295ffba15319fb3f6bae,2025-02,South Yorkshire Police,South Yorkshire Police,-1.080602,53.471721,On or near Melton Close,E01007597,Doncaster 037E,Violence and sexual offences,Unable to prosecute suspect,
2bd3ff394281a5537bc71d1f926deb01b9741e953805ef2049dbf7ea9d39d7b9,2025-02,South Yorkshire Police,South Yorkshire Police,-1.083387,53.471832,On or near Windsor View,E01007597,Doncaster 037E,Violence and sexual offences,Status update unavailable,
07f079748b1b2bda6a9ef675e942fda6e96250c459de176b7975290618df397d,2025-02,South Yorkshire Police,South Yorkshire Police,-1.083387,53.471832,On or near Windsor View,E01007597,Doncaster 037E,Violence and sexual offences,Status update unavailable,
c3f52d8234a5d882beadcd88a4f42ecc795569042c3b7df5f6de6cb8deffa2ac,2025-02,South Yorkshire Police,South Yorkshire Police,-1.083387,53.471832,On or near Windsor View,E01007597,Doncaster 037E,Violence and sexual offences,Status update unavailable,
,2025-02,South Yorkshire Police,South Yorkshire Police,-1.046168,53.427783,On or near Parking Area,E01007609,Doncaster 038B,Anti-social behaviour,,
,2025-02,South Yorkshire Police,South Yorkshire Police,-1.021861,53.442229,On or near Parking Area,E01007609,Doncaster 038B,Anti-social behaviour,,
,2025-02,South Yorkshire Police,South Yorkshire Police,-1.017216,53.436052,On or near Gresley Avenue,E01007609,Doncaster 038B,Anti-social behaviour,,
693542a01b35aad0a3ef6bebe1a948e2055a75bd4dc822c5353e45a745c96685,2025-02,South Yorkshire Police,South Yorkshire Police,-1.006163,53.454927,On or near Bawtry Road,E01007609,Doncaster 038B,Criminal damage and arson,Investigation complete; no suspect identified,
ea8167e569fc378716d91ea778295e4bba5a88baeda470722fee7d5f4b68f56a,2025-02,South Yorkshire Police,South Yorkshire Police,-1.006163,53.454927,On or near Bawtry Road,E01007609,Doncaster 038B,Criminal damage and arson,Investigation complete; no suspect identified,
3e9818fd9d957411aa63e2114900b1fb8b49d34af400aaf244194c8eb644b504,2025-02,South Yorkshire Police,South Yorkshire Police,-1.017402,53.432557,On or near Dukes Terrace,E01007609,Doncaster 038B,Criminal damage and arson,Unable to prosecute suspect,
e4ddf3917c503087a24a81c364ca21c4725c6a0a4df621c4523d44e11ed53ab4,2025-02,South Yorkshire Police,South Yorkshire Police,-1.005616,53.439003,On or near William Bradford Close,E01007609,Doncaster 038B,Drugs,Unable to prosecute suspect,
0b7671531bac94ce3bfe62dac991af7ec3c5b5eea9d647c89983cf31c52e8118,2025-02,South Yorkshire Police,South Yorkshire Police,-1.018035,53.430584,On or near School Walk,E01007609,Doncaster 038B,Public order,Investigation complete; no suspect identified,
26da278ad04f915aa620fc979a2049f427ee1425c880b01e6b14434c7643893b,2025-02,South Yorkshire Police,South Yorkshire Police,-1.020397,53.428653,On or near Swan Street,E01007609,Doncaster 038B,Shoplifting,Investigation complete; no suspect identified,
b6c3f9ff9576b6818d20c93b50e9d1c6d43d7ed9520005794a55ac1ff0bbb18d,2025-02,South Yorkshire Police,South Yorkshire Police,-1.017798,53.429764,On or near St Nicholas Way,E01007609,Doncaster 038B,Violence and sexual offences,Investigation complete; no suspect identified,
58a96c81983e6ea134192bf3a6cbf0f75cb625332a2855f85047ac23b0da4587,2025-02,South Yorkshire Police,South Yorkshire Police,-1.017402,53.432557,On or near Dukes Terrace,E01007609,Doncaster 038B,Violence and sexual offences,Unable to prosecute suspect,
1f17dc23f5322b026f3494f607a366d78edb88af3a7ba9c873359bc66060ed7e,2025-02,South Yorkshire Police,South Yorkshire Police,-1.063505,53.451786,On or near Stripe Road,E01007609,Doncaster 038B,Violence and sexual offences,Investigation complete; no suspect identified,
,2025-02,South Yorkshire Police,South Yorkshire Police,-1.021186,53.429666,On or near Market Place,E01007610,Doncaster 038C,Anti-social behaviour,,
,2025-02,South Yorkshire Police,South Yorkshire Police,-1.016202,53.434336,On or near A614,E01007610,Doncaster 038C,Anti-social behaviour,,
dda1aaf7b3fdd7ab84b0aec95c6469a59a42df6fd9e55ceafe12ce9523ab08b0,2025-02,South Yorkshire Police,South Yorkshire Police,-1.019439,53.430362,On or near Wharf Street,E01007610,Doncaster 038C,Criminal damage and arson,Investigation complete; no suspect identified,
62a463d1e4c9d0d4428d4b08e5e4bfd513e5a90e0936890cf9d3ecb637af04af,2025-02,South Yorkshire Police,South Yorkshire Police,-1.021186,53.429666,On or near Market Place,E01007610,Doncaster 038C,Criminal damage and arson,Awaiting court outcome,
354e9356dd75d9c77ab31a30069dac1633353a529832d80a0f0160982c0aeaca,2025-02,South Yorkshire Police,South Yorkshire Police,-1.023831,53.431153,On or near High Meadow,E01007610,Doncaster 038C,Other theft,Investigation complete; no suspect identified,
97c3f806c24a34d6797a145ca84a2502abf844360cc0a55087094f644b663ed2,2025-02,South Yorkshire Police,South Yorkshire Police,-1.021186,53.429666,On or near Market Place,E01007610,Doncaster 038C,Other theft,Unable to prosecute suspect,
cacd16d4a96155e87264102fdc55969b057fd4acdf6dfb68b417d2de57743d5d,2025-02,South Yorkshire Police,South Yorkshire Police,-1.022093,53.431472,On or near Top Street,E01007610,Doncaster 038C,Other theft,Investigation complete; no suspect identified,
bfeb12e0c8cb07efc59dd486eed72a3085c1a284fb174d4a3535c6fe454bab7e,2025-02,South Yorkshire Police,South Yorkshire Police,-1.022093,53.431472,On or near Top Street,E01007610,Doncaster 038C,Other theft,Investigation complete; no suspect identified,
5a26c948fc2ba9d2542ad5d2dfbdf8db7d060d1ed56799e7b68f869d99aadd6f,2025-02,South Yorkshire Police,South Yorkshire Police,-1.023831,53.431153,On or near High Meadow,E01007610,Doncaster 038C,Possession of weapons,Investigation complete; no suspect identified,
43e337837af7b81e6af2b3bfb1eccdf7d1dc8d85c54f31494f79bac8c010e56a,2025-02,South Yorkshire Police,South Yorkshire Police,-1.021186,53.429666,On or near Market Place,E01007610,Doncaster 038C,Violence and sexual offences,Unable to prosecute suspect,
6f96900b4fee6374751a47b335521de4f5422f8effc05bcbf6cf709d53e50f3a,2025-02,South Yorkshire Police,South Yorkshire Police,-1.021186,53.429666,On or near Market Place,E01007610,Doncaster 038C,Violence and sexual offences,Awaiting court outcome,
,2025-02,South Yorkshire Police,South Yorkshire Police,-1.021991,53.492280,On or near Oak Tree Avenue,E01034244,Doncaster 038D,Anti-social behaviour,,
,2025-02,South Yorkshire Police,South Yorkshire Police,-1.022293,53.490961,On or near Willow Crescent,E01034244,Doncaster 038D,Anti-social behaviour,,
97ffaa91e84782450a974887c6113f0f226060dafdf31dfaad38a85fcaaebc1d,2025-02,South Yorkshire Police,South Yorkshire Police,-1.020455,53.491567,On or near Hazel Avenue,E01034244,Doncaster 038D,Criminal damage and arson,Investigation complete; no suspect identified,
4bb3189e4885b5da2bd705e25f487774c864e9a68b4274c76aa5ee82ccda931c,2025-02,South Yorkshire Police,South Yorkshire Police,-1.021563,53.497778,On or near Park/Open Space,E01034244,Doncaster 038D,Criminal damage and arson,Investigation complete; no suspect identified,
b068efb27b305c8676230eb1a01537f8179f2e3f2e4f7124ee3dfbe6121afe70,2025-02,South Yorkshire Police,South Yorkshire Police,-1.022681,53.490479,On or near Anson Grove,E01034244,Doncaster 038D,Robbery,Unable to prosecute suspect,
5989402785733b2c23b433c13ed2954107ada421749d55b0bf24aa0dc449c2ca,2025-02,South Yorkshire Police,South Yorkshire Police,-1.022681,53.490479,On or near Anson Grove,E01034244,Doncaster 038D,Shoplifting,Investigation complete; no suspect identified,
cb678279bbe4b4a02bc1efdfd31305c4ead82ecb43d65f708d359729b78997aa,2025-02,South Yorkshire Police,South Yorkshire Police,-1.022681,53.490479,On or near Anson Grove,E01034244,Doncaster 038D,Shoplifting,Investigation complete; no suspect identified,
8cb1fe0a10feef94f30aa1677980d0b0cfbead18024155f7576005845eb8c2e9,2025-02,South Yorkshire Police,South Yorkshire Police,-1.022681,53.490479,On or near Anson Grove,E01034244,Doncaster 038D,Shoplifting,Investigation complete; no suspect identified,
c4b3cf55b06f64669ba626385759888878117900653ec32dbc13a65732c42985,2025-02,South Yorkshire Police,South Yorkshire Police,-1.021563,53.497778,On or near Park/Open Space,E01034244,Doncaster 038D,Shoplifting,Investigation complete; no suspect identified,
b7d004cafa802e5fd913c7e2a74a78f5d22a7e232be69d1c99ec377063615b57,2025-02,South Yorkshire Police,South Yorkshire Police,-1.022681,53.490479,On or near Anson Grove,E01034244,Doncaster 038D,Shoplifting,Investigation complete; no suspect identified,
07a71a1c799ae3e3a8131c72360925781a264d7ba3dc1280a2f2b40e87ed5618,2025-02,South Yorkshire Police,South Yorkshire Police,-1.022293,53.490961,On or near Willow Crescent,E01034244,Doncaster 038D,Violence and sexual offences,Investigation complete; no suspect identified,
72299324c5ce0d01e4a1f072a3dbf9c095aed47a9af9e83ecdcdbd6867a32d69,2025-02,South Yorkshire Police,South Yorkshire Police,-1.021991,53.492280,On or near Oak Tree Avenue,E01034244,Doncaster 038D,Violence and sexual offences,Unable to prosecute suspect,
e483f2870f18192dc2734f53cb5c9d1928647c0c0ca43760bfb24c92612d396b,2025-02,South Yorkshire Police,South Yorkshire Police,-1.018395,53.492682,On or near Holly Road,E01034244,Doncaster 038D,Violence and sexual offences,Investigation complete; no suspect identified,
da4f18776664c9440da934cc2988a1f3493eefe60622e19e447410b1a7c0b915,2025-02,South Yorkshire Police,South Yorkshire Police,-1.014587,53.490467,On or near Lancaster Court,E01034244,Doncaster 038D,Violence and sexual offences,Unable to prosecute suspect,
c20a7261ff51b379f67bd1facae79e268da56373f1efaafb63cdcd4e0a698fee,2025-02,South Yorkshire Police,South Yorkshire Police,-1.018085,53.493048,On or near Elder Grove,E01034244,Doncaster 038D,Other crime,Unable to prosecute suspect,
b130daa51febdef6299a41574473c6f96a73f04e97eab00008ee54a022660622,2025-02,South Yorkshire Police,South Yorkshire Police,-1.023896,53.488107,On or near Plane Tree Way,E01034245,Doncaster 038E,Burglary,Investigation complete; no suspect identified,
52e9fbcfa0a2cfc6c7f176410ea8ae8d5de814d983227941d9fcb168972350ff,2025-02,South Yorkshire Police,South Yorkshire Police,-1.023396,53.488876,On or near Elm Road,E01034245,Doncaster 038E,Vehicle crime,Investigation complete; no suspect identified,
e9183426c59981cc3edd7c8b283a72b5f1e4a755a189e84445bf1f9ef16db4e6,2025-02,South Yorkshire Police,South Yorkshire Police,-1.023896,53.488107,On or near Plane Tree Way,E01034245,Doncaster 038E,Violence and sexual offences,Unable to prosecute suspect,
85087448d486ba3f270034d6b541cb1185b8de77a16df9331fd4e7153686c442,2025-02,South Yorkshire Police,South Yorkshire Police,-1.021727,53.487388,On or near Merlin Drive,E01034245,Doncaster 038E,Other crime,Local resolution,
,2025-02,South Yorkshire Police,South Yorkshire Police,-1.115735,53.489136,On or near M18,E01007611,Doncaster 039A,Anti-social behaviour,,
,2025-02,South Yorkshire Police,South Yorkshire Police,-1.163812,53.488449,On or near Grange Lane,E01007611,Doncaster 039A,Anti-social behaviour,,
,2025-02,South Yorkshire Police,South Yorkshire Police,-1.143493,53.465401,On or near Church View,E01007611,Doncaster 039A,Anti-social behaviour,,
1d92b158320511ce56fd460e95aebea81a4bf2360e5d194e5871068e87d5b848,2025-02,South Yorkshire Police,South Yorkshire Police,-1.150601,53.474549,On or near Tofield Road,E01007611,Doncaster 039A,Burglary,Unable to prosecute suspect,
84686e4bb4c4ef22087b344405f6a0549bc96f5bf32211357f04e5b772d402a4,2025-02,South Yorkshire Police,South Yorkshire Police,-1.090796,53.486783,On or near Park/Open Space,E01007611,Doncaster 039A,Criminal damage and arson,Investigation complete; no suspect identified,
c8116f96b96027fc36c8303fbfa5173896c869fde6275446e969c31a3ee4ad19,2025-02,South Yorkshire Police,South Yorkshire Police,-1.150601,53.474549,On or near Tofield Road,E01007611,Doncaster 039A,Drugs,Awaiting court outcome,
ad3c54862a8a74705d2af7c6371f35ebd19442def04ae53d7fc7aca8e3a770e1,2025-02,South Yorkshire Police,South Yorkshire Police,-1.137103,53.481886,On or near Bubup Hill,E01007611,Doncaster 039A,Other theft,Unable to prosecute suspect,
2f22115e339a3bcd1965e5c40ce6eed9d898adbd43c608813dfe0528f8102fe6,2025-02,South Yorkshire Police,South Yorkshire Police,-1.103391,53.483444,On or near Railport Way,E01007611,Doncaster 039A,Other theft,Investigation complete; no suspect identified,
36737d6da6622be66231b44c502b89b340575812dfe5519d8b8a0f4b7107b00b,2025-02,South Yorkshire Police,South Yorkshire Police,-1.163987,53.476495,On or near 'Tween Woods Lane,E01007611,Doncaster 039A,Other theft,Unable to prosecute suspect,
67eedf0cf803673f5092222cc9f3bbea3376b9f53993bacbd61dcce4cbd68435,2025-02,South Yorkshire Police,South Yorkshire Police,-1.150601,53.474549,On or near Tofield Road,E01007611,Doncaster 039A,Possession of weapons,Unable to prosecute suspect,
15f831044243e7740481913b915b995ca85a7ad80acb1771c5f4782b9270ed3d,2025-02,South Yorkshire Police,South Yorkshire Police,-1.163987,53.476495,On or near 'Tween Woods Lane,E01007611,Doncaster 039A,Public order,Investigation complete; no suspect identified,
bdba70041370c4cddcfad2b05b4ee58a2c87c37e68955b94ac51a8a9ba4ba51e,2025-02,South Yorkshire Police,South Yorkshire Police,-1.090796,53.486783,On or near Park/Open Space,E01007611,Doncaster 039A,Public order,Unable to prosecute suspect,
54102700e52a43d73986c9bf93463747f65b911ae2ee5950433a8768e6e602aa,2025-02,South Yorkshire Police,South Yorkshire Police,-1.143003,53.469551,On or near Wadworth Hill,E01007611,Doncaster 039A,Vehicle crime,Investigation complete; no suspect identified,
7834de1efdb7fb2c97ca5fda31c2eb2116a44eb412dee879eedfcac9f7729af3,2025-02,South Yorkshire Police,South Yorkshire Police,-1.146393,53.465755,On or near Windmill Drive,E01007611,Doncaster 039A,Violence and sexual offences,Status update unavailable,
bd19760e3d75483bb40151f729fcf8a9b9cd3825867da105184b45f94b9db9bb,2025-02,South Yorkshire Police,South Yorkshire Police,-1.103391,53.483444,On or near Railport Way,E01007611,Doncaster 039A,Violence and sexual offences,Unable to prosecute suspect,
42f5a45fd89985721b4ea121c943ce52053acccc725e1bdff088853d62943fe0,2025-02,South Yorkshire Police,South Yorkshire Police,-1.142680,53.467625,On or near Main Street,E01007611,Doncaster 039A,Violence and sexual offences,Investigation complete; no suspect identified,
7efe461d47cb23dfd7b2d932a21cbfadcad76c1d3d9f44503e73a4d95b1ca15f,2025-02,South Yorkshire Police,South Yorkshire Police,-1.150601,53.474549,On or near Tofield Road,E01007611,Doncaster 039A,Violence and sexual offences,Awaiting court outcome,
8f54390b871cd13da2964b07705f06c91d5aefb09d6f518a377bcc3854b79f00,2025-02,South Yorkshire Police,South Yorkshire Police,-1.090796,53.486783,On or near Park/Open Space,E01007611,Doncaster 039A,Violence and sexual offences,Unable to prosecute suspect,
,2025-02,South Yorkshire Police,South Yorkshire Police,-1.111407,53.439477,On or near Doncaster Road,E01007612,Doncaster 039B,Anti-social behaviour,,
5e185b6917e4f216ccb060c7f7e725f033bc49f73f4d6a610e56291a17d433f3,2025-02,South Yorkshire Police,South Yorkshire Police,-1.111242,53.435125,On or near Mangham Lane,E01007612,Doncaster 039B,Criminal damage and arson,Investigation complete; no suspect identified,
78c0d98c71eb5e5981e84f4cf65e5f730e5aa7d6857f1f893b719a8b99117d73,2025-02,South Yorkshire Police,South Yorkshire Police,-1.108908,53.435854,On or near Croft Drive,E01007612,Doncaster 039B,Other theft,Investigation complete; no suspect identified,
ef2cc09fe7ae2127827bec6681c204a74c8e9b7cb46cb0a5a5f846a170efc8d3,2025-02,South Yorkshire Police,South Yorkshire Police,-1.111257,53.429346,On or near Dam Road,E01007612,Doncaster 039B,Shoplifting,Investigation complete; no suspect identified,
9aabb925468a9e62cbd241d0933b42b6cede6fed6c72769f2a7ee5ad8d20bbc6,2025-02,South Yorkshire Police,South Yorkshire Police,-1.111257,53.429346,On or near Dam Road,E01007612,Doncaster 039B,Shoplifting,Investigation complete; no suspect identified,
5c5c96aa1fe3d73db7e5b21ad1c52f960f136b8e0d0a7c96fdde51dee5540552,2025-02,South Yorkshire Police,South Yorkshire Police,-1.111257,53.429346,On or near Dam Road,E01007612,Doncaster 039B,Shoplifting,Investigation complete; no suspect identified,
29e6cc9446d7f761c3198f2dd53896a717c617d5e33d59496a50d3088d0b947f,2025-02,South Yorkshire Police,South Yorkshire Police,-1.113523,53.428194,On or near Lindrick,E01007612,Doncaster 039B,Vehicle crime,Investigation complete; no suspect identified,
8de9d4459188c6e742e1e090768e7b4f3769593fab95a31b6f67d5e05ad78b6d,2025-02,South Yorkshire Police,South Yorkshire Police,-1.116991,53.435150,On or near Vineyard Close,E01007612,Doncaster 039B,Violence and sexual offences,Unable to prosecute suspect,
422c539b2e407d23717f78bd0867b49058ee2839854a2e0eba43551006f91325,2025-02,South Yorkshire Police,South Yorkshire Police,-1.111966,53.427113,On or near Water Lane,E01007612,Doncaster 039B,Violence and sexual offences,Unable to prosecute suspect,
13411faf664eac74ffdd33ae6f3cec1f8b63347068d457b0fd32260fb4030b21,2025-02,South Yorkshire Police,South Yorkshire Police,-1.111407,53.439477,On or near Doncaster Road,E01007612,Doncaster 039B,Violence and sexual offences,Unable to prosecute suspect,
684cbe587c262b896de7461c8bde9bfe13e9f14ec26678f931b4a198297815a0,2025-02,South Yorkshire Police,South Yorkshire Police,-1.074178,53.442668,On or near Park/Open Space,E01007614,Doncaster 039C,Violence and sexual offences,Unable to prosecute suspect,
d508f39135a61f1d129d624f773bffe9273b0633fd43b263a2b9a8e57630eee2,2025-02,South Yorkshire Police,South Yorkshire Police,-1.108662,53.431070,On or near Petrol Station,E01007615,Doncaster 039D,Other theft,Investigation complete; no suspect identified,
fd11fb39a2555aab6af13711957ad02ac22212f4b81bf69fb082b7dd20f6c31f,2025-02,South Yorkshire Police,South Yorkshire Police,-1.108662,53.431070,On or near Petrol Station,E01007615,Doncaster 039D,Other theft,Investigation complete; no suspect identified,
5e4745fbc40898f6c4268ce193759ca707c1e540f9086bb8077222edbb7b8ed2,2025-02,South Yorkshire Police,South Yorkshire Police,-1.109438,53.432856,On or near A631,E01007615,Doncaster 039D,Public order,Investigation complete; no suspect identified,
468370623ded4e508d1c88089c79450b951d24ba5b7f74e8d1dcd4675f2cdfff,2025-02,South Yorkshire Police,South Yorkshire Police,-1.096923,53.433148,On or near Nettle Croft,E01007615,Doncaster 039D,Public order,Investigation complete; no suspect identified,
95d85f5eeaa9a5986614588018d174ddea43bbcfd3cc0bde9d2007d032478e78,2025-02,South Yorkshire Police,South Yorkshire Police,-1.109438,53.432856,On or near A631,E01007615,Doncaster 039D,Shoplifting,Awaiting court outcome,
2279f893374615c5a1051ddd0909a648dd40ad3b427ffb4eb51319de3a991590,2025-02,South Yorkshire Police,South Yorkshire Police,-1.100307,53.434010,On or near Beech Avenue,E01007615,Doncaster 039D,Violence and sexual offences,Status update unavailable,
b28996ca29b82f3b5ffbab1db758958f5bdfbdbb746cbcbfa443479692e0627a,2025-02,South Yorkshire Police,South Yorkshire Police,-1.097481,53.431004,On or near Meadow Drive,E01007615,Doncaster 039D,Violence and sexual offences,Unable to prosecute suspect,
,2025-02,South Yorkshire Police,South Yorkshire Police,-1.112811,53.434238,On or near St Mary'S Crescent,E01007616,Doncaster 039E,Anti-social behaviour,,
,2025-02,South Yorkshire Police,South Yorkshire Police,-1.121573,53.430519,On or near Apy Hill Lane,E01007616,Doncaster 039E,Anti-social behaviour,,
,2025-02,South Yorkshire Police,South Yorkshire Police,-1.117867,53.432837,On or near Everetts Close,E01007616,Doncaster 039E,Anti-social behaviour,,
fd7d650a5f75da71e38d96bbf916c580c05c5a12c29c28509717a26786bdedfd,2025-02,South Yorkshire Police,South Yorkshire Police,-1.120788,53.429129,On or near Stoney Lane,E01007616,Doncaster 039E,Burglary,Investigation complete; no suspect identified,
e7eae346448eab0ddcba16fffa5444b7fd95d322c01686a6a6e7877dcc065978,2025-02,South Yorkshire Police,South Yorkshire Police,-1.121573,53.430519,On or near Apy Hill Lane,E01007616,Doncaster 039E,Criminal damage and arson,Investigation complete; no suspect identified,
c26cb44f048ad5019b93ec9a454c67a78b1d4b96106feefbe68071ec30f8ca11,2025-02,South Yorkshire Police,South Yorkshire Police,-1.121573,53.430519,On or near Apy Hill Lane,E01007616,Doncaster 039E,Vehicle crime,Investigation complete; no suspect identified,
0afb38a78d75c8a8f23cffec804ab3928359adf52f2406bfa02396c2ae426c4a,2025-02,South Yorkshire Police,South Yorkshire Police,-0.870827,53.711425,On or near Westfield Avenue,E01012995,East Riding of Yorkshire 041B,Other crime,Status update unavailable,
,2025-02,South Yorkshire Police,South Yorkshire Police,-1.326582,53.325585,On or near Cutler Close,E01019806,North East Derbyshire 001F,Anti-social behaviour,,
,2025-02,South Yorkshire Police,South Yorkshire Police,-1.316597,53.319074,On or near Rectory Road,E01019807,North East Derbyshire 001G,Anti-social behaviour,,
,2025-02,South Yorkshire Police,South Yorkshire Police,-1.376860,53.308303,On or near Fern Close,E01019790,North East Derbyshire 002C,Anti-social behaviour,,
6f74599a4cca2ddcdf22473ea4b69fb2047c85004fa567bdb508a0251add75bd,2025-02,South Yorkshire Police,South Yorkshire Police,-1.411354,53.340604,On or near White Lane,E01019816,North East Derbyshire 002D,Criminal damage and arson,Investigation complete; no suspect identified,
283ea8dff83fe44448d582a3b7fcf31857e55e6176b56dae17a0ab06ec6a7d9f,2025-02,South Yorkshire Police,South Yorkshire Police,-1.411354,53.340604,On or near White Lane,E01019816,North East Derbyshire 002D,Drugs,Unable to prosecute suspect,
f8deb978da8579b8c706e18904b744a9f0fdb907642987b93cd82e5573721a53,2025-02,South Yorkshire Police,South Yorkshire Police,-1.411354,53.340604,On or near White Lane,E01019816,North East Derbyshire 002D,Vehicle crime,Unable to prosecute suspect,
,2025-02,South Yorkshire Police,South Yorkshire Police,-0.653612,53.597476,On or near Diana Street,E01013300,North Lincolnshire 007B,Anti-social behaviour,,
aedfe753484e820b5ed4a81ec1107be4f8d3c0cfb4a4a14735750c292f62a3e7,2025-02,South Yorkshire Police,South Yorkshire Police,-0.654632,53.578700,On or near A18,E01013317,North Lincolnshire 014B,Other crime,Status update unavailable,
ff203eeef603bb5f27bfdf3b0a5a0e38903b0d7dab4677a5837b90597644cb10,2025-02,South Yorkshire Police,South Yorkshire Police,-0.623944,53.563222,On or near Coverdale Road,E01035482,North Lincolnshire 015F,Violence and sexual offences,Status update unavailable,
,2025-02,South Yorkshire Police,South Yorkshire Police,-1.381410,53.511453,On or near Garden Drive,E01007694,Rotherham 001B,Anti-social behaviour,,
,2025-02,South Yorkshire Police,South Yorkshire Police,-1.388790,53.507449,On or near Shopping Area,E01007694,Rotherham 001B,Anti-social behaviour,,
,2025-02,South Yorkshire Police,South Yorkshire Police,-1.381869,53.512003,On or near Springhill Avenue,E01007694,Rotherham 001B,Anti-social behaviour,,
,2025-02,South Yorkshire Police,South Yorkshire Police,-1.374813,53.512973,On or near Wath Road,E01007694,Rotherham 001B,Anti-social behaviour,,
,2025-02,South Yorkshire Police,South Yorkshire Police,-1.381869,53.512003,On or near Springhill Avenue,E01007694,Rotherham 001B,Anti-social behaviour,,
,2025-02,South Yorkshire Police,South Yorkshire Police,-1.381869,53.512003,On or near Springhill Avenue,E01007694,Rotherham 001B,Anti-social behaviour,,
,2025-02,South Yorkshire Police,South Yorkshire Police,-1.386337,53.507577,On or near Shopping Area,E01007694,Rotherham 001B,Anti-social behaviour,,
,2025-02,South Yorkshire Police,South Yorkshire Police,-1.374813,53.512973,On or near Wath Road,E01007694,Rotherham 001B,Anti-social behaviour,,
a2ff7e711618f4f9cd2af27ca8041025cfb7a0938cb216153eca3c1dc93855fa,2025-02,South Yorkshire Police,South Yorkshire Police,-1.381410,53.511453,On or near Garden Drive,E01007694,Rotherham 001B,Other theft,Investigation complete; no suspect identified,
86241a68ae49044fc2f874e2c9e963f2dd808184e7b17d298a293bcd183b16ec,2025-02,South Yorkshire Police,South Yorkshire Police,-1.374765,53.512101,On or near Rother Street,E01007694,Rotherham 001B,Public order,Unable to prosecute suspect,
3e20ab70af169ce92c2e58134de64bc20951ab7711dd696ab80e8d37821119de,2025-02,South Yorkshire Police,South Yorkshire Police,-1.381869,53.512003,On or near Springhill Avenue,E01007694,Rotherham 001B,Public order,Unable to prosecute suspect,
dd5fd6d721cccde5650b31631bc32c757bf7f8f68a4d14b9d203de786b1b8e57,2025-02,South Yorkshire Police,South Yorkshire Police,-1.386337,53.507577,On or near Shopping Area,E01007694,Rotherham 001B,Shoplifting,Awaiting court outcome,
4412ce0cfc9ecac9294606140f6be9df5064a9a02001f800e92d97dfbcfe5e3a,2025-02,South Yorkshire Police,South Yorkshire Police,-1.386337,53.507577,On or near Shopping Area,E01007694,Rotherham 001B,Shoplifting,Investigation complete; no suspect identified,
f0942279f0795bf92ff451dcec6cba32ff744c3289f213138f83ef603b5b63a0,2025-02,South Yorkshire Police,South Yorkshire Police,-1.388790,53.507449,On or near Shopping Area,E01007694,Rotherham 001B,Shoplifting,Status update unavailable,
103f59ea86a783092b46c0e72fd6bc19d37adb58536ef2261d4415f3839df1fc,2025-02,South Yorkshire Police,South Yorkshire Police,-1.386337,53.507577,On or near Shopping Area,E01007694,Rotherham 001B,Shoplifting,Investigation complete; no suspect identified,
f60bbd2047b1f4fbaa932d47082b0ac1745592299dc11dd7de58ba7db60a1153,2025-02,South Yorkshire Police,South Yorkshire Police,-1.386337,53.507577,On or near Shopping Area,E01007694,Rotherham 001B,Shoplifting,Investigation complete; no suspect identified,
029c6216e7d692422d4bd1c8125512bb78017e3cbe4299cb186d9068b66f36de,2025-02,South Yorkshire Police,South Yorkshire Police,-1.388790,53.507449,On or near Shopping Area,E01007694,Rotherham 001B,Shoplifting,Investigation complete; no suspect identified,
2d60bbeac2b7599e2feedc5c42a10bd9ca9326463d42c7288d1459198b1204d1,2025-02,South Yorkshire Police,South Yorkshire Police,-1.386337,53.507577,On or near Shopping Area,E01007694,Rotherham 001B,Shoplifting,Awaiting court outcome,
b4199f86849c02738317ce72902811cac7ec4a9e107c649997e2abfcc70c11ab,2025-02,South Yorkshire Police,South Yorkshire Police,-1.385457,53.508755,On or near Shopping Area,E01007694,Rotherham 001B,Shoplifting,Status update unavailable,
8ebc048fb631a6488c98afbc1c6fed852f21e900e31ab5a60eb70cd4af90a259,2025-02,South Yorkshire Police,South Yorkshire Police,-1.386337,53.507577,On or near Shopping Area,E01007694,Rotherham 001B,Shoplifting,Unable to prosecute suspect,
70f8d421e86176a392949ffc8fe3e6ddc4aca2d051823cd1db4a0c57e5972c40,2025-02,South Yorkshire Police,South Yorkshire Police,-1.386337,53.507577,On or near Shopping Area,E01007694,Rotherham 001B,Shoplifting,Investigation complete; no suspect identified,
cf8f658873426a5ac29cac8d8c75ed1a80d71a85ab3691644e093d2cf20a116a,2025-02,South Yorkshire Police,South Yorkshire Police,-1.381410,53.511453,On or near Garden Drive,E01007694,Rotherham 001B,Violence and sexual offences,Unable to prosecute suspect,
6c075dccf0fdbfe6df329caf0c20d545b2e0ab1aaae3e491fc472d926dc34f86,2025-02,South Yorkshire Police,South Yorkshire Police,-1.374765,53.512101,On or near Rother Street,E01007694,Rotherham 001B,Violence and sexual offences,Unable to prosecute suspect,
51411c506971cc311e9783b433ad34c1770e0d314728ca0fed8c232825ebbfe4,2025-02,South Yorkshire Police,South Yorkshire Police,-1.374765,53.512101,On or near Rother Street,E01007694,Rotherham 001B,Violence and sexual offences,Unable to prosecute suspect,
ee2c9ebc5da9a8adafcc42291b852018f15df6de572e26be03d6edbad2995e2c,2025-02,South Yorkshire Police,South Yorkshire Police,-1.374765,53.512101,On or near Rother Street,E01007694,Rotherham 001B,Violence and sexual offences,Unable to prosecute suspect,
5a06ebbbe31d455138ceedf78d6e37e9351defcc5b494f2c09f2638fb65ad851,2025-02,South Yorkshire Police,South Yorkshire Police,-1.374813,53.512973,On or near Wath Road,E01007694,Rotherham 001B,Violence and sexual offences,Investigation complete; no suspect identified,
cfb8c95bf67160d76757fb2d5e81cfab9ab3ff06eb7c4ca8cb157ca8befc5f2c,2025-02,South Yorkshire Police,South Yorkshire Police,-1.374813,53.512973,On or near Wath Road,E01007694,Rotherham 001B,Violence and sexual offences,Unable to prosecute suspect,
cb73f5fd11b844c52f8d89748191053ae0a35443fc8b32d9b3951b35804a2724,2025-02,South Yorkshire Police,South Yorkshire Police,-1.386337,53.507577,On or near Shopping Area,E01007694,Rotherham 001B,Violence and sexual offences,Awaiting court outcome,
acb6f26e73cc4ffc842055853876aefcf2e70320b13283c52784069f79fa1a13,2025-02,South Yorkshire Police,South Yorkshire Police,-1.388790,53.507449,On or near Shopping Area,E01007694,Rotherham 001B,Violence and sexual offences,Investigation complete; no suspect identified,
250e76b1a4e7155009481da92f7fb672a31e3ca9f64c31e3b5545eea8475b08d,2025-02,South Yorkshire Police,South Yorkshire Police,-1.383409,53.505692,On or near Fox Farm Court,E01007694,Rotherham 001B,Violence and sexual offences,Unable to prosecute suspect,
2c729863da5842742d3ef56ec19a18986570332f0e9f443e45d17d5195ea30b2,2025-02,South Yorkshire Police,South Yorkshire Police,-1.374813,53.512973,On or near Wath Road,E01007694,Rotherham 001B,Violence and sexual offences,Unable to prosecute suspect,
,2025-02,South Yorkshire Police,South Yorkshire Police,-1.371995,53.510783,On or near Melton Street,E01007695,Rotherham 001C,Anti-social behaviour,,
,2025-02,South Yorkshire Police,South Yorkshire Police,-1.370050,53.512805,On or near Derwent Way,E01007695,Rotherham 001C,Anti-social behaviour,,
,2025-02,South Yorkshire Police,South Yorkshire Police,-1.383053,53.503183,On or near Shirewood Close,E01007695,Rotherham 001C,Anti-social behaviour,,
,2025-02,South Yorkshire Police,South Yorkshire Police,-1.388813,53.508372,On or near Petrol Station,E01007695,Rotherham 001C,Anti-social behaviour,,
b95a9a9c000eface149a420b43c3e3026cb2ca3415edd18edf289c32a005ca4e,2025-02,South Yorkshire Police,South Yorkshire Police,-1.369849,53.504031,On or near Hoober Street,E01007695,Rotherham 001C,Criminal damage and arson,Unable to prosecute suspect,
c30500b6bcdc547b7583e27121894707d186562f3efdb892651063d9990cabe9,2025-02,South Yorkshire Police,South Yorkshire Police,-1.369849,53.504031,On or near Hoober Street,E01007695,Rotherham 001C,Criminal damage and arson,Investigation complete; no suspect identified,
f642375c28f13ff7f0d383143efa3658afa204fdc9be554c8f1d2434cfb80a8b,2025-02,South Yorkshire Police,South Yorkshire Police,-1.390576,53.507383,On or near Supermarket,E01007695,Rotherham 001C,Shoplifting,Investigation complete; no suspect identified,
8ed7c6ff29fa90ce25fadf7c8f715d5f5953148f6103b43830b76d242c36d110,2025-02,South Yorkshire Police,South Yorkshire Police,-1.390576,53.507383,On or near Supermarket,E01007695,Rotherham 001C,Shoplifting,Investigation complete; no suspect identified,
cad83d014187acbbd527c0d503bf660b65ed338ebcc8d29e80401c27ce0a5f59,2025-02,South Yorkshire Police,South Yorkshire Police,-1.390576,53.507383,On or near Supermarket,E01007695,Rotherham 001C,Shoplifting,Investigation complete; no suspect identified,
2fd7cb293c69acbb39475dd3d5cd518cfe424b2d738c8dc641d8d3bb265ba5b4,2025-02,South Yorkshire Police,South Yorkshire Police,-1.390576,53.507383,On or near Supermarket,E01007695,Rotherham 001C,Shoplifting,Investigation complete; no suspect identified,
992b1bf2e3366c92ebf9e2cbe43cee1b5f1f401d514d5c7a8a5e54cca026350a,2025-02,South Yorkshire Police,South Yorkshire Police,-1.390576,53.507383,On or near Supermarket,E01007695,Rotherham 001C,Shoplifting,Investigation complete; no suspect identified,
1f3f5ec7897c3f0a5dda3d3d185e40e85b6d298e439a15216af6b756fd9d995c,2025-02,South Yorkshire Police,South Yorkshire Police,-1.390576,53.507383,On or near Supermarket,E01007695,Rotherham 001C,Shoplifting,Investigation complete; no suspect identified,
565d146ff7bcfec33a905e89ba9ccf3c7042204e04f76842500a8a65be1088f5,2025-02,South Yorkshire Police,South Yorkshire Police,-1.390576,53.507383,On or near Supermarket,E01007695,Rotherham 001C,Shoplifting,Investigation complete; no suspect identified,
a1f0be79f938e2b0fa03f2fc4ae89411259f57ba64b10ef98d3c55918fc2d7bc,2025-02,South Yorkshire Police,South Yorkshire Police,-1.390576,53.507383,On or near Supermarket,E01007695,Rotherham 001C,Shoplifting,Investigation complete; no suspect identified,
72cf58569708f32a4d531fd2430d1345fbbe015cf186810aa767b71123ba1a5b,2025-02,South Yorkshire Police,South Yorkshire Police,-1.390576,53.507383,On or near Supermarket,E01007695,Rotherham 001C,Shoplifting,Awaiting court outcome,
59fe19d96a927d25e8784711978d98daba5ded0f30db05232517b24f805dc2e5,2025-02,South Yorkshire Police,South Yorkshire Police,-1.390576,53.507383,On or near Supermarket,E01007695,Rotherham 001C,Shoplifting,Investigation complete; no suspect identified,
da10f38682095eb2e15f87ce4165674edefc79b1a18d74e470f30570b5e87d42,2025-02,South Yorkshire Police,South Yorkshire Police,-1.373096,53.510789,On or near Melton Avenue,E01007695,Rotherham 001C,Vehicle crime,Investigation complete; no suspect identified,
59c08e222f2719eb3be4d9d8f552723433b72433b36f9b27c829fd2960559359,2025-02,South Yorkshire Police,South Yorkshire Police,-1.373096,53.510789,On or near Melton Avenue,E01007695,Rotherham 001C,Vehicle crime,Investigation complete; no suspect identified,
7a406eefd4f6a87174c5ca44f9e4358befa74b840a0e8a236a44bd2ced431f42,2025-02,South Yorkshire Police,South Yorkshire Police,-1.384543,53.502328,On or near Rainborough Court,E01007695,Rotherham 001C,Violence and sexual offences,Unable to prosecute suspect,
18bc4f009859e8c17d20f337320e42342383b3b75b29033852a07899d71e0dc9,2025-02,South Yorkshire Police,South Yorkshire Police,-1.370754,53.506031,On or near Hughes Way,E01007695,Rotherham 001C,Violence and sexual offences,Further action is not in the public interest,
3a75cf42f9c2a5a6f2b854ae6bf590493235c7ec59f8e97c44d87c52bdc89ae1,2025-02,South Yorkshire Police,South Yorkshire Police,-1.388813,53.508372,On or near Petrol Station,E01007695,Rotherham 001C,Violence and sexual offences,Investigation complete; no suspect identified,
5f9eef7db70b911adc4798a593bf60b8412bdaf757c2d1a16ff248bb5329bb30,2025-02,South Yorkshire Police,South Yorkshire Police,-1.370164,53.512275,On or near Pontefract Road,E01007695,Rotherham 001C,Violence and sexual offences,Investigation complete; no suspect identified,
e0f3ce4b88df8942a512a768a224b1a6ae5cc810bd9f1ad8da4e5e2a60456317,2025-02,South Yorkshire Police,South Yorkshire Police,-1.370164,53.512275,On or near Pontefract Road,E01007695,Rotherham 001C,Violence and sexual offences,Unable to prosecute suspect,
ab63c1b6908193d87262ef6cf0f2b51972a70f36b564070825824fbcfff74deb,2025-02,South Yorkshire Police,South Yorkshire Police,-1.369849,53.504031,On or near Hoober Street,E01007695,Rotherham 001C,Other crime,Unable to prosecute suspect,
67a091c57b0ffe0e7523855b1a7f2f08dd2e9c3680d9ab03e73f310e814a1135,2025-02,South Yorkshire Police,South Yorkshire Police,-1.363920,53.507253,On or near Masefield Road,E01007697,Rotherham 001D,Criminal damage and arson,Unable to prosecute suspect,
3a65b357ed72ec71e1d542816b60296a5de9e494cc02418a2eecfd0e01a17f76,2025-02,South Yorkshire Police,South Yorkshire Police,-1.363364,53.504149,On or near Smiths Croft,E01007697,Rotherham 001D,Criminal damage and arson,Investigation complete; no suspect identified,
ac89137a43195def75f1ee81e5d073bc4cfd68b5f64fedd61a377c4fd16719fd,2025-02,South Yorkshire Police,South Yorkshire Police,-1.362651,53.509431,On or near Lambert Walk,E01007697,Rotherham 001D,Public order,Awaiting court outcome,
c1276d6f5a1e6cf997ac9d67da79c2e1347b503e16084f6d4182b55dff45d120,2025-02,South Yorkshire Police,South Yorkshire Police,-1.365707,53.507784,On or near Browning Road,E01007697,Rotherham 001D,Violence and sexual offences,Unable to prosecute suspect,
2a6ebbecb322c979e25343461780f79c530681afe806d641714f8fb31d65bc9c,2025-02,South Yorkshire Police,South Yorkshire Police,-1.362651,53.509431,On or near Lambert Walk,E01007697,Rotherham 001D,Violence and sexual offences,Awaiting court outcome,
e406c3966e9883671eeb0d46763378ede42bc3091ef7ce32a99cb321ad1d0f86,2025-02,South Yorkshire Police,South Yorkshire Police,-1.362651,53.509431,On or near Lambert Walk,E01007697,Rotherham 001D,Violence and sexual offences,Awaiting court outcome,
d42feffb30bfdfb4cb7511340f24f0d6f465beacd07383014809749f48678b1e,2025-02,South Yorkshire Police,South Yorkshire Police,-1.362651,53.509431,On or near Lambert Walk,E01007697,Rotherham 001D,Violence and sexual offences,Awaiting court outcome,
0cb513a9195eee96ac8483072a502436b1ee9de92ad821ce98a8fb1fdefca733,2025-02,South Yorkshire Police,South Yorkshire Police,-1.363364,53.504149,On or near Smiths Croft,E01007697,Rotherham 001D,Violence and sexual offences,Unable to prosecute suspect,
fc9727454ebdef6da9b015e946c5a8283ac42ce9649bf75dee23fb9248128ff2,2025-02,South Yorkshire Police,South Yorkshire Police,-1.363364,53.504149,On or near Smiths Croft,E01007697,Rotherham 001D,Violence and sexual offences,Unable to prosecute suspect,
5e199b29a609595def9d7ec167ea66413a5f05ba74565b00351fde5a3e52e87a,2025-02,South Yorkshire Police,South Yorkshire Police,-1.361933,53.505076,On or near Oak Lea Avenue,E01007697,Rotherham 001D,Violence and sexual offences,Unable to prosecute suspect,
8e506fde756fa8401d8e7d94ebaf116000dcb988698c138edb7299c2de8bf1dc,2025-02,South Yorkshire Police,South Yorkshire Police,-1.364172,53.508567,On or near Tennyson Rise,E01007697,Rotherham 001D,Violence and sexual offences,Unable to prosecute suspect,
73f2dd46223a8f1fdc3f86c3e85349e149bbaec932dae416dbeafc9726d7ef88,2025-02,South Yorkshire Police,South Yorkshire Police,-1.363364,53.504149,On or near Smiths Croft,E01007697,Rotherham 001D,Other crime,Unable to prosecute suspect,
,2025-02,South Yorkshire Police,South Yorkshire Police,-1.368289,53.501461,On or near Rainborough Road,E01007698,Rotherham 001E,Anti-social behaviour,,
,2025-02,South Yorkshire Police,South Yorkshire Police,-1.370936,53.501879,On or near Packman Road,E01007698,Rotherham 001E,Anti-social behaviour,,
632a3a519df2a41e1e3e9e5d933861fd35c495e33d6c05f0401c9443c712cadb,2025-02,South Yorkshire Police,South Yorkshire Police,-1.368326,53.504023,On or near Linden Road,E01007698,Rotherham 001E,Public order,Unable to prosecute suspect,
36b87a4fa51c49b987ff027f42c93156569c2675f475a48f1479b2c9744fd2bf,2025-02,South Yorkshire Police,South Yorkshire Police,-1.368326,53.504023,On or near Linden Road,E01007698,Rotherham 001E,Violence and sexual offences,Unable to prosecute suspect,
3176a8ee435530de049704aa1ba5866c381f043953a47390ed6e701f507cded0,2025-02,South Yorkshire Police,South Yorkshire Police,-1.376183,53.504927,On or near Honister Close,E01007698,Rotherham 001E,Violence and sexual offences,Unable to prosecute suspect,
aee4ab31a42471ec0c04c67623b98c95e8d8912c4e3ebba7632d1e927ecbf8d4,2025-02,South Yorkshire Police,South Yorkshire Police,-1.371924,53.501327,On or near Elsecar Road,E01007698,Rotherham 001E,Violence and sexual offences,Awaiting court outcome,
513a222719b375268b4670d80764c9a303dbb3934db4407764cd10e451366d52,2025-02,South Yorkshire Police,South Yorkshire Police,-1.371924,53.501327,On or near Elsecar Road,E01007698,Rotherham 001E,Violence and sexual offences,Unable to prosecute suspect,
,2025-02,South Yorkshire Police,South Yorkshire Police,-1.372054,53.512932,On or near Moorbridge Crescent,E01034246,Rotherham 001F,Anti-social behaviour,,
856589aabf148759cb37ac84284115c0a400ae66cb1a0a4c94f4eb38df795dd9,2025-02,South Yorkshire Police,South Yorkshire Police,-1.357802,53.506034,On or near Victoria Road,E01034246,Rotherham 001F,Other theft,Investigation complete; no suspect identified,
32325dcc74af0155cb55f062863ca5ab7ccb3dccec4696b85c09490f7a245f40,2025-02,South Yorkshire Police,South Yorkshire Police,-1.359651,53.503401,On or near Flatts Lane,E01034246,Rotherham 001F,Public order,Investigation complete; no suspect identified,
e9a8d7c291e27cf6d0fa9e4253a989d4abca9219ea93a000a06741e97049da17,2025-02,South Yorkshire Police,South Yorkshire Police,-1.357802,53.506034,On or near Victoria Road,E01034246,Rotherham 001F,Violence and sexual offences,Investigation complete; no suspect identified,
426a03103f91f7f387b94db66adf4627d6b55d95408bd53bfc344ebfbf3b1ea0,2025-02,South Yorkshire Police,South Yorkshire Police,-1.364447,53.510375,On or near Hollowgate Avenue,E01034246,Rotherham 001F,Violence and sexual offences,Unable to prosecute suspect,
ec9e757f69a6e1cf06b46a4231b3154fd839a3cd698df9b50977643037abcddf,2025-02,South Yorkshire Police,South Yorkshire Police,-1.358464,53.505121,On or near Frederick Street,E01034246,Rotherham 001F,Violence and sexual offences,Unable to prosecute suspect,
25079fff7f44c11d346e6d091100200924fc4cf31a822c180a21e5dc1c6fe9c5,2025-02,South Yorkshire Police,South Yorkshire Police,-1.364447,53.510375,On or near Hollowgate Avenue,E01034246,Rotherham 001F,Violence and sexual offences,Unable to prosecute suspect,
,2025-02,South Yorkshire Police,South Yorkshire Police,-1.343585,53.506946,On or near Tolson Walk,E01034247,Rotherham 001G,Anti-social behaviour,,
c0e09d5d4d4ff717056f78b45417ab2dc8e30bb61caba6e7da0191c6e7307dd1,2025-02,South Yorkshire Police,South Yorkshire Police,-1.357342,53.510300,On or near Shopping Area,E01034247,Rotherham 001G,Bicycle theft,Investigation complete; no suspect identified,
1f935e5425f749f30eff83ba4a22a5208f0a01d549f1b98443ffbfe7b2e83fa4,2025-02,South Yorkshire Police,South Yorkshire Police,-1.344717,53.506853,On or near Marvell Way,E01034247,Rotherham 001G,Theft from the person,Further action is not in the public interest,
e9d807cee392c5d01abd5473879b045e253587c747e727545fac348208eca01b,2025-02,South Yorkshire Police,South Yorkshire Police,-1.343443,53.507340,On or near Cawood Drive,E01034247,Rotherham 001G,Vehicle crime,Investigation complete; no suspect identified,
6e558be8fdf6e06884aa96e685be3a090b45645e557a5e4dc101fd053e4b2bb7,2025-02,South Yorkshire Police,South Yorkshire Police,-1.343443,53.507340,On or near Cawood Drive,E01034247,Rotherham 001G,Vehicle crime,Investigation complete; no suspect identified,
d7c1c327d4fb4550b089374cc7d9b094d8004d683f30cb7ece5605621eea5837,2025-02,South Yorkshire Police,South Yorkshire Police,-1.354797,53.507348,On or near Goldfinch Court,E01034247,Rotherham 001G,Vehicle crime,Investigation complete; no suspect identified,
e7e2fdf5902a98f7e2dd3825810537f5fdee2ae84ff55579fc6bc9936b45920e,2025-02,South Yorkshire Police,South Yorkshire Police,-1.354797,53.507348,On or near Goldfinch Court,E01034247,Rotherham 001G,Vehicle crime,Investigation complete; no suspect identified,
5272e5cde9c3c96178fb01cab4eba46b7274aacbdb828ace3559ca3d7bf4db8d,2025-02,South Yorkshire Police,South Yorkshire Police,-1.354797,53.507348,On or near Goldfinch Court,E01034247,Rotherham 001G,Vehicle crime,Investigation complete; no suspect identified,
7d9aa2105652f49260c5a8f8328416ba797b4b9eca07aad724b5d2ce3eb823f2,2025-02,South Yorkshire Police,South Yorkshire Police,-1.347666,53.509215,On or near Fieldfare Grove,E01034247,Rotherham 001G,Vehicle crime,Investigation complete; no suspect identified,
9ae0bf26e69c4b78a1a5210d256ee8db0e88fb7cc5870457240c9a6cfa09c620,2025-02,South Yorkshire Police,South Yorkshire Police,-1.348955,53.508746,On or near Stonechat Mead,E01034247,Rotherham 001G,Violence and sexual offences,Unable to prosecute suspect,
a33936a911457b67ecab60020794d4f0eef271d313f5eca4050e10d1c43c9150,2025-02,South Yorkshire Police,South Yorkshire Police,-1.353156,53.505164,On or near Vicar Road,E01034247,Rotherham 001G,Violence and sexual offences,Unable to prosecute suspect,
4df77c1040624bad6737e9d98fbc79d77f3af494b6a94acb632bb385847b6d04,2025-02,South Yorkshire Police,South Yorkshire Police,-1.352919,53.507877,On or near Skylark View,E01034247,Rotherham 001G,Violence and sexual offences,Status update unavailable,
,2025-02,South Yorkshire Police,South Yorkshire Police,-1.313812,53.499084,On or near Adwick Park,E01007816,Rotherham 002A,Anti-social behaviour,,
,2025-02,South Yorkshire Police,South Yorkshire Police,-1.315558,53.499301,On or near Manvers Park,E01007816,Rotherham 002A,Anti-social behaviour,,
,2025-02,South Yorkshire Police,South Yorkshire Police,-1.316034,53.497830,On or near Further/Higher Educational Building,E01007816,Rotherham 002A,Anti-social behaviour,,
17c2f18e5de7f85089ca8959ce6e1358d6279eb6fb8c171b4380faef8a76b477,2025-02,South Yorkshire Police,South Yorkshire Police,-1.338191,53.497990,On or near Sycamore Crescent,E01007816,Rotherham 002A,Criminal damage and arson,Unable to prosecute suspect,
34a7deca19c26106a99661a096ea60954e6b4566a9a01192a355459852eac7a3,2025-02,South Yorkshire Police,South Yorkshire Police,-1.338191,53.497990,On or near Sycamore Crescent,E01007816,Rotherham 002A,Criminal damage and arson,Local resolution,
ad67f062308f8c0c6ee54de9abfe36abed1d9c965839b83c7a983f5102f4a6c6,2025-02,South Yorkshire Police,South Yorkshire Police,-1.316034,53.497830,On or near Further/Higher Educational Building,E01007816,Rotherham 002A,Criminal damage and arson,Investigation complete; no suspect identified,
ce74795e6989df66a638d822f820cfddbc5c06689cac45b0ae630cbbf61ea5c8,2025-02,South Yorkshire Police,South Yorkshire Police,-1.337581,53.496486,On or near Hawthorne Road,E01007816,Rotherham 002A,Criminal damage and arson,Investigation complete; no suspect identified,
a9303ebfdfd5809e4dfa33e3ac17210fba944b3583b077c6222dfbb3bd84bcd3,2025-02,South Yorkshire Police,South Yorkshire Police,-1.313812,53.499084,On or near Adwick Park,E01007816,Rotherham 002A,Other theft,Investigation complete; no suspect identified,
0445c3d78a576b4a84aad7ca72ec6988bb250a305ac602f19107f3414e79880a,2025-02,South Yorkshire Police,South Yorkshire Police,-1.339917,53.495555,On or near Cherry Tree Place,E01007816,Rotherham 002A,Possession of weapons,Offender given a caution,
d65504ec38361232eb79688d2501669ad8309df9e72c76e1ac7edce05089652e,2025-02,South Yorkshire Police,South Yorkshire Police,-1.339917,53.495555,On or near Cherry Tree Place,E01007816,Rotherham 002A,Possession of weapons,Further action is not in the public interest,
f823aa06910f0a62b179d64410df5dc71e8a3c6ee08ebe55a026a78e2645ad42,2025-02,South Yorkshire Police,South Yorkshire Police,-1.316932,53.499147,On or near Golden Smithies Lane,E01007816,Rotherham 002A,Vehicle crime,Investigation complete; no suspect identified,
fed2054154bffda86da94fc20bd03b8cbba3a6c8265a02b637094b81bb3bf241,2025-02,South Yorkshire Police,South Yorkshire Police,-1.335219,53.494261,On or near Acorn Place,E01007816,Rotherham 002A,Vehicle crime,Investigation complete; no suspect identified,
ca279458310eff2a560df8a7655654276f5a802608a44d8c6e88622eb1365431,2025-02,South Yorkshire Police,South Yorkshire Police,-1.316932,53.499147,On or near Golden Smithies Lane,E01007816,Rotherham 002A,Violence and sexual offences,Awaiting court outcome,
c4411709bc5aa05cda7f3b7458e5dcc2068e93fed6c9d60c75f66a2c7e14840a,2025-02,South Yorkshire Police,South Yorkshire Police,-1.316932,53.499147,On or near Golden Smithies Lane,E01007816,Rotherham 002A,Violence and sexual offences,Unable to prosecute suspect,
d76ce7927a298898bfc18233acf5f6967a4949735ec5384247d4177705c30133,2025-02,South Yorkshire Police,South Yorkshire Police,-1.316932,53.499147,On or near Golden Smithies Lane,E01007816,Rotherham 002A,Violence and sexual offences,Unable to prosecute suspect,
b7a5b1bee83c93528c210dd802b98246da2604d9fa46aac45b2cc6559f9556c3,2025-02,South Yorkshire Police,South Yorkshire Police,-1.337581,53.496486,On or near Hawthorne Road,E01007816,Rotherham 002A,Violence and sexual offences,Unable to prosecute suspect,
2ca9a7f60e293c37be962505644d5286757dd5d2eab5d34d7c7ad38ec29f8387,2025-02,South Yorkshire Police,South Yorkshire Police,-1.336831,53.495277,On or near Oak Avenue,E01007816,Rotherham 002A,Violence and sexual offences,Unable to prosecute suspect,
c2670acafbf3de0bef2e922de560419c2fbe9ec32ab9df54ba1af2cde9543230,2025-02,South Yorkshire Police,South Yorkshire Police,-1.347685,53.494267,On or near Campsall Field Close,E01007817,Rotherham 002B,Violence and sexual offences,Unable to prosecute suspect,
,2025-02,South Yorkshire Police,South Yorkshire Police,-1.351908,53.493095,On or near Green Lane,E01007819,Rotherham 002C,Anti-social behaviour,,
03d1c48531b9732a87773fbc0bab630a1af72aaf1592baa9b0b65e3da0828005,2025-02,South Yorkshire Police,South Yorkshire Police,-1.344286,53.489853,On or near Wath Wood Bottom,E01007819,Rotherham 002C,Criminal damage and arson,Investigation complete; no suspect identified,
72d48baeb896f056441080205ded6f59201c008ac106c928e6e2a32df79f0dff,2025-02,South Yorkshire Police,South Yorkshire Police,-1.340690,53.491379,On or near Woodland Grove,E01007819,Rotherham 002C,Other theft,Investigation complete; no suspect identified,
59c278e9db6c9b9c95b57fc518ba72e295522b3c1e15ffb4d2d97d1e937345bc,2025-02,South Yorkshire Police,South Yorkshire Police,-1.344286,53.489853,On or near Wath Wood Bottom,E01007819,Rotherham 002C,Violence and sexual offences,Unable to prosecute suspect,
203e603b210077bb273524d2fbd80f6ec4748e1bd2b8ef6738e24f5f8ce80a00,2025-02,South Yorkshire Police,South Yorkshire Police,-1.343155,53.504498,On or near Moor Road,E01007820,Rotherham 002D,Criminal damage and arson,Investigation complete; no suspect identified,
4623611a049ae97ac92afe8b94b79a444ec890640bd0aecd77a84b6265beea5c,2025-02,South Yorkshire Police,South Yorkshire Police,-1.348043,53.510215,On or near Starling Close,E01007820,Rotherham 002D,Drugs,Status update unavailable,
af1e2ed28ff9305f355f05b96cc8a4f34c248f918f1b7468475f5d06873e07e5,2025-02,South Yorkshire Police,South Yorkshire Police,-1.331874,53.502845,On or near Maltings Court,E01007820,Rotherham 002D,Drugs,Local resolution,
e7dc51252b24017d1e55672d7caca0d5e439c5240896ba8738e1407bb2bc3cc5,2025-02,South Yorkshire Police,South Yorkshire Police,-1.331874,53.502845,On or near Maltings Court,E01007820,Rotherham 002D,Drugs,Awaiting court outcome,
0eb6d832ff1c7d342beca66558af856273428de776f75c9cbab8944ede0a05ab,2025-02,South Yorkshire Police,South Yorkshire Police,-1.331874,53.502845,On or near Maltings Court,E01007820,Rotherham 002D,Other theft,Unable to prosecute suspect,
b98d90920cf063e82bb5f05bf8d933b501acdb6876e7ae25b7a3ad57cf3ad9da,2025-02,South Yorkshire Police,South Yorkshire Police,-1.337105,53.499944,On or near Coronation Road,E01007820,Rotherham 002D,Public order,Unable to prosecute suspect,
0b154ba87f7f9c80980821603e2f686dd01c9ff73b4a914fc87272640746826b,2025-02,South Yorkshire Police,South Yorkshire Police,-1.330854,53.501554,On or near Gorehill Close,E01007820,Rotherham 002D,Vehicle crime,Investigation complete; no suspect identified,
09e0019cd1297d1783dd011849dcfb203017cde7c6efd42c9ebd9f4f95319de7,2025-02,South Yorkshire Police,South Yorkshire Police,-1.337105,53.499944,On or near Coronation Road,E01007820,Rotherham 002D,Vehicle crime,Investigation complete; no suspect identified,
fcca478ce1b30e8b35ce0e902a9cf285fcf570ece6473cf4547718acdd9a09d1,2025-02,South Yorkshire Police,South Yorkshire Police,-1.331874,53.502845,On or near Maltings Court,E01007820,Rotherham 002D,Vehicle crime,Investigation complete; no suspect identified,
b78551e00eb3dcdd2396f42c3724f3bfd0075869d3a4fff366952be4d5ac82a7,2025-02,South Yorkshire Police,South Yorkshire Police,-1.343155,53.504498,On or near Moor Road,E01007820,Rotherham 002D,Violence and sexual offences,Unable to prosecute suspect,
ee726e210ac731da8afe84e11f905ee17f64d5b98dabca834fa11452fc88ae4f,2025-02,South Yorkshire Police,South Yorkshire Police,-1.343155,53.504498,On or near Moor Road,E01007820,Rotherham 002D,Violence and sexual offences,Status update unavailable,
64a92a09fe2023fab4e3deeb2b38df608ca015c60ad0bb6b212cb861ffa5c5ab,2025-02,South Yorkshire Police,South Yorkshire Police,-1.334457,53.500558,On or near Sandymount Road,E01007820,Rotherham 002D,Violence and sexual offences,Unable to prosecute suspect,
e8f253aae3c013a4a794acad4331ab5da404cde4491dc06882b4bd7a02b358f5,2025-02,South Yorkshire Police,South Yorkshire Police,-1.341428,53.503078,On or near Supermarket,E01007820,Rotherham 002D,Violence and sexual offences,Unable to prosecute suspect,
ab540c3ba7382f4b32e9c6046d495c68d02f95af6aa1a53d74f4f9beeaaa815a,2025-02,South Yorkshire Police,South Yorkshire Police,-1.343473,53.502460,On or near Further/Higher Educational Building,E01007820,Rotherham 002D,Violence and sexual offences,Status update unavailable,
,2025-02,South Yorkshire Police,South Yorkshire Police,-1.335446,53.502865,On or near Dunford Court,E01007821,Rotherham 002E,Anti-social behaviour,,
,2025-02,South Yorkshire Police,South Yorkshire Police,-1.340075,53.501884,On or near Dearneway,E01007821,Rotherham 002E,Anti-social behaviour,,
,2025-02,South Yorkshire Police,South Yorkshire Police,-1.347567,53.498968,On or near Oaklands Place,E01007821,Rotherham 002E,Anti-social behaviour,,
a64989b24cabeb292febf0e64720c515963600c337813a012cc81b43be6a8174,2025-02,South Yorkshire Police,South Yorkshire Police,-1.340075,53.501884,On or near Dearneway,E01007821,Rotherham 002E,Public order,Unable to prosecute suspect,
2f2f00ac47b5ca133738aaf9b0ca4776ad2495de5f28a2ea7059760592715b33,2025-02,South Yorkshire Police,South Yorkshire Police,-1.337773,53.498653,On or near Charles Road,E01007821,Rotherham 002E,Violence and sexual offences,Unable to prosecute suspect,
6a0c2424c12b2db05007d5f1503f80f1d28e329ced9cded3619d2229da61a6b5,2025-02,South Yorkshire Police,South Yorkshire Police,-1.348001,53.500147,On or near Chapel Street,E01007821,Rotherham 002E,Violence and sexual offences,Unable to prosecute suspect,
47570b955818b00a3caa33e8247fc0477e479696f58e0d48d1faed775ec07344,2025-02,South Yorkshire Police,South Yorkshire Police,-1.340385,53.500375,On or near A633,E01007821,Rotherham 002E,Violence and sexual offences,Unable to prosecute suspect,
ab1d76307933f30b68fe7adf6b7f486ce13ee60861ff570111b55fde232851fb,2025-02,South Yorkshire Police,South Yorkshire Police,-1.340077,53.498810,On or near Gwendoline Mews,E01007821,Rotherham 002E,Violence and sexual offences,Unable to prosecute suspect,
4d0a25da40fe6a658affd0845032503e36f98783fbc6e6b062e17eae175837b3,2025-02,South Yorkshire Police,South Yorkshire Police,-1.337773,53.498653,On or near Charles Road,E01007821,Rotherham 002E,Violence and sexual offences,Unable to prosecute suspect,
9d5c7ddaaabe8e221481081b57f9a924e1a8a28771e1136dbb9a138bc7657e6e,2025-02,South Yorkshire Police,South Yorkshire Police,-1.336034,53.500971,On or near Beech Road,E01007821,Rotherham 002E,Violence and sexual offences,Unable to prosecute suspect,
3472fb9ac8942b19c46934174e8c8ace3c63b4bcdefe711674cf5a7ff987e501,2025-02,South Yorkshire Police,South Yorkshire Police,-1.348001,53.500147,On or near Chapel Street,E01007821,Rotherham 002E,Violence and sexual offences,Unable to prosecute suspect,
5f33939df41788c0a762160f1f118f59550cc649027c341abf1f5cdb61fc8b8e,2025-02,South Yorkshire Police,South Yorkshire Police,-1.349852,53.503375,On or near Church Lane,E01007822,Rotherham 002F,Criminal damage and arson,Investigation complete; no suspect identified,
6454cb2c8b603132a4616a19511dd2aba3af75c802c7a10d0eafe49e32e32a93,2025-02,South Yorkshire Police,South Yorkshire Police,-1.353227,53.500490,On or near Keble Martin Way,E01007822,Rotherham 002F,Criminal damage and arson,Investigation complete; no suspect identified,
0d37a5da74868f34295a60699dcfc4f381e67234122fc92116b01761640c8932,2025-02,South Yorkshire Police,South Yorkshire Police,-1.353227,53.500490,On or near Keble Martin Way,E01007822,Rotherham 002F,Other theft,Status update unavailable,
3397df7f35bca3ca789f055400463b41b565094b146e7dd0d713564c250334e4,2025-02,South Yorkshire Police,South Yorkshire Police,-1.355359,53.501095,On or near Denman Road,E01007822,Rotherham 002F,Violence and sexual offences,Unable to prosecute suspect,
e1a85e850f2bceed696bae0048cb0f82eb10554171d928c133c623c1db5e3e57,2025-02,South Yorkshire Police,South Yorkshire Police,-1.354642,53.499565,On or near Sports/Recreation Area,E01007822,Rotherham 002F,Violence and sexual offences,Awaiting court outcome,
35f3e388ff2ed828b643bc77c93a0026034d49863b5ecf7afd20131640292751,2025-02,South Yorkshire Police,South Yorkshire Police,-1.355359,53.501095,On or near Denman Road,E01007822,Rotherham 002F,Violence and sexual offences,Unable to prosecute suspect,
fac7527884156aa087d80e6673c85491b86a248a01ead99d432bf71bd318ea06,2025-02,South Yorkshire Police,South Yorkshire Police,-1.356586,53.497731,On or near Newfield Crescent,E01007822,Rotherham 002F,Violence and sexual offences,Unable to prosecute suspect,
1a7208552711b02b784bb46adb453d726509b7f74b3672eba6a36b68ea8773de,2025-02,South Yorkshire Police,South Yorkshire Police,-1.349852,53.503375,On or near Church Lane,E01007822,Rotherham 002F,Violence and sexual offences,Unable to prosecute suspect,
7897332163f7f0cabbc918f5fe8cf0e910bd5781607997c0cef9f0f9ec3df9fb,2025-02,South Yorkshire Police,South Yorkshire Police,-1.351173,53.499778,On or near Gawtress Row,E01007822,Rotherham 002F,Violence and sexual offences,Unable to prosecute suspect,
34f09dc5e5df1bdf68ad3ff0189ed20c54e2041b032c53e0447b822f4a557e7c,2025-02,South Yorkshire Police,South Yorkshire Police,-1.353227,53.500490,On or near Keble Martin Way,E01007822,Rotherham 002F,Violence and sexual offences,Unable to prosecute suspect,
8bc22d63f546c645304ec26cf9318a54d963edd8fc15a6ce15b5e0581e399d10,2025-02,South Yorkshire Police,South Yorkshire Police,-1.355975,53.500209,On or near Bushfield Road,E01007822,Rotherham 002F,Violence and sexual offences,Unable to prosecute suspect,
c52f64a2b31f1ad448433ec45d28529b3bf954a35f59ad745282994ce42008cf,2025-02,South Yorkshire Police,South Yorkshire Police,-1.355975,53.500209,On or near Bushfield Road,E01007822,Rotherham 002F,Other crime,Unable to prosecute suspect,
,2025-02,South Yorkshire Police,South Yorkshire Police,-1.318412,53.490517,On or near St Mary'S Crescent,E01007796,Rotherham 003A,Anti-social behaviour,,
499487329abb2859246bd9199695f45d0e1cd051c98a3d1aec572ba146b86552,2025-02,South Yorkshire Police,South Yorkshire Police,-1.314264,53.488858,On or near Storey Street,E01007796,Rotherham 003A,Criminal damage and arson,Further action is not in the public interest,
0785f4cf655dde05fa2c2e88018a5162af2b8420dddeb3e37b2fbdb623d0f454,2025-02,South Yorkshire Police,South Yorkshire Police,-1.316674,53.488009,On or near Chapel Hill,E01007796,Rotherham 003A,Other theft,Unable to prosecute suspect,
ae539f2ed0064dcc6dc867adea366a7c2c200addd7ced8c0499d71f85fefe9f0,2025-02,South Yorkshire Police,South Yorkshire Police,-1.312767,53.490099,On or near Reader Crescent,E01007796,Rotherham 003A,Other theft,Unable to prosecute suspect,
7634bffa3e616e44e76bb6139e5edc6f85bf1c7990b2362737c4302822828bde,2025-02,South Yorkshire Police,South Yorkshire Police,-1.314264,53.488858,On or near Storey Street,E01007796,Rotherham 003A,Public order,Action to be taken by another organisation,
bdc117d98fbabf7398fd2ff0f7acf48f99ab9d7865cbac1ccd1cd18bca6e51e5,2025-02,South Yorkshire Police,South Yorkshire Police,-1.311531,53.491035,On or near Edward Street,E01007796,Rotherham 003A,Public order,Investigation complete; no suspect identified,
e80bb0ab4a1271b21986570c072c2629b80f7193ab6cb0ba61944e4d3d8b306e,2025-02,South Yorkshire Police,South Yorkshire Police,-1.312693,53.489038,On or near Potteries Court,E01007796,Rotherham 003A,Violence and sexual offences,Unable to prosecute suspect,
0ec2cc9b6baa15731c7af5f22675d864251cd74e0820dbf3dfc172aa38a412d5,2025-02,South Yorkshire Police,South Yorkshire Police,-1.314264,53.488858,On or near Storey Street,E01007796,Rotherham 003A,Violence and sexual offences,Status update unavailable,
b321b19d02afb3b36f418dc335be78944b629e087eb79d5d2cb8c485a195b736,2025-02,South Yorkshire Police,South Yorkshire Police,-1.312693,53.489038,On or near Potteries Court,E01007796,Rotherham 003A,Violence and sexual offences,Unable to prosecute suspect,
cb609d618fd1856b013ce218fb108c075965257dbb83e9f2b9d2cc64efaf984f,2025-02,South Yorkshire Police,South Yorkshire Police,-1.317489,53.489784,On or near Foster'S Close,E01007796,Rotherham 003A,Violence and sexual offences,Unable to prosecute suspect,
74f4ad1fbe2eb2f25b48430a36cd87c179d19c3252de15451a67d81c8f78e383,2025-02,South Yorkshire Police,South Yorkshire Police,-1.317489,53.489784,On or near Foster'S Close,E01007796,Rotherham 003A,Violence and sexual offences,Unable to prosecute suspect,
76919d230a26bfe2bfc598a309544b602d41c6304f434ed307c7e0b0ab969404,2025-02,South Yorkshire Police,South Yorkshire Police,-1.314264,53.488858,On or near Storey Street,E01007796,Rotherham 003A,Violence and sexual offences,Further action is not in the public interest,
30cf45061d0a93ef49f1edc779c35d3ffef2131bb8e2e07bdb3123b370606e5a,2025-02,South Yorkshire Police,South Yorkshire Police,-1.314264,53.488858,On or near Storey Street,E01007796,Rotherham 003A,Violence and sexual offences,Further action is not in the public interest,
5157344fcfb209827ae247594d36a8536d9ddac92fa2268f690b773147723b91,2025-02,South Yorkshire Police,South Yorkshire Police,-1.314264,53.488858,On or near Storey Street,E01007796,Rotherham 003A,Violence and sexual offences,Further action is not in the public interest,
08eb574ee10e7331fd67ec1f2b3eb1e08cfbe08f35affdb4bd584bbceffb094c,2025-02,South Yorkshire Police,South Yorkshire Police,-1.312249,53.490392,On or near Duke Street,E01007796,Rotherham 003A,Other crime,Unable to prosecute suspect,
0846d6e4bb8ef508a0a01731eac6f9961be878eac07fcf23a0283bc27175470e,2025-02,South Yorkshire Police,South Yorkshire Police,-1.310931,53.494564,On or near Hatherley Road,E01007797,Rotherham 003B,Burglary,Investigation complete; no suspect identified,
b26f5af4763df7fec64d2fc10352d5bc1a749f82a4d90b21175be14fcd5e2fb6,2025-02,South Yorkshire Police,South Yorkshire Police,-1.311040,53.492453,On or near Albert Street,E01007797,Rotherham 003B,Violence and sexual offences,Investigation complete; no suspect identified,
31c99339cb618390534846b5ecbb01abfd675929d1031e5f94458d72d5bc77cd,2025-02,South Yorkshire Police,South Yorkshire Police,-1.310931,53.494564,On or near Hatherley Road,E01007797,Rotherham 003B,Violence and sexual offences,Unable to prosecute suspect,
ca949697a75a42cf460d2b2864e4b285906e010487670e711e73217542aa25b1,2025-02,South Yorkshire Police,South Yorkshire Police,-1.310012,53.491764,On or near Queen Street,E01007797,Rotherham 003B,Violence and sexual offences,Unable to prosecute suspect,
301c5a211a474be3ff3db0863f61b01f75532ee537fff7e81f03563a2f6f00f4,2025-02,South Yorkshire Police,South Yorkshire Police,-1.310931,53.494564,On or near Hatherley Road,E01007797,Rotherham 003B,Violence and sexual offences,Unable to prosecute suspect,
6a84cffb5912c46c47cf7658c2298eee7d579012120eeccf249bc395403c3bde,2025-02,South Yorkshire Police,South Yorkshire Police,-1.310012,53.491764,On or near Queen Street,E01007797,Rotherham 003B,Violence and sexual offences,Unable to prosecute suspect,
f5097acd5cb154a66cbc08ee708c0c74299e86bad77653834552bac3b7293d0e,2025-02,South Yorkshire Police,South Yorkshire Police,-1.312580,53.493226,On or near St Michael'S Avenue,E01007797,Rotherham 003B,Other crime,Further investigation is not in the public interest,
bd69fbe1ed64d9cb736f520a35b90fbcb2f7aa16a32fe6d92fb0eadd7170ff97,2025-02,South Yorkshire Police,South Yorkshire Police,-1.307730,53.483751,On or near Lindrick Avenue,E01007798,Rotherham 003C,Vehicle crime,Investigation complete; no suspect identified,
ad664c693244b4860ea63ae8d2c0d3dff283456b3d4ea29ffccb5c49fe6d0b28,2025-02,South Yorkshire Police,South Yorkshire Police,-1.306063,53.485260,On or near Parking Area,E01007798,Rotherham 003C,Vehicle crime,Investigation complete; no suspect identified,
5f789b514d331a413ee40eb9fe5ecb7e3b2cb6981b2c8567e514a7968d942fc1,2025-02,South Yorkshire Police,South Yorkshire Police,-1.306897,53.483134,On or near Muirfield Avenue,E01007798,Rotherham 003C,Violence and sexual offences,Unable to prosecute suspect,
0f983da7bab8afa641b308d273f604aac4301e97f3beda473816bf7c9041ebc1,2025-02,South Yorkshire Police,South Yorkshire Police,-1.312848,53.484122,On or near Brookfield Avenue,E01007798,Rotherham 003C,Other crime,Unable to prosecute suspect,
,2025-02,South Yorkshire Police,South Yorkshire Police,-1.323312,53.484348,On or near Sports/Recreation Area,E01007799,Rotherham 003D,Anti-social behaviour,,
,2025-02,South Yorkshire Police,South Yorkshire Police,-1.320360,53.487472,On or near Park Close,E01007799,Rotherham 003D,Anti-social behaviour,,
e79640d9a9acf604c5bfa5879d7449cff1a276cbc85453be7abf03ac84f5620d,2025-02,South Yorkshire Police,South Yorkshire Police,-1.324843,53.487021,On or near Griffin Road,E01007799,Rotherham 003D,Burglary,Investigation complete; no suspect identified,
9938175dce773f1be9ce78253b20e1931c30835cc57a969112678aa936597c61,2025-02,South Yorkshire Police,South Yorkshire Police,-1.327064,53.486647,On or near Toll Bar Road,E01007799,Rotherham 003D,Public order,Unable to prosecute suspect,
8563f4485dcca150a7b45bcab086ce7672c1873116f507b320d93cad37ea12b7,2025-02,South Yorkshire Police,South Yorkshire Police,-1.320360,53.487472,On or near Park Close,E01007799,Rotherham 003D,Vehicle crime,Investigation complete; no suspect identified,
e63eb7c448eb2cd2bb7c3de99f6efcd77a875b7484a671b2becad5f83b03e005,2025-02,South Yorkshire Police,South Yorkshire Police,-1.320360,53.487472,On or near Park Close,E01007799,Rotherham 003D,Violence and sexual offences,Unable to prosecute suspect,
461c63af186551c81e428d917ccefaf40dcba2456ac0cbc06a612a204ff7d405,2025-02,South Yorkshire Police,South Yorkshire Police,-1.320360,53.487472,On or near Park Close,E01007799,Rotherham 003D,Violence and sexual offences,Status update unavailable,
8ddc3d22a5e9b40788158ddb8e89cf5d041ce2f6667b60b84407833faf908ce7,2025-02,South Yorkshire Police,South Yorkshire Police,-1.327064,53.486647,On or near Toll Bar Road,E01007799,Rotherham 003D,Violence and sexual offences,Unable to prosecute suspect,
d26d8fb7a16aaaa8d9c4e5ade10e39f0af915da1e5bbe757b0a2ea09707fa7d6,2025-02,South Yorkshire Police,South Yorkshire Police,-1.327064,53.486647,On or near Toll Bar Road,E01007799,Rotherham 003D,Violence and sexual offences,Local resolution,
54d989446a83af611b1ed4741a5a5defa87b33b133917044aa55ac344ba5cba9,2025-02,South Yorkshire Police,South Yorkshire Police,-1.323312,53.484348,On or near Sports/Recreation Area,E01007799,Rotherham 003D,Violence and sexual offences,Investigation complete; no suspect identified,
95d0cc26cefce23df13b666f84c1d509cc593ffcb237102b2e6fe3224b4c97fd,2025-02,South Yorkshire Police,South Yorkshire Police,-1.323796,53.486530,On or near Rookery Road,E01007799,Rotherham 003D,Violence and sexual offences,Unable to prosecute suspect,
47a71cba8875a12839063b39b19bac5d7eed8a26f7abadd9a7da4bd21dd317d6,2025-02,South Yorkshire Police,South Yorkshire Police,-1.320360,53.487472,On or near Park Close,E01007799,Rotherham 003D,Other crime,Unable to prosecute suspect,
,2025-02,South Yorkshire Police,South Yorkshire Police,-1.312713,53.487833,On or near Parking Area,E01007800,Rotherham 003E,Anti-social behaviour,,
,2025-02,South Yorkshire Police,South Yorkshire Police,-1.312278,53.485835,On or near Cliffefield Road,E01007800,Rotherham 003E,Anti-social behaviour,,
,2025-02,South Yorkshire Police,South Yorkshire Police,-1.312278,53.485835,On or near Cliffefield Road,E01007800,Rotherham 003E,Anti-social behaviour,,
2a6661d685998accab8f3d09204f1a958ca0311584e13a3b98c9492881f17000,2025-02,South Yorkshire Police,South Yorkshire Police,-1.309115,53.485718,On or near Crossland Street,E01007800,Rotherham 003E,Burglary,Investigation complete; no suspect identified,
6c66e7eb4359242a5a0b1dca5d907e2e58789da46404100c57d504b852a06216,2025-02,South Yorkshire Police,South Yorkshire Police,-1.310145,53.487252,On or near Poplar Grove,E01007800,Rotherham 003E,Criminal damage and arson,Unable to prosecute suspect,
03606e5e67f4300cd972ec8acafd6f75ac83061986872f76afb94a50bd949234,2025-02,South Yorkshire Police,South Yorkshire Police,-1.302737,53.487775,On or near Petrol Station,E01007800,Rotherham 003E,Other theft,Investigation complete; no suspect identified,
3eec0117075aff08117a02261d021738cdbdc198745893498b989fa780dffefb,2025-02,South Yorkshire Police,South Yorkshire Police,-1.307787,53.487715,On or near North Street,E01007800,Rotherham 003E,Other theft,Unable to prosecute suspect,
4d5ecd8c0094f6f23bf3d86e4aeaf7e63dd850739cc61e1c6d8a64bc414ee3d5,2025-02,South Yorkshire Police,South Yorkshire Police,-1.300844,53.490164,On or near Marriott Road,E01007800,Rotherham 003E,Other theft,Investigation complete; no suspect identified,
c587aba18e2753dfeeedfd8272e6ccfd503e6861c0d840051d351d3b9845050a,2025-02,South Yorkshire Police,South Yorkshire Police,-1.298854,53.490153,On or near Rowms Lane,E01007800,Rotherham 003E,Public order,Status update unavailable,
92ec0909e96cb359c009e2d5b44867cd72f94ba029edefcb8fad058abfff0627,2025-02,South Yorkshire Police,South Yorkshire Police,-1.302737,53.487775,On or near Petrol Station,E01007800,Rotherham 003E,Public order,Unable to prosecute suspect,
e33b079fe543540b28336b153115d9624f5e17bbe580f4c8823c6feacf0c0cca,2025-02,South Yorkshire Police,South Yorkshire Police,-1.306821,53.487799,On or near Midland Road,E01007800,Rotherham 003E,Violence and sexual offences,Unable to prosecute suspect,
dbd8f1ca12d0d0d4ae40b5ca47903343f2603ed03a4162f1d26f75c3ae760da6,2025-02,South Yorkshire Police,South Yorkshire Police,-1.312278,53.485835,On or near Cliffefield Road,E01007800,Rotherham 003E,Violence and sexual offences,Unable to prosecute suspect,
05fa3e2c73961f9c7103f2a8d527d731f0145b7ee1e9b1048ff637f8a9ffdde9,2025-02,South Yorkshire Police,South Yorkshire Police,-1.300664,53.488258,On or near New Station Road,E01007800,Rotherham 003E,Violence and sexual offences,Awaiting court outcome,
d7568df636b5646d8c67edd7bc08a28fead04d0461c6ebde89b2a58cb28c3817,2025-02,South Yorkshire Police,South Yorkshire Police,-1.300664,53.488258,On or near New Station Road,E01007800,Rotherham 003E,Violence and sexual offences,Awaiting court outcome,
4d575b0acd44ab2b143c5db560898393cd92eaf2e1b093cab06abf4e7704a949,2025-02,South Yorkshire Police,South Yorkshire Police,-1.310145,53.487252,On or near Poplar Grove,E01007800,Rotherham 003E,Violence and sexual offences,Unable to prosecute suspect,
8ae25dea56e114c2b9c5ce217e71a54094fef53d10709514817b5d8e8feb623a,2025-02,South Yorkshire Police,South Yorkshire Police,-1.304588,53.487013,On or near Broomville Street,E01007800,Rotherham 003E,Violence and sexual offences,Unable to prosecute suspect,
1ad7dbbd6942a88f9bf325482e9dbe90c5b714a6227193215f7f17fc83fec8f6,2025-02,South Yorkshire Police,South Yorkshire Police,-1.304588,53.487013,On or near Broomville Street,E01007800,Rotherham 003E,Violence and sexual offences,Unable to prosecute suspect,
e06b3f3df318e27af0f6bdfe94350f1fc6a9d0c38ad8a644e3652abadf5a73a4,2025-02,South Yorkshire Police,South Yorkshire Police,-1.312278,53.485835,On or near Cliffefield Road,E01007800,Rotherham 003E,Violence and sexual offences,Unable to prosecute suspect,
1d933788b7e595a0f58e0ea9f9907b0c484e30a2dbda4268086649d605c13cd0,2025-02,South Yorkshire Police,South Yorkshire Police,-1.309611,53.486746,On or near Station Street,E01007800,Rotherham 003E,Violence and sexual offences,Unable to prosecute suspect,
0f96919e9f17b5236fdb774cbcf88032b9d3e619f9468945c1fc5f5b325f0395,2025-02,South Yorkshire Police,South Yorkshire Police,-1.306821,53.487799,On or near Midland Road,E01007800,Rotherham 003E,Other crime,Unable to prosecute suspect,
e4c1c8d0c217196cfedc4603a8a200101cdecc6a331dca1e2ec439ff795aa5ec,2025-02,South Yorkshire Police,South Yorkshire Police,-1.302737,53.487775,On or near Petrol Station,E01007800,Rotherham 003E,Other crime,Investigation complete; no suspect identified,
,2025-02,South Yorkshire Police,South Yorkshire Police,-1.319956,53.488189,On or near Church Street,E01007818,Rotherham 003F,Anti-social behaviour,,
,2025-02,South Yorkshire Police,South Yorkshire Police,-1.334358,53.484765,On or near Woodman Drive,E01007818,Rotherham 003F,Anti-social behaviour,,
,2025-02,South Yorkshire Police,South Yorkshire Police,-1.333429,53.485362,On or near Twyford Close,E01007818,Rotherham 003F,Anti-social behaviour,,
95f2f3849e0b8830e6270f2ac1fa9904c332dc6ef0573135ade055ceebfcbe1c,2025-02,South Yorkshire Police,South Yorkshire Police,-1.319956,53.488189,On or near Church Street,E01007818,Rotherham 003F,Burglary,Unable to prosecute suspect,
656f8ef8b053386dc952351eccefe1e92c0d27d940e8277e64bfa560ac543588,2025-02,South Yorkshire Police,South Yorkshire Police,-1.319956,53.488189,On or near Church Street,E01007818,Rotherham 003F,Drugs,Unable to prosecute suspect,
7739ecd05c8388dcb3454b645748d2c0cfdc7398dda48b5d09c97445907dec04,2025-02,South Yorkshire Police,South Yorkshire Police,-1.319956,53.488189,On or near Church Street,E01007818,Rotherham 003F,Drugs,Local resolution,
7130f174501cce00cffabfac59d0c735d3e1b25fcfb58f0b330025811a5a5a41,2025-02,South Yorkshire Police,South Yorkshire Police,-1.323725,53.489055,On or near St Margaret'S Drive,E01007818,Rotherham 003F,Public order,Unable to prosecute suspect,
9e5807123c2f435dba7d2449bf2b3f51be396ef72ae13f3a6b4934666e256068,2025-02,South Yorkshire Police,South Yorkshire Police,-1.326105,53.489168,On or near Yearling Chase,E01007818,Rotherham 003F,Public order,Unable to prosecute suspect,
dedaa830cc39c7a75dc23cc313e6bfea6220a09e19a88ad3b279623f8b267edb,2025-02,South Yorkshire Police,South Yorkshire Police,-1.319956,53.488189,On or near Church Street,E01007818,Rotherham 003F,Public order,Investigation complete; no suspect identified,
d093dd39851655f7c4a6f3cd124777f568e2e390bbaa0c10cb5a226690aff5a8,2025-02,South Yorkshire Police,South Yorkshire Police,-1.334634,53.486393,On or near Rig Drive,E01007818,Rotherham 003F,Violence and sexual offences,Unable to prosecute suspect,
2f9fa9072391029ee538b982e03adba805f2391182c06f5602120aab71bd17e7,2025-02,South Yorkshire Police,South Yorkshire Police,-1.319956,53.488189,On or near Church Street,E01007818,Rotherham 003F,Violence and sexual offences,Unable to prosecute suspect,
c6a38a3279a0b9da6b4fa3d6767ebfef7d6eee3755769994aaaaa31611a1cd16,2025-02,South Yorkshire Police,South Yorkshire Police,-1.319956,53.488189,On or near Church Street,E01007818,Rotherham 003F,Violence and sexual offences,Unable to prosecute suspect,
3f429bf939e02ccc5b0f7d02e0c531f6d47c581733d46f7e85f49a9e5289c625,2025-02,South Yorkshire Police,South Yorkshire Police,-1.322797,53.488709,On or near Birch Court,E01007818,Rotherham 003F,Violence and sexual offences,Awaiting court outcome,
,2025-02,South Yorkshire Police,South Yorkshire Police,-1.305899,53.472216,On or near Springfield Road,E01007777,Rotherham 004A,Anti-social behaviour,,
,2025-02,South Yorkshire Police,South Yorkshire Police,-1.310377,53.477609,On or near Holywell Road,E01007777,Rotherham 004A,Anti-social behaviour,,
0f11ba8c04e01ddc98bac9687f8f243dd55fca19da1c793bd7e9b86e48f0ba6e,2025-02,South Yorkshire Police,South Yorkshire Police,-1.310377,53.477609,On or near Holywell Road,E01007777,Rotherham 004A,Criminal damage and arson,Investigation complete; no suspect identified,
a89683feb941f0355f53da1864153767cd3fdd1771fa37af88efd226836c89e8,2025-02,South Yorkshire Police,South Yorkshire Police,-1.308583,53.476726,On or near Thorn Road,E01007777,Rotherham 004A,Violence and sexual offences,Status update unavailable,
57360a3412f005626e3840ddc4f37e9df5b253d94ba361e532fa248f802c506c,2025-02,South Yorkshire Police,South Yorkshire Police,-1.308583,53.476726,On or near Thorn Road,E01007777,Rotherham 004A,Violence and sexual offences,Unable to prosecute suspect,
9f8edf4d6b4de7875cc39429b6b7041fc6ee1d69c06d2e58400047a2d454793b,2025-02,South Yorkshire Police,South Yorkshire Police,-1.308583,53.476726,On or near Thorn Road,E01007777,Rotherham 004A,Violence and sexual offences,Status update unavailable,
6a77454c907b0403a611b61dd3fd2abbe2b499d30197d0784d7844a98610e50d,2025-02,South Yorkshire Police,South Yorkshire Police,-1.322225,53.476328,On or near Wentworth Road,E01007793,Rotherham 004B,Drugs,Awaiting court outcome,
a5c383e03306cff4eb88c9366bb4311a20adfe309193dd4d280e9cb7404e07d3,2025-02,South Yorkshire Police,South Yorkshire Police,-1.328575,53.482602,On or near The Green,E01007793,Rotherham 004B,Other theft,Investigation complete; no suspect identified,
9cc4bb17ef60f45bab203426eece9e6edb0f6efe392b992fddaf208644ca0af9,2025-02,South Yorkshire Police,South Yorkshire Police,-1.320170,53.480505,On or near Cedar Close,E01007793,Rotherham 004B,Robbery,Unable to prosecute suspect,
552e1e0d54210e4b423a17ba1fe785c384fda931e8383085402f3d7d53a6a352,2025-02,South Yorkshire Police,South Yorkshire Police,-1.324446,53.482597,On or near South Avenue,E01007793,Rotherham 004B,Violence and sexual offences,Unable to prosecute suspect,
7bf8b2cab7120dc8d901d15a26a867714d3e21188c5d1394addeabc69bd278bf,2025-02,South Yorkshire Police,South Yorkshire Police,-1.320170,53.480505,On or near Cedar Close,E01007793,Rotherham 004B,Violence and sexual offences,Unable to prosecute suspect,
853f604f3090ee5ddf270dfd9f3bc33e7b3a5bf7955b6b19029ecae889d414bf,2025-02,South Yorkshire Police,South Yorkshire Police,-1.328575,53.482602,On or near The Green,E01007793,Rotherham 004B,Violence and sexual offences,Investigation complete; no suspect identified,
ef22989b27f71526d8d2c2417d57ed611bdbae8bda5604df2b8f30026350cae8,2025-02,South Yorkshire Police,South Yorkshire Police,-1.326549,53.482042,On or near The Croft,E01007793,Rotherham 004B,Violence and sexual offences,Unable to prosecute suspect,
08f0a476fe9ca21f39610db525111441e310eb8c1464b42d1eb4c8b5474f4f4b,2025-02,South Yorkshire Police,South Yorkshire Police,-1.316516,53.480916,On or near Thompson Drive,E01007794,Rotherham 004C,Criminal damage and arson,Investigation complete; no suspect identified,
93e6b2c5e8b5229f35fd7bc4eef780400fd1b4d11c1e88e0890432637abb11df,2025-02,South Yorkshire Police,South Yorkshire Police,-1.315122,53.485186,On or near Slade Road,E01007794,Rotherham 004C,Criminal damage and arson,Unable to prosecute suspect,
0d6721e4ce75810831d6a8bf4bcc79c264dba948e2d70130d90fb1c8ee88f269,2025-02,South Yorkshire Police,South Yorkshire Police,-1.313532,53.479083,On or near Benton Terrace,E01007794,Rotherham 004C,Criminal damage and arson,Investigation complete; no suspect identified,
055effcc2ebe8ca4036ddcb48a1531484082528fe48a7c812a65442b792b86f7,2025-02,South Yorkshire Police,South Yorkshire Police,-1.314980,53.479010,On or near Haythorne Way,E01007794,Rotherham 004C,Criminal damage and arson,Unable to prosecute suspect,
a5468c28749622007752eedddbc17880f7db172775b1fa374aa6509de6dd3bd6,2025-02,South Yorkshire Police,South Yorkshire Police,-1.314980,53.479010,On or near Haythorne Way,E01007794,Rotherham 004C,Drugs,Status update unavailable,
644d1128f911e96103bb23456ae17046a9fda655d4d510ced58527c4317974cc,2025-02,South Yorkshire Police,South Yorkshire Police,-1.314310,53.480355,On or near Beck Close,E01007794,Rotherham 004C,Drugs,Unable to prosecute suspect,
e7438deaa634a1ac4ec02030177b2af410e4017dfeac090a28ea16021baa8186,2025-02,South Yorkshire Police,South Yorkshire Police,-1.314980,53.479010,On or near Haythorne Way,E01007794,Rotherham 004C,Drugs,Status update unavailable,
dd7fe0716318728f66ef0d59c3439deebf76536fd090167eac7a0592111f3441,2025-02,South Yorkshire Police,South Yorkshire Police,-1.315074,53.481618,On or near Greno Road,E01007794,Rotherham 004C,Other theft,Investigation complete; no suspect identified,
4c9c8c4101cc96694ec7693ca4daf14f971f4d4194dfd00634200338f3a676ac,2025-02,South Yorkshire Police,South Yorkshire Police,-1.316317,53.480169,On or near Calladine Way,E01007794,Rotherham 004C,Possession of weapons,Status update unavailable,
26060e6c943ac463023edd4881e896b89acb6f8b6b32022b4c2728efc8e682e0,2025-02,South Yorkshire Police,South Yorkshire Police,-1.316925,53.479893,On or near Beecham Court,E01007794,Rotherham 004C,Public order,Unable to prosecute suspect,
5e4f4a1b7db313c0eb8326927e1debe2055a986374d5c257b4ad018226954ff9,2025-02,South Yorkshire Police,South Yorkshire Police,-1.315122,53.485186,On or near Slade Road,E01007794,Rotherham 004C,Vehicle crime,Investigation complete; no suspect identified,
8c1d2a2deac3e76840596adfdab22f3352b26f820177c7929e8d0a2932f707d4,2025-02,South Yorkshire Police,South Yorkshire Police,-1.313168,53.480168,On or near Davies Drive,E01007794,Rotherham 004C,Vehicle crime,Investigation complete; no suspect identified,
9045003e2f56904a2dd725f2f0a14a11d5cf5a1e15ae44f99fb5d446dcc16909,2025-02,South Yorkshire Police,South Yorkshire Police,-1.313532,53.479083,On or near Benton Terrace,E01007794,Rotherham 004C,Violence and sexual offences,Unable to prosecute suspect,
001571c7514c760a668e67b02e1c5991327a7f7a0fb3be9c40750349d881409b,2025-02,South Yorkshire Police,South Yorkshire Police,-1.316925,53.479893,On or near Beecham Court,E01007794,Rotherham 004C,Violence and sexual offences,Unable to prosecute suspect,
6128c04703bf82af0760a3827785c45e301ef8cd5943c4329c253bac3dee4478,2025-02,South Yorkshire Police,South Yorkshire Police,-1.316925,53.479893,On or near Beecham Court,E01007794,Rotherham 004C,Violence and sexual offences,Unable to prosecute suspect,
f110c6496104226c1cd5fbe9ad84e570f3a5413439b51ad5e23c1eebb603ca79,2025-02,South Yorkshire Police,South Yorkshire Police,-1.316317,53.480169,On or near Calladine Way,E01007794,Rotherham 004C,Violence and sexual offences,Unable to prosecute suspect,
548c28d14673ab354887ba173c558147a3d46e279870da07ce0e5c88ef0139b9,2025-02,South Yorkshire Police,South Yorkshire Police,-1.315122,53.485186,On or near Slade Road,E01007794,Rotherham 004C,Violence and sexual offences,Unable to prosecute suspect,
,2025-02,South Yorkshire Police,South Yorkshire Police,-1.310234,53.478983,On or near Highthorn Road,E01007795,Rotherham 004D,Anti-social behaviour,,
bdde372d227b74698d61d23255a3374d4f781ad5bfa6f73e6d6c19ede74e7845,2025-02,South Yorkshire Police,South Yorkshire Police,-1.310297,53.473231,On or near Ashdene Court,E01007795,Rotherham 004D,Criminal damage and arson,Status update unavailable,
30b547ad27d6a350c18dc66d797fa1138643ca0e7ff5d407be94ae5513215086,2025-02,South Yorkshire Police,South Yorkshire Police,-1.317215,53.474960,On or near Snowberry Close,E01007795,Rotherham 004D,Other theft,Unable to prosecute suspect,
d8c8e1cbeca6df8c2b4d00acb33eab34472deb6558601fd6cf7a1ffc1b1238af,2025-02,South Yorkshire Police,South Yorkshire Police,-1.310234,53.478983,On or near Highthorn Road,E01007795,Rotherham 004D,Other theft,Unable to prosecute suspect,
6195ec172c3f2d8c92ad86532c3beb899108046100eae3201d61767f89845fe2,2025-02,South Yorkshire Police,South Yorkshire Police,-1.310234,53.478983,On or near Highthorn Road,E01007795,Rotherham 004D,Other theft,Investigation complete; no suspect identified,
fb7212f5ff51e5e56389a2de5583c90bcc4c7932ec388268959aaa72455664d2,2025-02,South Yorkshire Police,South Yorkshire Police,-1.312634,53.474053,On or near Pine Walk,E01007795,Rotherham 004D,Violence and sexual offences,Unable to prosecute suspect,
643b25ea496aab5fcd9d4050655f354770c53f318e883ce9d1c9be0cc3508cc5,2025-02,South Yorkshire Police,South Yorkshire Police,-1.310234,53.478983,On or near Highthorn Road,E01007795,Rotherham 004D,Violence and sexual offences,Investigation complete; no suspect identified,
f7418bd91d0225909b66ba643728529f5b6c515402fd845f0581b8904e872fda,2025-02,South Yorkshire Police,South Yorkshire Police,-1.310234,53.478983,On or near Highthorn Road,E01007795,Rotherham 004D,Violence and sexual offences,Unable to prosecute suspect,
1213a665f1476e8f50f56b38aeb83cdf18b428fea2baef72ce6f82976448b58b,2025-02,South Yorkshire Police,South Yorkshire Police,-1.355418,53.470319,On or near Marriott Place,E01007778,Rotherham 005A,Violence and sexual offences,Unable to prosecute suspect,
84beaf0522611de3eaf0c78fdd62493284c14866b5a5008b3d717cb9e1f78c25,2025-02,South Yorkshire Police,South Yorkshire Police,-1.347817,53.472866,On or near Rushey Close,E01007778,Rotherham 005A,Violence and sexual offences,Status update unavailable,
,2025-02,South Yorkshire Police,South Yorkshire Police,-1.362334,53.474266,On or near Boardman Avenue,E01007779,Rotherham 005B,Anti-social behaviour,,
,2025-02,South Yorkshire Police,South Yorkshire Police,-1.363956,53.476665,On or near Bairstow Gardens,E01007779,Rotherham 005B,Anti-social behaviour,,
b73e1904d9691416037774892910606913f364d76ad13f55607a555458050c76,2025-02,South Yorkshire Police,South Yorkshire Police,-1.367991,53.474799,On or near Stubbin Road,E01007779,Rotherham 005B,Criminal damage and arson,Investigation complete; no suspect identified,
828dbac1ce51dc7f4bd5c8657f91bd21e44183f126f6f4d358f922f63c894d7a,2025-02,South Yorkshire Police,South Yorkshire Police,-1.363040,53.473415,On or near Durnan Grove,E01007779,Rotherham 005B,Criminal damage and arson,Investigation complete; no suspect identified,
7fe990b983a3e557d54206b357857cf8adeebeef83e1a010099ed4911e3ce99c,2025-02,South Yorkshire Police,South Yorkshire Police,-1.364081,53.473295,On or near Dawson Avenue,E01007779,Rotherham 005B,Public order,Unable to prosecute suspect,
5d5d04078a92706f41c8c12d4723f7ca8dc503e80aeabe7ea472c78b7e93aa2c,2025-02,South Yorkshire Police,South Yorkshire Police,-1.362112,53.472017,On or near Wild Avenue,E01007779,Rotherham 005B,Vehicle crime,Unable to prosecute suspect,
a68794debb783271d77b2c144c367d047a3952a2ff5afb16a83c797429f7f397,2025-02,South Yorkshire Police,South Yorkshire Police,-1.367991,53.474799,On or near Stubbin Road,E01007779,Rotherham 005B,Vehicle crime,Investigation complete; no suspect identified,
17f9a97e5bc0c85cbc346eb30f96c7d85c031b19c1f51cb954776f10f857d148,2025-02,South Yorkshire Police,South Yorkshire Police,-1.364911,53.473255,On or near Brett Close,E01007779,Rotherham 005B,Violence and sexual offences,Awaiting court outcome,
92437aa98806090b14419ec8053106e1268c52c8aa2164d56889637dad7d9d88,2025-02,South Yorkshire Police,South Yorkshire Police,-1.363040,53.473415,On or near Durnan Grove,E01007779,Rotherham 005B,Violence and sexual offences,Awaiting court outcome,
9883eb2cd2b2c785ecceca7cc1f8350e6691d3874cb1225d86b7ed137dd61305,2025-02,South Yorkshire Police,South Yorkshire Police,-1.363862,53.473887,On or near Rolls Crescent,E01007779,Rotherham 005B,Violence and sexual offences,Unable to prosecute suspect,
148d4f86ea2191b5f0e1b860d06c4924f4972bcca6a33a6fa5b39f710e83dd4f,2025-02,South Yorkshire Police,South Yorkshire Police,-1.364911,53.473255,On or near Brett Close,E01007779,Rotherham 005B,Violence and sexual offences,Unable to prosecute suspect,
4ae01c19731cbc2210f0c55c6f1913229199b2811494f06f7efd8f4722eed739,2025-02,South Yorkshire Police,South Yorkshire Police,-1.361556,53.472949,On or near Central Drive,E01007779,Rotherham 005B,Violence and sexual offences,Unable to prosecute suspect,
ea4769b0b573c2635199392a1362b93c282a15966beac4c99cc293e77cca3cb0,2025-02,South Yorkshire Police,South Yorkshire Police,-1.361556,53.472949,On or near Central Drive,E01007779,Rotherham 005B,Violence and sexual offences,Unable to prosecute suspect,
cf3a8f100fa63eea45092b5fe0326a9a900a12067281fe40b8c15d95b13e2b3a,2025-02,South Yorkshire Police,South Yorkshire Police,-1.346058,53.472605,On or near Sharpfield Avenue,E01007780,Rotherham 005C,Violence and sexual offences,Unable to prosecute suspect,
55a4b4c36159b4c89d4af9f79e5638338b139c04d7c67f3ab8f0541897ff3e76,2025-02,South Yorkshire Police,South Yorkshire Police,-1.344871,53.470459,On or near Fielding Grove,E01007780,Rotherham 005C,Violence and sexual offences,Unable to prosecute suspect,
21828cbb5d16332fcdff06d57f9d369496f3432e3e994344f0a5046a2c427cb5,2025-02,South Yorkshire Police,South Yorkshire Police,-1.338601,53.471584,On or near Pipe House Lane,E01007780,Rotherham 005C,Violence and sexual offences,Unable to prosecute suspect,
,2025-02,South Yorkshire Police,South Yorkshire Police,-1.350112,53.466640,On or near Uplands Way,E01007781,Rotherham 005D,Anti-social behaviour,,
,2025-02,South Yorkshire Police,South Yorkshire Police,-1.350112,53.466640,On or near Uplands Way,E01007781,Rotherham 005D,Anti-social behaviour,,
6f2d721d5a00736fe754489c3f1477bb7ba7004a7d0f0626f4047932a077a310,2025-02,South Yorkshire Police,South Yorkshire Police,-1.349676,53.472463,On or near Wood Close,E01007781,Rotherham 005D,Other theft,Unable to prosecute suspect,
453134a6259f5690b16fed04347c8d1b09457b46bffdc44afc19562777b35449,2025-02,South Yorkshire Police,South Yorkshire Police,-1.352157,53.471820,On or near Booth Place,E01007781,Rotherham 005D,Public order,Unable to prosecute suspect,
f4a506fea677ca3f8f203e3334187594003ce62d17fb02b99818d7d5ba8875fd,2025-02,South Yorkshire Police,South Yorkshire Police,-1.349676,53.472463,On or near Wood Close,E01007781,Rotherham 005D,Public order,Unable to prosecute suspect,
1bcab88618a853adefbe83f142e0e67fb8c9ce5dbbc89e599068b8648a8a315b,2025-02,South Yorkshire Police,South Yorkshire Police,-1.349676,53.472463,On or near Wood Close,E01007781,Rotherham 005D,Public order,Unable to prosecute suspect,
e5ab3bbcb9f82644e337f4ca61d05b2afe6c90bdbe7604556c0747a6d7014ec0,2025-02,South Yorkshire Police,South Yorkshire Police,-1.350020,53.471665,On or near Lister Avenue,E01007781,Rotherham 005D,Public order,Unable to prosecute suspect,
603e863cfcbb6773d9a7eb7364da91d98d0c15448c94861870fb34265c65e9ce,2025-02,South Yorkshire Police,South Yorkshire Police,-1.346975,53.469787,On or near Kent Avenue,E01007781,Rotherham 005D,Vehicle crime,Investigation complete; no suspect identified,
a29860f314f63949e95f08ee3ea395238286bfc4170ee0dccab12ac696455a9d,2025-02,South Yorkshire Police,South Yorkshire Police,-1.354508,53.470727,On or near Humphries Avenue,E01007781,Rotherham 005D,Vehicle crime,Investigation complete; no suspect identified,
437127a633a8ae0c785e9689b5eec8743002084119bfaceef972ed1f0be90d97,2025-02,South Yorkshire Police,South Yorkshire Police,-1.352157,53.471820,On or near Booth Place,E01007781,Rotherham 005D,Violence and sexual offences,Unable to prosecute suspect,
1a74b300601ae0e3041bc2d1c98471b69dc6f4f76858bd6b4e3c73dc951befa4,2025-02,South Yorkshire Police,South Yorkshire Police,-1.350020,53.471665,On or near Lister Avenue,E01007781,Rotherham 005D,Violence and sexual offences,Unable to prosecute suspect,
04a0a05fca7d919640466ab03dd91749fa2691a832c56ed563aa87a7b468e5f1,2025-02,South Yorkshire Police,South Yorkshire Police,-1.339641,53.466727,On or near Petrol Station,E01007782,Rotherham 005E,Burglary,Investigation complete; no suspect identified,
578fbc50a69ce6fecdcfd66cab7a01157062214a73116d4d3ed7d7c349a16c5b,2025-02,South Yorkshire Police,South Yorkshire Police,-1.339641,53.466727,On or near Petrol Station,E01007782,Rotherham 005E,Criminal damage and arson,Unable to prosecute suspect,
a1e219dede2daee20034d33a11e5dad31f6d48938265aee7e2ac98f9a891327a,2025-02,South Yorkshire Police,South Yorkshire Police,-1.341866,53.465076,On or near East Avenue,E01007782,Rotherham 005E,Drugs,Status update unavailable,
f132c79856559b04c10d21968f05a82627870117847f61925b15d3bb578a106c,2025-02,South Yorkshire Police,South Yorkshire Police,-1.339641,53.466727,On or near Petrol Station,E01007782,Rotherham 005E,Other theft,Investigation complete; no suspect identified,
50ccf234c61c1e1860efd9db89a1aa780ccbcc4ac492224a53942e219f772fdc,2025-02,South Yorkshire Police,South Yorkshire Police,-1.340203,53.464465,On or near Dale Road,E01007782,Rotherham 005E,Robbery,Investigation complete; no suspect identified,
75ea48bd66960ab25658d386c60fbb6cb2f80e58adfba57f7a3f03ce15a6fb96,2025-02,South Yorkshire Police,South Yorkshire Police,-1.341737,53.466604,On or near Park Street,E01007782,Rotherham 005E,Violence and sexual offences,Status update unavailable,
9b50f37235b2032daa28cbee87d63bf981d9e3dfa7ca5a3441b87abeb8609829,2025-02,South Yorkshire Police,South Yorkshire Police,-1.341866,53.465076,On or near East Avenue,E01007782,Rotherham 005E,Violence and sexual offences,Unable to prosecute suspect,
d97ea9fd7bb1385860c730086602ce0a60d68f333820a96edd9617fdb6b81502,2025-02,South Yorkshire Police,South Yorkshire Police,-1.341737,53.466604,On or near Park Street,E01007782,Rotherham 005E,Violence and sexual offences,Unable to prosecute suspect,
,2025-02,South Yorkshire Police,South Yorkshire Police,-1.335020,53.466521,On or near South Street,E01007771,Rotherham 006A,Anti-social behaviour,,
681ea3f40c93dd56f5efcaf52c5d6ff36a4a4d87fa703c7e76c09630914da2ab,2025-02,South Yorkshire Police,South Yorkshire Police,-1.334320,53.468882,On or near Arthur Street,E01007771,Rotherham 006A,Criminal damage and arson,Investigation complete; no suspect identified,
a90727f5db76499af24a03a0ad439d74a93922b2607dead078d151ce6393314f,2025-02,South Yorkshire Police,South Yorkshire Police,-1.334320,53.468882,On or near Arthur Street,E01007771,Rotherham 006A,Other crime,Investigation complete; no suspect identified,
,2025-02,South Yorkshire Police,South Yorkshire Police,-1.324583,53.469240,On or near Thackeray Avenue,E01007772,Rotherham 006B,Anti-social behaviour,,
,2025-02,South Yorkshire Police,South Yorkshire Police,-1.305677,53.470157,On or near Wheatley Road,E01007772,Rotherham 006B,Anti-social behaviour,,
,2025-02,South Yorkshire Police,South Yorkshire Police,-1.307172,53.469905,On or near Russell Road,E01007772,Rotherham 006B,Anti-social behaviour,,
120db38dfabecf59a0b863c7eb0e0cc335d611902b6f959cd24b3b4739929744,2025-02,South Yorkshire Police,South Yorkshire Police,-1.322570,53.468878,On or near Eastfield Place,E01007772,Rotherham 006B,Criminal damage and arson,Unable to prosecute suspect,
f05b127e759d65fefae0cb77c9d495a1b3591fcd08d618bcebd1b10a9637af22,2025-02,South Yorkshire Police,South Yorkshire Police,-1.307172,53.469905,On or near Russell Road,E01007772,Rotherham 006B,Drugs,Awaiting court outcome,
9279a64cc8986c9bf18372707e9df506ba6bf2cc5d32af442d6e4397dbcab4b9,2025-02,South Yorkshire Police,South Yorkshire Police,-1.321684,53.468694,On or near Moordale View,E01007772,Rotherham 006B,Violence and sexual offences,Unable to prosecute suspect,
80b763c9210fa57dad51594036f6b5866c488db94c2174a230e8682d5f3dac76,2025-02,South Yorkshire Police,South Yorkshire Police,-1.322570,53.468878,On or near Eastfield Place,E01007772,Rotherham 006B,Violence and sexual offences,Unable to prosecute suspect,
b45503552e082894174d617c6879601bdb3e4c038b00ac2bea5d32a980d6b7ef,2025-02,South Yorkshire Police,South Yorkshire Police,-1.302666,53.473726,On or near Wharf Road,E01007772,Rotherham 006B,Violence and sexual offences,Unable to prosecute suspect,
9f95b9071652b4bc4488b2cdd90533792beeab7c9eed604eb3ba7f342cc0896b,2025-02,South Yorkshire Police,South Yorkshire Police,-1.322570,53.468878,On or near Eastfield Place,E01007772,Rotherham 006B,Violence and sexual offences,Unable to prosecute suspect,
e5c45816440c1ecb9aa300a4ff577502fd2d576ed38591b1328d4f11ac295e05,2025-02,South Yorkshire Police,South Yorkshire Police,-1.307172,53.469905,On or near Russell Road,E01007772,Rotherham 006B,Violence and sexual offences,Investigation complete; no suspect identified,
735ade3831456100f722b57f6a4cf9dd633fcdcf366f12db4cbb139ec6e3dfa6,2025-02,South Yorkshire Police,South Yorkshire Police,-1.304990,53.472553,On or near Beighton Road,E01007772,Rotherham 006B,Violence and sexual offences,Unable to prosecute suspect,
,2025-02,South Yorkshire Police,South Yorkshire Police,-1.330993,53.468728,On or near North Street,E01007773,Rotherham 006C,Anti-social behaviour,,
1f2ba1c428fcb6c739426a4d19e855ad50930a9f21dea729423c66fe37f548e1,2025-02,South Yorkshire Police,South Yorkshire Police,-1.326307,53.466877,On or near Rose Crescent,E01007773,Rotherham 006C,Burglary,Unable to prosecute suspect,
430905fab78ff14b1d04fbb6265f66c96ac6bfe73d95d7230669b50178cb435f,2025-02,South Yorkshire Police,South Yorkshire Police,-1.328480,53.467626,On or near Kilnhurst Road,E01007773,Rotherham 006C,Public order,Investigation complete; no suspect identified,
523018665d9adecfd17705ffdb06d775cfafc862a91830f41ae14b933b423e1b,2025-02,South Yorkshire Police,South Yorkshire Police,-1.330993,53.468728,On or near North Street,E01007773,Rotherham 006C,Vehicle crime,Investigation complete; no suspect identified,
ceff29de49ab7816aabd81efe9499349f4a916c739bd36a403f1d9016d5d136f,2025-02,South Yorkshire Police,South Yorkshire Police,-1.325669,53.466298,On or near Lime Tree Crescent,E01007773,Rotherham 006C,Violence and sexual offences,Unable to prosecute suspect,
fd58c58db10e89d4e2656f0a1ffe06265d44e5808ce12100321e9047ce43adb9,2025-02,South Yorkshire Police,South Yorkshire Police,-1.328480,53.467626,On or near Kilnhurst Road,E01007773,Rotherham 006C,Violence and sexual offences,Unable to prosecute suspect,
c9ff1d46a84d39161433131584ce2d252bb31cc2a0e2baf8776a4bb0a5f744ac,2025-02,South Yorkshire Police,South Yorkshire Police,-1.328125,53.466213,On or near Osberton Street,E01007773,Rotherham 006C,Violence and sexual offences,Unable to prosecute suspect,
95db6bf21e36cce2f9e2c3aa72a9a7566c05a03a3ee737dceaf9fab2f2d041a5,2025-02,South Yorkshire Police,South Yorkshire Police,-1.328125,53.466213,On or near Osberton Street,E01007773,Rotherham 006C,Violence and sexual offences,Unable to prosecute suspect,
,2025-02,South Yorkshire Police,South Yorkshire Police,-1.331108,53.463309,On or near Pottery Lane,E01007774,Rotherham 006D,Anti-social behaviour,,
,2025-02,South Yorkshire Police,South Yorkshire Police,-1.335215,53.462720,On or near Manor Place,E01007774,Rotherham 006D,Anti-social behaviour,,
a9fc5f88600c74e89cff00edd551e047e7856ad7b3d139fe478b8219d2b2035f,2025-02,South Yorkshire Police,South Yorkshire Police,-1.324370,53.465581,On or near Thrybergh Hall Road,E01007774,Rotherham 006D,Violence and sexual offences,Awaiting court outcome,
3567cb30f1b83289f442d3b54e3ae7e9f670dceb5649298d413f9a425667a3ba,2025-02,South Yorkshire Police,South Yorkshire Police,-1.334807,53.465702,On or near Marrion Road,E01007774,Rotherham 006D,Violence and sexual offences,Awaiting court outcome,
ba3e0a84ec594a1491da25e617faa19a3c7dbc470fd60a590025b3b545b61d83,2025-02,South Yorkshire Police,South Yorkshire Police,-1.334807,53.465702,On or near Marrion Road,E01007774,Rotherham 006D,Violence and sexual offences,Awaiting court outcome,
1f1dd1db0987acfb0683ed44d8c14792b3bf7cb73f25746ca2cbb6e97dd2a65d,2025-02,South Yorkshire Police,South Yorkshire Police,-1.329147,53.464269,On or near Supermarket,E01007774,Rotherham 006D,Violence and sexual offences,Unable to prosecute suspect,
034362f0b432ba5b3d05af02f2d7e9df3019b832b0da0a9e2e934a9635eb65c9,2025-02,South Yorkshire Police,South Yorkshire Police,-1.331269,53.463633,On or near Cannon Close,E01007774,Rotherham 006D,Violence and sexual offences,Unable to prosecute suspect,
292a73e69786a5ec8e0588e901fc65fe440de129c79b3fd99395418005ac34d9,2025-02,South Yorkshire Police,South Yorkshire Police,-1.330738,53.466767,On or near Tinker Road,E01007774,Rotherham 006D,Violence and sexual offences,Unable to prosecute suspect,
0f9fed72238c8b38b7d2e9a02625cb3de330309c11e312f2b25452566648d109,2025-02,South Yorkshire Police,South Yorkshire Police,-1.334807,53.465702,On or near Marrion Road,E01007774,Rotherham 006D,Other crime,Unable to prosecute suspect,
,2025-02,South Yorkshire Police,South Yorkshire Police,-1.380985,53.478480,On or near Hoober Lane,E01007696,Rotherham 007A,Anti-social behaviour,,
ea5db7ba2420c3f257258e4aaf4f88422b1f3b3b4902272274c12c21cb0221a9,2025-02,South Yorkshire Police,South Yorkshire Police,-1.428653,53.481226,On or near The Almshouses,E01007696,Rotherham 007A,Criminal damage and arson,Investigation complete; no suspect identified,
b7a55a99a4443693f5fa7623f6f7da2e66bb29e6b1a5c7a28821cb0635ef223c,2025-02,South Yorkshire Police,South Yorkshire Police,-1.449832,53.478269,On or near Lodge Drive,E01007696,Rotherham 007A,Public order,Investigation complete; no suspect identified,
5894754d47f2232054a24afb94d1723649c12812ba0d011c73cf4df7e5237201,2025-02,South Yorkshire Police,South Yorkshire Police,-1.380985,53.478480,On or near Hoober Lane,E01007696,Rotherham 007A,Other crime,Action to be taken by another organisation,
,2025-02,South Yorkshire Police,South Yorkshire Police,-1.411111,53.446498,On or near Hesley Mews,E01007801,Rotherham 007B,Anti-social behaviour,,
,2025-02,South Yorkshire Police,South Yorkshire Police,-1.417547,53.448247,On or near Keppel Road,E01007801,Rotherham 007B,Anti-social behaviour,,
2a60164edd2df113940936a5ecb34e957c4ab8dcf77fb1466faadc66b7abf9ae,2025-02,South Yorkshire Police,South Yorkshire Police,-1.441312,53.447848,On or near Jumble Lane,E01007801,Rotherham 007B,Other theft,Status update unavailable,
ccbfa5dc38099a6f51af4bd2004cd8413c46229f4b539ee57243e174b6a9b7a2,2025-02,South Yorkshire Police,South Yorkshire Police,-1.418413,53.448754,On or near Keppel Drive,E01007801,Rotherham 007B,Violence and sexual offences,Unable to prosecute suspect,
230c862c931d8b61fedb2330d05ca7900a197cb6f773c33572c9993542dea69b,2025-02,South Yorkshire Police,South Yorkshire Police,-1.410494,53.447556,On or near Middlewood Drive,E01007801,Rotherham 007B,Violence and sexual offences,Unable to prosecute suspect,
6eb8e679fbeba490455f1d672055f1cbc203973f75635dda5406197a263c070c,2025-02,South Yorkshire Police,South Yorkshire Police,-1.415367,53.446870,On or near Willowdale Rise,E01007801,Rotherham 007B,Other crime,Unable to prosecute suspect,
6501d83274818046f3f74fbfdf73aa98bf1fbe0399ccc533aa4d65e4e6c209ff,2025-02,South Yorkshire Police,South Yorkshire Police,-1.438452,53.459223,On or near Park View,E01007802,Rotherham 007C,Criminal damage and arson,Investigation complete; no suspect identified,
6ae4a5bde8b18bf0dfd190a0a5b37bceeca13f933a1c3bb005bc1c92e0ccc7a8,2025-02,South Yorkshire Police,South Yorkshire Police,-1.438452,53.459223,On or near Park View,E01007802,Rotherham 007C,Criminal damage and arson,Investigation complete; no suspect identified,
3a7b6413fea332d3a2566fff81acea1f3012703c4c6aae846a675911b4cd333f,2025-02,South Yorkshire Police,South Yorkshire Police,-1.438452,53.459223,On or near Park View,E01007802,Rotherham 007C,Criminal damage and arson,Investigation complete; no suspect identified,
5fcd706351dced9ed7f86532aeaeffa0255cb73d049c9feebfcf881a899f2fad,2025-02,South Yorkshire Police,South Yorkshire Police,-1.437285,53.462049,On or near Wentworth Close,E01007802,Rotherham 007C,Public order,Unable to prosecute suspect,
,2025-02,South Yorkshire Police,South Yorkshire Police,-1.443158,53.457510,On or near Hesley Bar,E01007803,Rotherham 007D,Anti-social behaviour,,
2b3d53fe10c51140f566ffaefa0a6c7923455fc40706654cf87028533a2712c8,2025-02,South Yorkshire Police,South Yorkshire Police,-1.437726,53.456011,On or near Wortley Mews,E01007803,Rotherham 007D,Drugs,Status update unavailable,
cd171309269b2e548d0e09647848fbd05efe8ec555162600ecc672d52c18e409,2025-02,South Yorkshire Police,South Yorkshire Police,-1.432964,53.452842,On or near Birchtree Road,E01007803,Rotherham 007D,Violence and sexual offences,Unable to prosecute suspect,
,2025-02,South Yorkshire Police,South Yorkshire Police,-1.432862,53.463898,On or near Chapelfield Road,E01007808,Rotherham 007E,Anti-social behaviour,,
e4be829a8fb1a48e5bdc7b3ae778acdb7486ef2ac9e8a7231786874a2e8f3ff5,2025-02,South Yorkshire Police,South Yorkshire Police,-1.336244,53.461441,On or near Oates Avenue,E01007775,Rotherham 008A,Criminal damage and arson,Investigation complete; no suspect identified,
9b779037b56c6d05583189f7f64d4335f20fbbccc01d12e16d19b1d7cd5e682b,2025-02,South Yorkshire Police,South Yorkshire Police,-1.340175,53.461435,On or near Chapel Street,E01007775,Rotherham 008A,Other theft,Unable to prosecute suspect,
0e36b3b4aee28f6a242edf2808a1c5bb218f38fe4e515335c1f53e012234dd37,2025-02,South Yorkshire Police,South Yorkshire Police,-1.340175,53.461435,On or near Chapel Street,E01007775,Rotherham 008A,Possession of weapons,Investigation complete; no suspect identified,
9940c3ae8aced9074d077fdd38e343110d3fcc61b355e712185290f40d569586,2025-02,South Yorkshire Police,South Yorkshire Police,-1.340175,53.461435,On or near Chapel Street,E01007775,Rotherham 008A,Violence and sexual offences,Unable to prosecute suspect,
3a9ca7b38cdef0e429d79def3e22fa679023b8cb2bc2dfd83a10bf8535662506,2025-02,South Yorkshire Police,South Yorkshire Police,-1.339086,53.462688,On or near Peashill Street,E01007775,Rotherham 008A,Violence and sexual offences,Status update unavailable,
bbce2f168a1af47ee0a71f31030199edef46568cfb8830e614e10bf22a19633b,2025-02,South Yorkshire Police,South Yorkshire Police,-1.340913,53.461431,On or near New Street,E01007775,Rotherham 008A,Violence and sexual offences,Unable to prosecute suspect,
b0a8de4efa00fbba25a80f65af54f538c563fd147630037ba84ca8c4dae7360b,2025-02,South Yorkshire Police,South Yorkshire Police,-1.338162,53.454296,On or near Infirmary Road,E01007776,Rotherham 008B,Violence and sexual offences,Unable to prosecute suspect,
bbf61cbdf43621e0f3e111842005ade4bb265a1375e5dc7bacd28b98c63576f8,2025-02,South Yorkshire Police,South Yorkshire Police,-1.337955,53.451131,On or near Durham Way,E01007776,Rotherham 008B,Violence and sexual offences,Investigation complete; no suspect identified,
52d9edcd89286a6f6363774337560f7871220e6446588a0c48efe793cce2f021,2025-02,South Yorkshire Police,South Yorkshire Police,-1.338091,53.460813,On or near Hallam Place,E01007776,Rotherham 008B,Violence and sexual offences,Unable to prosecute suspect,
dc419ba318b394649c53e1f7ca0cbcd540502aad2ac16b8c20d80d731e070030,2025-02,South Yorkshire Police,South Yorkshire Police,-1.338591,53.458703,On or near Carr Mews,E01007776,Rotherham 008B,Violence and sexual offences,Unable to prosecute suspect,
,2025-02,South Yorkshire Police,South Yorkshire Police,-1.343506,53.459297,On or near Bellows Close,E01007783,Rotherham 008C,Anti-social behaviour,,
0e3e1e7662263c8d474c3b19309bc47c6ea7e4f08b43b002014c898bfb34ab2f,2025-02,South Yorkshire Police,South Yorkshire Police,-1.342510,53.461430,On or near Hawley Street,E01007783,Rotherham 008C,Criminal damage and arson,Unable to prosecute suspect,
5c496ef52075a8ffc717ea3cb5e4e70935df20e965ca833a60f7e9f595c70cd8,2025-02,South Yorkshire Police,South Yorkshire Police,-1.342510,53.461430,On or near Hawley Street,E01007783,Rotherham 008C,Criminal damage and arson,Investigation complete; no suspect identified,
9aae20b3171168a59ec71b6850a57e0244f88149801bc80f7da504e34c7c41d0,2025-02,South Yorkshire Police,South Yorkshire Police,-1.342126,53.458938,On or near Rockcliffe Road,E01007783,Rotherham 008C,Criminal damage and arson,Unable to prosecute suspect,
4f34774c1ccef6f6297c717244375341f62e064551aef7c216ae8dcdd36ea170,2025-02,South Yorkshire Police,South Yorkshire Police,-1.341004,53.454600,On or near Marshall Close,E01007783,Rotherham 008C,Other theft,Unable to prosecute suspect,
21b83ee601b3e046eaf72b3fb3bdd0dbc42168e6680cc759c51619ab137d8d9d,2025-02,South Yorkshire Police,South Yorkshire Police,-1.342510,53.461430,On or near Hawley Street,E01007783,Rotherham 008C,Public order,Investigation complete; no suspect identified,
48da685fbadd62a030878e8d4e492c7f6920f2b1f48a0badc0f3bef18fb2749a,2025-02,South Yorkshire Police,South Yorkshire Police,-1.343506,53.459297,On or near Bellows Close,E01007783,Rotherham 008C,Shoplifting,Unable to prosecute suspect,
2c10fc1eeee39f4c42531b12104aeab219e9ea1f708eaffc3c67f3ef3c1bff62,2025-02,South Yorkshire Police,South Yorkshire Police,-1.344541,53.459599,On or near High Street,E01007783,Rotherham 008C,Shoplifting,Investigation complete; no suspect identified,
d2bd355c28c625a8dd4709855fc30bce7d499fd7d38b3f9ae44f6ae3b1e7c63e,2025-02,South Yorkshire Police,South Yorkshire Police,-1.343655,53.459815,On or near Shopping Area,E01007783,Rotherham 008C,Shoplifting,Awaiting court outcome,
382c0135e05d4992a8674c3a542695dde5edcc0aab897a612cda0eb5116a4281,2025-02,South Yorkshire Police,South Yorkshire Police,-1.343655,53.459815,On or near Shopping Area,E01007783,Rotherham 008C,Shoplifting,Unable to prosecute suspect,
4e91faf6a16554b14cbd5fd643da024a2c3a02a281ae1831b413a9ad97f5bf51,2025-02,South Yorkshire Police,South Yorkshire Police,-1.343655,53.459815,On or near Shopping Area,E01007783,Rotherham 008C,Shoplifting,Awaiting court outcome,
ad5eff9c6536d61b91a73ad92a62e477b0be05dc6e9a02ea3b968438713462a7,2025-02,South Yorkshire Police,South Yorkshire Police,-1.343655,53.459815,On or near Shopping Area,E01007783,Rotherham 008C,Shoplifting,Awaiting court outcome,
bf36f9d5319adad9014c7cb956de710aa8c0aec22e4de9c6b415ffb1c37b2b26,2025-02,South Yorkshire Police,South Yorkshire Police,-1.341002,53.456649,On or near Spalton Road,E01007783,Rotherham 008C,Vehicle crime,Unable to prosecute suspect,
69f518c0fafe9109fbd8ac13c7b80e7bf65692227d8c9c6fe8c5d01f6cd04acd,2025-02,South Yorkshire Police,South Yorkshire Police,-1.341004,53.454600,On or near Marshall Close,E01007783,Rotherham 008C,Violence and sexual offences,Unable to prosecute suspect,
14319900230e4d66dc1f4a69a4386b5a579efe5d2c1c9fbf2a01fad47c9f2712,2025-02,South Yorkshire Police,South Yorkshire Police,-1.342563,53.458941,On or near Wilton Close,E01007783,Rotherham 008C,Violence and sexual offences,Investigation complete; no suspect identified,
002d96d2c871bd35f1c4f831f796ceb0a286bb8b70bd2f32f8889a4c8718b201,2025-02,South Yorkshire Police,South Yorkshire Police,-1.341106,53.453854,On or near Hollybush Street,E01007783,Rotherham 008C,Violence and sexual offences,Unable to prosecute suspect,
8fee77b8dfe687ab39c853e821b8dabdb196aa3a90d8e2fa3d698bb05f7e1b1d,2025-02,South Yorkshire Police,South Yorkshire Police,-1.344541,53.459599,On or near High Street,E01007783,Rotherham 008C,Violence and sexual offences,Action to be taken by another organisation,
d2104e3808f96fadd5a90c5b30c086137d1c5bef8881d742e77e78ad3f21410c,2025-02,South Yorkshire Police,South Yorkshire Police,-1.344541,53.459599,On or near High Street,E01007783,Rotherham 008C,Violence and sexual offences,Unable to prosecute suspect,
778e0749ceff4ca2c52c42ec40eaa2cf8edef8d3e3bb375857c9461ade31026c,2025-02,South Yorkshire Police,South Yorkshire Police,-1.340934,53.456190,On or near Goosebutt Street,E01007783,Rotherham 008C,Violence and sexual offences,Unable to prosecute suspect,
,2025-02,South Yorkshire Police,South Yorkshire Police,-1.341127,53.449549,On or near Shopping Area,E01007784,Rotherham 008D,Anti-social behaviour,,
,2025-02,South Yorkshire Police,South Yorkshire Police,-1.346731,53.452312,On or near Parking Area,E01007784,Rotherham 008D,Anti-social behaviour,,
,2025-02,South Yorkshire Police,South Yorkshire Police,-1.344419,53.456758,On or near A633,E01007784,Rotherham 008D,Anti-social behaviour,,
,2025-02,South Yorkshire Police,South Yorkshire Police,-1.344004,53.453421,On or near Bear Tree Street,E01007784,Rotherham 008D,Anti-social behaviour,,
,2025-02,South Yorkshire Police,South Yorkshire Police,-1.343831,53.447991,On or near Rail Mill Way,E01007784,Rotherham 008D,Anti-social behaviour,,
,2025-02,South Yorkshire Police,South Yorkshire Police,-1.341127,53.449549,On or near Shopping Area,E01007784,Rotherham 008D,Anti-social behaviour,,
,2025-02,South Yorkshire Police,South Yorkshire Police,-1.343831,53.447991,On or near Rail Mill Way,E01007784,Rotherham 008D,Anti-social behaviour,,
,2025-02,South Yorkshire Police,South Yorkshire Police,-1.339594,53.451293,On or near Aldwarke Road,E01007784,Rotherham 008D,Anti-social behaviour,,
70a2334d2409fa99d9f1e800a31765a72b742c17e9b1eae3426dddcc54de9534,2025-02,South Yorkshire Police,South Yorkshire Police,-1.346414,53.453353,On or near Holm Flatt Street,E01007784,Rotherham 008D,Burglary,Investigation complete; no suspect identified,
0b003ceb9558ac1910d4cfe762d7ccee9656cd82f5dae93a877f99c41d601f1d,2025-02,South Yorkshire Police,South Yorkshire Police,-1.346414,53.453353,On or near Holm Flatt Street,E01007784,Rotherham 008D,Burglary,Investigation complete; no suspect identified,
97c051be03eb2c0a52cacc0ecf199e378122b75d316b638d56052eefd61e7859,2025-02,South Yorkshire Police,South Yorkshire Police,-1.343230,53.447951,On or near Alexandria Centre,E01007784,Rotherham 008D,Burglary,Investigation complete; no suspect identified,
6fbd43364339914f2cd27c0489e67a6d9d34673b30bd8405aea4ca8bde189cbc,2025-02,South Yorkshire Police,South Yorkshire Police,-1.345030,53.452303,On or near Dudley Street,E01007784,Rotherham 008D,Criminal damage and arson,Awaiting court outcome,
cd8e1252f05db95878435d31c92195fd2a1dd33699ece9a23d4ec92156140349,2025-02,South Yorkshire Police,South Yorkshire Police,-1.346731,53.452312,On or near Parking Area,E01007784,Rotherham 008D,Criminal damage and arson,Investigation complete; no suspect identified,
8e477ac464088e0578a6f391072ee18a2068ee5a8a223d92f22d408d73a33d33,2025-02,South Yorkshire Police,South Yorkshire Police,-1.346731,53.452312,On or near Parking Area,E01007784,Rotherham 008D,Criminal damage and arson,Unable to prosecute suspect,
65926dd4256b5de784ff1c8be2a206b51e84072d615a9e4a6dabffbd37a44ad7,2025-02,South Yorkshire Police,South Yorkshire Police,-1.344004,53.453421,On or near Bear Tree Street,E01007784,Rotherham 008D,Drugs,Status update unavailable,
ff8eaed00a783d52e79d48dae4f7307965509c43fb4ed9a5556edaef3cb7ac8c,2025-02,South Yorkshire Police,South Yorkshire Police,-1.345832,53.452046,On or near Fitzwilliam Street,E01007784,Rotherham 008D,Drugs,Awaiting court outcome,
9c276c6660802fdd7e24db5544fd5707b3af8293eb586217d3a0ac5db57666d4,2025-02,South Yorkshire Police,South Yorkshire Police,-1.342640,53.454914,On or near Morley Street,E01007784,Rotherham 008D,Drugs,Local resolution,
bb5e0960fcc097c86fb8318f81acc0b27e971cf67f35a49cda59f9f3a95725ab,2025-02,South Yorkshire Police,South Yorkshire Police,-1.346731,53.452312,On or near Parking Area,E01007784,Rotherham 008D,Drugs,Offender given a caution,
eae373d44665937bc7a67b4823deffd0132208c8e9a0275d604d029233942447,2025-02,South Yorkshire Police,South Yorkshire Police,-1.342587,53.452532,On or near Parkfield Court,E01007784,Rotherham 008D,Other theft,Unable to prosecute suspect,
2f08abee059ff7c0fc0ba607324b62d6bc9906c3f332894d4b464ce9c764d6f1,2025-02,South Yorkshire Police,South Yorkshire Police,-1.346731,53.452312,On or near Parking Area,E01007784,Rotherham 008D,Other theft,Unable to prosecute suspect,
c3030e06390c702dcce80c6344252361d2b4ab263c263ef3dd16f4c7a3d862fb,2025-02,South Yorkshire Police,South Yorkshire Police,-1.344004,53.453421,On or near Bear Tree Street,E01007784,Rotherham 008D,Possession of weapons,Status update unavailable,
82b77273a08cde879c7f62bbd0857838d9c1f498a24fcb4d4ad22762eab0e66f,2025-02,South Yorkshire Police,South Yorkshire Police,-1.342587,53.452532,On or near Parkfield Court,E01007784,Rotherham 008D,Robbery,Investigation complete; no suspect identified,
3daaf6eda7f8b7617861f0e911d8c85ec7b8a48a0fb693e8041e268ef9eea6ec,2025-02,South Yorkshire Police,South Yorkshire Police,-1.341127,53.449549,On or near Shopping Area,E01007784,Rotherham 008D,Shoplifting,Investigation complete; no suspect identified,
675577da47d81475159eb4da8b22158ba0cc8a73d836af1cc9c879e5d38022e5,2025-02,South Yorkshire Police,South Yorkshire Police,-1.343831,53.447991,On or near Rail Mill Way,E01007784,Rotherham 008D,Shoplifting,Investigation complete; no suspect identified,
aadee90ef9a7eacafefdd6ba241a7aa09ee5c808daf93c6a69f7f1e5b72e7eb3,2025-02,South Yorkshire Police,South Yorkshire Police,-1.343230,53.447951,On or near Alexandria Centre,E01007784,Rotherham 008D,Shoplifting,Awaiting court outcome,
e137fa72de06105c921753d2af78c0ed6c4a62ca0f2ad2f1cf77dd271f65d4f4,2025-02,South Yorkshire Police,South Yorkshire Police,-1.343230,53.447951,On or near Alexandria Centre,E01007784,Rotherham 008D,Shoplifting,Investigation complete; no suspect identified,
5ddf06fa57809d5f7f188dbc13ef2b6316580ab8c069d71fc2c8bde3ef90f252,2025-02,South Yorkshire Police,South Yorkshire Police,-1.343831,53.447991,On or near Rail Mill Way,E01007784,Rotherham 008D,Shoplifting,Investigation complete; no suspect identified,
22a36dd8e069ecf4e3893014995426efc6da2fc7ebe975f8bf7af8f30a3c77f2,2025-02,South Yorkshire Police,South Yorkshire Police,-1.342615,53.447956,On or near Sports/Recreation Area,E01007784,Rotherham 008D,Shoplifting,Investigation complete; no suspect identified,
bcdc3b6e615dbfe01f842397bfc3ca985cbbce4afe2a8178c4b6d185b493ec2c,2025-02,South Yorkshire Police,South Yorkshire Police,-1.344355,53.451113,On or near Broad Street,E01007784,Rotherham 008D,Shoplifting,Awaiting court outcome,
8beb07afed1868c033a7e510e1b7146753bd5a873834ab18d7e1134111d353b3,2025-02,South Yorkshire Police,South Yorkshire Police,-1.344355,53.451113,On or near Broad Street,E01007784,Rotherham 008D,Shoplifting,Awaiting court outcome,
77d2e47eb65bea296691c78ca72bf3b700daa1e766fe1283fe7db9567d44c4e3,2025-02,South Yorkshire Police,South Yorkshire Police,-1.344355,53.451113,On or near Broad Street,E01007784,Rotherham 008D,Shoplifting,Awaiting court outcome,
e197d50837a70eb83e538ef5378e29b3b141f8e42fd1c2a84baf33eac9148546,2025-02,South Yorkshire Police,South Yorkshire Police,-1.341127,53.449549,On or near Shopping Area,E01007784,Rotherham 008D,Shoplifting,Investigation complete; no suspect identified,
77f357f53c5192da740c873ded1df9c859d7e78a32464d62104780e05cb9e4f3,2025-02,South Yorkshire Police,South Yorkshire Police,-1.341127,53.449549,On or near Shopping Area,E01007784,Rotherham 008D,Shoplifting,Investigation complete; no suspect identified,
a857ef8ed8bbca35ae62fef784f9c5c67906e682cbd4caf108b54879d2b3d374,2025-02,South Yorkshire Police,South Yorkshire Police,-1.341127,53.449549,On or near Shopping Area,E01007784,Rotherham 008D,Shoplifting,Unable to prosecute suspect,
5ee1c554c4bd509cd2bf52ad21e07a688a764ad6a8c5ab3d17de6fe0dbf0bedd,2025-02,South Yorkshire Police,South Yorkshire Police,-1.344355,53.451113,On or near Broad Street,E01007784,Rotherham 008D,Shoplifting,Investigation complete; no suspect identified,
9d09b0a024c0836d87541ed22d866365d150919ee293f99333d47a982faf9e2b,2025-02,South Yorkshire Police,South Yorkshire Police,-1.343230,53.447951,On or near Alexandria Centre,E01007784,Rotherham 008D,Shoplifting,Investigation complete; no suspect identified,
5d4cbab315329f8c2da338c412288efb5a0019c7d31dc95f6dadeaba2f676a0d,2025-02,South Yorkshire Police,South Yorkshire Police,-1.343831,53.447991,On or near Rail Mill Way,E01007784,Rotherham 008D,Shoplifting,Investigation complete; no suspect identified,
dd1f57cd05bb92ac9e0f6940f1a6fc7b06de09eacb91c9fe186e5de26a9ace9c,2025-02,South Yorkshire Police,South Yorkshire Police,-1.343831,53.447991,On or near Rail Mill Way,E01007784,Rotherham 008D,Shoplifting,Unable to prosecute suspect,
964a924ce3acab43118c8da13ef23b96dcd497d91502077cf1fe5ab016400a2f,2025-02,South Yorkshire Police,South Yorkshire Police,-1.341127,53.449549,On or near Shopping Area,E01007784,Rotherham 008D,Shoplifting,Status update unavailable,
8c9c418e97ba541eb7e88003c09e3c1eed21e4ef98cd7fddffad4dc283a9a530,2025-02,South Yorkshire Police,South Yorkshire Police,-1.341127,53.449549,On or near Shopping Area,E01007784,Rotherham 008D,Shoplifting,Investigation complete; no suspect identified,
274d033bba32e41e7f56e990e7fff613ed9e693e723e2d2da094569b4f5eb25a,2025-02,South Yorkshire Police,South Yorkshire Police,-1.344355,53.451113,On or near Broad Street,E01007784,Rotherham 008D,Shoplifting,Awaiting court outcome,
31c9a2cd5516404133ace686f325ab915ae43ab7bcd86ebcdac88702856ab3c4,2025-02,South Yorkshire Police,South Yorkshire Police,-1.343230,53.447951,On or near Alexandria Centre,E01007784,Rotherham 008D,Shoplifting,Investigation complete; no suspect identified,
6b7e435ef6cffd7aa76d1d73a2f82a090d57c1ef65572eb908643a79738438ec,2025-02,South Yorkshire Police,South Yorkshire Police,-1.343230,53.447951,On or near Alexandria Centre,E01007784,Rotherham 008D,Shoplifting,Awaiting court outcome,
093e2c50bc277740ce74b18b6ece34308d184150ccee2e0bd69e7ee6a0dd95a2,2025-02,South Yorkshire Police,South Yorkshire Police,-1.343230,53.447951,On or near Alexandria Centre,E01007784,Rotherham 008D,Shoplifting,Investigation complete; no suspect identified,
ee2aaac67329a76169d78ec04c1376d100a94bb4ab0c3e6b4bc4df625a274f58,2025-02,South Yorkshire Police,South Yorkshire Police,-1.341127,53.449549,On or near Shopping Area,E01007784,Rotherham 008D,Shoplifting,Awaiting court outcome,
15da942226ab83286b2753e4e836ff4cff304bbc696c6d153d429e5db8fb5b19,2025-02,South Yorkshire Police,South Yorkshire Police,-1.341801,53.452707,On or near Maurice Street,E01007784,Rotherham 008D,Violence and sexual offences,Unable to prosecute suspect,
42ecd2763768ac74287ec28e3022426630a5f30dc4f5e5fdf3d2c6bd5a2453ae,2025-02,South Yorkshire Police,South Yorkshire Police,-1.343679,53.454956,On or near Rawmarsh Hill,E01007784,Rotherham 008D,Violence and sexual offences,Unable to prosecute suspect,
b74a3410ae7a07b69108e930f09d105f70cc23ef42768e36beed00759729c9f5,2025-02,South Yorkshire Police,South Yorkshire Police,-1.343230,53.447951,On or near Alexandria Centre,E01007784,Rotherham 008D,Violence and sexual offences,Unable to prosecute suspect,
3f258b7093c3daff5c9403d71f2dbce333f8a149815bca161e88072ada3ea5e5,2025-02,South Yorkshire Police,South Yorkshire Police,-1.342004,53.456115,On or near Allt Street,E01007784,Rotherham 008D,Violence and sexual offences,Unable to prosecute suspect,
88809f63334a76a3df09b8b3877816739d83a2e5f19452fe4f1fb8977ad23c2b,2025-02,South Yorkshire Police,South Yorkshire Police,-1.346731,53.452312,On or near Parking Area,E01007784,Rotherham 008D,Violence and sexual offences,Unable to prosecute suspect,
91c6d67738595a666305b4442de98bb07aac624372b66ac375aabed789fc0bd1,2025-02,South Yorkshire Police,South Yorkshire Police,-1.346731,53.452312,On or near Parking Area,E01007784,Rotherham 008D,Violence and sexual offences,Unable to prosecute suspect,
fbda0f4ff920e1160d3f2e810dcf490a346a1096fb70ba36239f74a85a21f3f5,2025-02,South Yorkshire Police,South Yorkshire Police,-1.342615,53.447956,On or near Sports/Recreation Area,E01007784,Rotherham 008D,Violence and sexual offences,Unable to prosecute suspect,
06008134c5f88c31e66d2e7f055b07ac91a34e636229afefa9881996f2d7da28,2025-02,South Yorkshire Police,South Yorkshire Police,-1.343831,53.447991,On or near Rail Mill Way,E01007784,Rotherham 008D,Violence and sexual offences,Status update unavailable,
1c327e1a6f1aaa0dc6daa975c784aa6c6d74983779c501da6b577d3d36c579b3,2025-02,South Yorkshire Police,South Yorkshire Police,-1.346731,53.452312,On or near Parking Area,E01007784,Rotherham 008D,Violence and sexual offences,Unable to prosecute suspect,
26561205a32ff238e75ce1d6afb1c68f61a00be6709138bae5d0798794e8fed5,2025-02,South Yorkshire Police,South Yorkshire Police,-1.344874,53.455547,On or near Terrace Road,E01007784,Rotherham 008D,Violence and sexual offences,Unable to prosecute suspect,
da206a4ac6f51e87182e6fbf2f1cd500754cfa688317b3735ae8d212476c86b1,2025-02,South Yorkshire Police,South Yorkshire Police,-1.345030,53.452303,On or near Dudley Street,E01007784,Rotherham 008D,Violence and sexual offences,Unable to prosecute suspect,
96452f4ba9e46b5342a688f5e949ab3e37be8693c7f37882a03ac213344f4a6b,2025-02,South Yorkshire Police,South Yorkshire Police,-1.346731,53.452312,On or near Parking Area,E01007784,Rotherham 008D,Other crime,Investigation complete; no suspect identified,
977cdb9a194f05d6926caae67f29d3a1c39a0f9f4f57a1dc8c1881db47f4bc0d,2025-02,South Yorkshire Police,South Yorkshire Police,-1.343831,53.447991,On or near Rail Mill Way,E01007784,Rotherham 008D,Other crime,Status update unavailable,
bd53558c2ef318479e82b5825affde45d6a4bd251cf435c605bb8453fd90561b,2025-02,South Yorkshire Police,South Yorkshire Police,-1.364225,53.452577,On or near South Street,E01007728,Rotherham 009A,Criminal damage and arson,Unable to prosecute suspect,
8d4c81b0b1902cfb838c49f910a4f61ff857a3052d1b6cab74bcd33df36155d5,2025-02,South Yorkshire Police,South Yorkshire Police,-1.361929,53.442039,On or near Ginhouse Lane,E01007728,Rotherham 009A,Violence and sexual offences,Unable to prosecute suspect,
6f6c5ca642f84ee9d9a8e8c4e96ffde4936c72ee310322d9b33db2663dc3b184,2025-02,South Yorkshire Police,South Yorkshire Police,-1.374827,53.447411,On or near Broom Riddings,E01007728,Rotherham 009A,Other crime,Further investigation is not in the public interest,
221d30a852c2d2447b2723d7f2f24c843ea938910a1738dc1b4f561792b6fe70,2025-02,South Yorkshire Police,South Yorkshire Police,-1.371644,53.450855,On or near Munsbrough Rise,E01007729,Rotherham 009B,Burglary,Awaiting court outcome,
e4cd99d22245123e24a428218f9b166e484a9d061fce0992643a56ef0af4ee17,2025-02,South Yorkshire Police,South Yorkshire Police,-1.373767,53.452924,On or near Fitzwilliam Walk,E01007729,Rotherham 009B,Criminal damage and arson,Investigation complete; no suspect identified,
539ba80c59b57fdd54e115681f008c38b8f6dcafce9098edb1b739bd4654c902,2025-02,South Yorkshire Police,South Yorkshire Police,-1.369271,53.451489,On or near Ash View,E01007729,Rotherham 009B,Possession of weapons,Unable to prosecute suspect,
c51681a31d4a89f478a7b5ec529427636c260c12d70c2b0b6d6d5b7647ba035d,2025-02,South Yorkshire Police,South Yorkshire Police,-1.373767,53.452924,On or near Fitzwilliam Walk,E01007729,Rotherham 009B,Shoplifting,Investigation complete; no suspect identified,
d506234252f6eada7f88a0d25e4c55caa07074ae619b157d1d5be7d1be4a72a8,2025-02,South Yorkshire Police,South Yorkshire Police,-1.373767,53.452924,On or near Fitzwilliam Walk,E01007729,Rotherham 009B,Shoplifting,Awaiting court outcome,
674004c4763041e4207700af5316213352a1083711e8f62deaaf9dc0f42234c4,2025-02,South Yorkshire Police,South Yorkshire Police,-1.373767,53.452924,On or near Fitzwilliam Walk,E01007729,Rotherham 009B,Shoplifting,Unable to prosecute suspect,
cd8a9a3c1ee4c316a8c1039c803b4eba326cba2420bfba7850cf305bdb373b6d,2025-02,South Yorkshire Police,South Yorkshire Police,-1.373767,53.452924,On or near Fitzwilliam Walk,E01007729,Rotherham 009B,Shoplifting,Investigation complete; no suspect identified,
710b5e1dade39bf04adc13dd60eaaee5f15101ee601c2e29ddde4c6ff1b83544,2025-02,South Yorkshire Police,South Yorkshire Police,-1.373767,53.452924,On or near Fitzwilliam Walk,E01007729,Rotherham 009B,Shoplifting,Investigation complete; no suspect identified,
f9eec2caa9f496afed825ff4ceb330e88b4e6ffc332961ca42b7c0dc8f42f9c9,2025-02,South Yorkshire Police,South Yorkshire Police,-1.373767,53.452924,On or near Fitzwilliam Walk,E01007729,Rotherham 009B,Shoplifting,Awaiting court outcome,
cb7e80fa6091d55ef3f61e2356dbef7516823b84974c315812aa9b040c39a12e,2025-02,South Yorkshire Police,South Yorkshire Police,-1.373865,53.451415,On or near Wagon Road,E01007729,Rotherham 009B,Violence and sexual offences,Unable to prosecute suspect,
56da63b16921d20a433e6f31493afe99bef70dcdaff3209c0a66bc7b6a5d95cd,2025-02,South Yorkshire Police,South Yorkshire Police,-1.371644,53.450855,On or near Munsbrough Rise,E01007729,Rotherham 009B,Violence and sexual offences,Unable to prosecute suspect,
833222e082097216fe78095d5fed926699d8bc51934f2ebad1046c2be2e656d2,2025-02,South Yorkshire Police,South Yorkshire Police,-1.373767,53.452924,On or near Fitzwilliam Walk,E01007729,Rotherham 009B,Violence and sexual offences,Status update unavailable,
87f2ea20aa559a0d0b88f521d721f1d78b3e840dd95f402647a2d8eb3f3a5b73,2025-02,South Yorkshire Police,South Yorkshire Police,-1.373621,53.449562,On or near Acorn Croft,E01007729,Rotherham 009B,Violence and sexual offences,Unable to prosecute suspect,
35ed9dbcaf461f4a9da85bdebb24fce22b973d130df8e937e3dec7fb327d74e6,2025-02,South Yorkshire Police,South Yorkshire Police,-1.371644,53.450855,On or near Munsbrough Rise,E01007729,Rotherham 009B,Violence and sexual offences,Investigation complete; no suspect identified,
03c0f153621bfd3c84297ff5560085958e5a17e272940763644c0ae52da15dee,2025-02,South Yorkshire Police,South Yorkshire Police,-1.374738,53.450430,On or near Oak Lea,E01007729,Rotherham 009B,Violence and sexual offences,Unable to prosecute suspect,
b3e792daba64b6cd10e59fd1bb4b5a54239798dc7c3678f88cb6cc66b6519d8a,2025-02,South Yorkshire Police,South Yorkshire Police,-1.371644,53.450855,On or near Munsbrough Rise,E01007729,Rotherham 009B,Violence and sexual offences,Status update unavailable,
489ade8f105c49117dff1c03417d89c05c4d526235624efb3248f9e61560733c,2025-02,South Yorkshire Police,South Yorkshire Police,-1.369271,53.451489,On or near Ash View,E01007729,Rotherham 009B,Violence and sexual offences,Unable to prosecute suspect,
71216e23129161a510c0d6eac6ec7ac861bb7d2f7b3379532fc0aabd443c2050,2025-02,South Yorkshire Police,South Yorkshire Police,-1.369271,53.451489,On or near Ash View,E01007729,Rotherham 009B,Violence and sexual offences,Unable to prosecute suspect,
,2025-02,South Yorkshire Police,South Yorkshire Police,-1.388403,53.450924,On or near Teesdale Road,E01007730,Rotherham 009C,Anti-social behaviour,,
,2025-02,South Yorkshire Police,South Yorkshire Police,-1.389725,53.450076,On or near Roughwood Road,E01007730,Rotherham 009C,Anti-social behaviour,,
,2025-02,South Yorkshire Police,South Yorkshire Police,-1.379701,53.450834,On or near Robinets Road,E01007730,Rotherham 009C,Anti-social behaviour,,
c2c8daa69105d439d52ccd9e9ad279f1983aa08671a90af12f60a4bbf44d1b28,2025-02,South Yorkshire Police,South Yorkshire Police,-1.380053,53.449415,On or near Orchard Flatts Crescent,E01007730,Rotherham 009C,Bicycle theft,Investigation complete; no suspect identified,
d5166de7a3d2b22e13a28cee510e26b40fbf64661c6c49910b587010f2cac12e,2025-02,South Yorkshire Police,South Yorkshire Police,-1.379701,53.450834,On or near Robinets Road,E01007730,Rotherham 009C,Criminal damage and arson,Investigation complete; no suspect identified,
1b690a89ce94a02d05a1646baafdb86d3f294d6eb1edfca67c958451138eba28,2025-02,South Yorkshire Police,South Yorkshire Police,-1.382754,53.451083,On or near Derwent Road,E01007730,Rotherham 009C,Criminal damage and arson,Unable to prosecute suspect,
d516636b9f7bb1dba4d22cf314a46187e776a359d4437f24a4ef2d90b950ab71,2025-02,South Yorkshire Police,South Yorkshire Police,-1.388403,53.450924,On or near Teesdale Road,E01007730,Rotherham 009C,Criminal damage and arson,Unable to prosecute suspect,
c9c90b0f73707928490addf2efa4df565b7d9be91803514eb90eb6970303fff8,2025-02,South Yorkshire Police,South Yorkshire Police,-1.388403,53.450924,On or near Teesdale Road,E01007730,Rotherham 009C,Criminal damage and arson,Investigation complete; no suspect identified,
e75abf001d5838c9355aff754546ecfd6ee526aa52e50a6f3c4183072bdedd2f,2025-02,South Yorkshire Police,South Yorkshire Police,-1.388403,53.450924,On or near Teesdale Road,E01007730,Rotherham 009C,Criminal damage and arson,Unable to prosecute suspect,
adca3ccce8d8614e0b75348ec05d8e66c604b8cc7110ec0c704934ad7ae5ee39,2025-02,South Yorkshire Police,South Yorkshire Police,-1.389725,53.450076,On or near Roughwood Road,E01007730,Rotherham 009C,Drugs,Local resolution,
2e3d601d792b6d7c5ec095421d9ca1ae063af0fd4cbe174a4a0064b67b3e40d8,2025-02,South Yorkshire Police,South Yorkshire Police,-1.384415,53.450768,On or near Nidderdale Road,E01007730,Rotherham 009C,Drugs,Offender given a caution,
4c578dafe583f90feedf6501a9a1f4347fe2880cdea2c51fbe35ed4f89e12a99,2025-02,South Yorkshire Police,South Yorkshire Police,-1.388403,53.450924,On or near Teesdale Road,E01007730,Rotherham 009C,Drugs,Further investigation is not in the public interest,
f8c1b8d8e43247013a8c0cbc0b894aebf369a6ca391b23c413419dba18b5b610,2025-02,South Yorkshire Police,South Yorkshire Police,-1.388403,53.450924,On or near Teesdale Road,E01007730,Rotherham 009C,Other theft,Investigation complete; no suspect identified,
60a61208120745e2f5afe023ed2a0053ec0c82172d574e1293a60fdf5d8e6bcb,2025-02,South Yorkshire Police,South Yorkshire Police,-1.385935,53.450785,On or near Eskdale Road,E01007730,Rotherham 009C,Public order,Unable to prosecute suspect,
4df6f3f40ffae5fcf823f126d13aadda8dcf53f8a826c25d8011c3eefaf08f1f,2025-02,South Yorkshire Police,South Yorkshire Police,-1.379701,53.450834,On or near Robinets Road,E01007730,Rotherham 009C,Violence and sexual offences,Unable to prosecute suspect,
8b81d1123e602309a1f784db33f0730a77c1996cc327f29bf637f267999e092b,2025-02,South Yorkshire Police,South Yorkshire Police,-1.379701,53.450834,On or near Robinets Road,E01007730,Rotherham 009C,Violence and sexual offences,Unable to prosecute suspect,
7bffd309e11eb913f1c441b154b31cb5a8e9b91ff62169044cc37a8d9ca55cad,2025-02,South Yorkshire Police,South Yorkshire Police,-1.389725,53.450076,On or near Roughwood Road,E01007730,Rotherham 009C,Violence and sexual offences,Investigation complete; no suspect identified,
0513fc37c8bc60f3f7b4cb36d07b6f80e44b6ee2e74c6501ec4c8f3440e25464,2025-02,South Yorkshire Police,South Yorkshire Police,-1.379701,53.450834,On or near Robinets Road,E01007730,Rotherham 009C,Violence and sexual offences,Action to be taken by another organisation,
1327c7356ab5f1da8d48d8450310cafda85aee1884eb3ab9f0ce4f671a2d4588,2025-02,South Yorkshire Police,South Yorkshire Police,-1.385935,53.450785,On or near Eskdale Road,E01007730,Rotherham 009C,Violence and sexual offences,Unable to prosecute suspect,
4aa8143745384c1ea8c4b24faf99d08fb4b57ab9944705368cff9bdeb9b6ee5b,2025-02,South Yorkshire Police,South Yorkshire Police,-1.380053,53.449415,On or near Orchard Flatts Crescent,E01007730,Rotherham 009C,Violence and sexual offences,Investigation complete; no suspect identified,
2360d06eef9c725b6c40a6874c04bfdd508a2e3db7fc5a782878cdc10b880564,2025-02,South Yorkshire Police,South Yorkshire Police,-1.385935,53.450785,On or near Eskdale Road,E01007730,Rotherham 009C,Violence and sexual offences,Unable to prosecute suspect,
16b72ffe171ba5aa97cc72982ee4eb8dbd91eaf9a4d95f5491edba09cc15cff7,2025-02,South Yorkshire Police,South Yorkshire Police,-1.380053,53.449415,On or near Orchard Flatts Crescent,E01007730,Rotherham 009C,Violence and sexual offences,Unable to prosecute suspect,
cc370f4f4192931983b874990ee64cfc8722056324463904f09d9d82fb21ea43,2025-02,South Yorkshire Police,South Yorkshire Police,-1.389725,53.450076,On or near Roughwood Road,E01007730,Rotherham 009C,Violence and sexual offences,Unable to prosecute suspect,
08f6a9464d7132ff34810cbd0d570ca073da48538c204c5875ac79f236f277fa,2025-02,South Yorkshire Police,South Yorkshire Police,-1.375450,53.449077,On or near Fenton Way,E01007730,Rotherham 009C,Violence and sexual offences,Unable to prosecute suspect,
fbe3c73c162b1fe39ca0f73f3fd01254e7e3d964d89200f18d43a4fa2085df57,2025-02,South Yorkshire Police,South Yorkshire Police,-1.388403,53.450924,On or near Teesdale Road,E01007730,Rotherham 009C,Violence and sexual offences,Unable to prosecute suspect,
da1516263a0844c918dbc121a1c51c13c6767fd7d1144215863e45e11de2bfec,2025-02,South Yorkshire Police,South Yorkshire Police,-1.389725,53.450076,On or near Roughwood Road,E01007730,Rotherham 009C,Other crime,Local resolution,
f4e511ceac2739dd515a09ccf374a91ed842f0067f293229270e286a40a9e7a2,2025-02,South Yorkshire Police,South Yorkshire Police,-1.389725,53.450076,On or near Roughwood Road,E01007730,Rotherham 009C,Other crime,Unable to prosecute suspect,
6777ba93b23bb8601dfc3505f76de0ea915f83b8671e34f3b0a719eeb2a1d507,2025-02,South Yorkshire Police,South Yorkshire Police,-1.389725,53.450076,On or near Roughwood Road,E01007730,Rotherham 009C,Other crime,Status update unavailable,
44dd9d685ed0f1bdb534d842a9e81d6f65f45a9b8d042936b07a7871910db59b,2025-02,South Yorkshire Police,South Yorkshire Police,-1.372739,53.455256,On or near Booth Street,E01007731,Rotherham 009D,Violence and sexual offences,Unable to prosecute suspect,
82b29f11aaf8ae5bfc9e2dc07b898d62daefb77cb743a00e413fb88b8c7a3c7e,2025-02,South Yorkshire Police,South Yorkshire Police,-1.365644,53.452342,On or near Firth Street,E01007731,Rotherham 009D,Violence and sexual offences,Unable to prosecute suspect,
2a63b1043d1875a0afd94c8078ec249d3a9f9c27a6c5dea98a9bde7740646db3,2025-02,South Yorkshire Police,South Yorkshire Police,-1.372739,53.455256,On or near Booth Street,E01007731,Rotherham 009D,Violence and sexual offences,Unable to prosecute suspect,
,2025-02,South Yorkshire Police,South Yorkshire Police,-1.390372,53.449282,On or near Sports/Recreation Area,E01007732,Rotherham 009E,Anti-social behaviour,,
f1df1eb184aa2cd45670418c22030c16010e9fdd3ea44965911065eae8726617,2025-02,South Yorkshire Police,South Yorkshire Police,-1.384086,53.456530,On or near Parking Area,E01007732,Rotherham 009E,Criminal damage and arson,Investigation complete; no suspect identified,
abdb47f9beeb2aa58f1521a38a55c252937a33b5b8956abc2c9e99442d2503a5,2025-02,South Yorkshire Police,South Yorkshire Police,-1.392385,53.453640,On or near Town Lane,E01007732,Rotherham 009E,Public order,Unable to prosecute suspect,
d60250e125ef94736204f316192988080c2dba9beadba165bd657284b4d430d0,2025-02,South Yorkshire Police,South Yorkshire Police,-1.392385,53.453640,On or near Town Lane,E01007732,Rotherham 009E,Violence and sexual offences,Investigation complete; no suspect identified,
7cde1f8f7fb011d93dfdc3214c047a38c91878faa1740d767fe1735e2ea3ff60,2025-02,South Yorkshire Police,South Yorkshire Police,-1.392385,53.453640,On or near Town Lane,E01007732,Rotherham 009E,Violence and sexual offences,Investigation complete; no suspect identified,
3546584729a479f17eee208dd4115872c58083dc4552f5d2488795b75ed70825,2025-02,South Yorkshire Police,South Yorkshire Police,-1.384086,53.456530,On or near Parking Area,E01007732,Rotherham 009E,Violence and sexual offences,Unable to prosecute suspect,
500f1b091378d96077b345b4148b7ccff3b26e97eb2235ad0f4c43f9e323abdf,2025-02,South Yorkshire Police,South Yorkshire Police,-1.389114,53.453849,On or near Lapwater Road,E01007732,Rotherham 009E,Violence and sexual offences,Status update unavailable,
9ae21a2b3300474cecaa96cb61fee644890a052c2444149a72cca3da6f203ad7,2025-02,South Yorkshire Police,South Yorkshire Police,-1.389114,53.453849,On or near Lapwater Road,E01007732,Rotherham 009E,Violence and sexual offences,Unable to prosecute suspect,
,2025-02,South Yorkshire Police,South Yorkshire Police,-1.382320,53.455018,On or near Whitehall Road,E01007733,Rotherham 009F,Anti-social behaviour,,
,2025-02,South Yorkshire Police,South Yorkshire Police,-1.378308,53.452391,On or near Wingfield Close,E01007733,Rotherham 009F,Anti-social behaviour,,
2f8a0c99c414e2eccf0cfb498b0f8a5bb075b285ccf831fbe793a4dead4f2b4c,2025-02,South Yorkshire Police,South Yorkshire Police,-1.377602,53.451254,On or near Treefield Close,E01007733,Rotherham 009F,Drugs,Investigation complete; no suspect identified,
4842936acfd72c5333f9df7a0ec0ebd716f90dc6ce3f5dd58fe673b065fbd675,2025-02,South Yorkshire Police,South Yorkshire Police,-1.381584,53.455949,On or near Goodwin Road,E01007733,Rotherham 009F,Other theft,Unable to prosecute suspect,
f1eee1bdd0a7f3885130d1fe8d7f06a39263a39f11cc006037063d59a679b2e7,2025-02,South Yorkshire Police,South Yorkshire Police,-1.378308,53.452391,On or near Wingfield Close,E01007733,Rotherham 009F,Public order,Unable to prosecute suspect,
6af3bd8305ed4d81cc18753ee21137a4b423364e6b7d69c0263c869e544fd44a,2025-02,South Yorkshire Police,South Yorkshire Police,-1.381584,53.455949,On or near Goodwin Road,E01007733,Rotherham 009F,Public order,Awaiting court outcome,
6806d233ef9a010c001d94ea325bf4417f501ae16a958bd0e7dd543d281fcb7a,2025-02,South Yorkshire Police,South Yorkshire Police,-1.381584,53.455949,On or near Goodwin Road,E01007733,Rotherham 009F,Public order,Awaiting court outcome,
f1e4fc315d4ce1d8826b50b3a2f0dcb126a1fcf7cf0bb28b9bfc9ad2bdec9104,2025-02,South Yorkshire Police,South Yorkshire Police,-1.381584,53.455949,On or near Goodwin Road,E01007733,Rotherham 009F,Public order,Awaiting court outcome,
f32dd00565b5c120d0dac45dd4d53ce312c32f463b1d88fb9c4fff9e85267edc,2025-02,South Yorkshire Police,South Yorkshire Police,-1.381584,53.455949,On or near Goodwin Road,E01007733,Rotherham 009F,Public order,Awaiting court outcome,
2d2b0577902d81f3b83a537e32a19194aa4bbb5ed414690a3d73b5f209ac43ea,2025-02,South Yorkshire Police,South Yorkshire Police,-1.378546,53.454639,On or near Grayson Road,E01007733,Rotherham 009F,Violence and sexual offences,Action to be taken by another organisation,
6cc61d8c9dcb6dbbc9712fd5a4ac1d0da8a788eba788fca4b6e7cfe3ab7d4405,2025-02,South Yorkshire Police,South Yorkshire Police,-1.380230,53.456904,On or near Church Street,E01007733,Rotherham 009F,Violence and sexual offences,Awaiting court outcome,
18ba0fe90482f5ed0e162b7de7e11bb455de377fb594de16a9483e2b76d8650f,2025-02,South Yorkshire Police,South Yorkshire Police,-1.378308,53.452391,On or near Wingfield Close,E01007733,Rotherham 009F,Violence and sexual offences,Awaiting court outcome,
940ee55773b0a566689da9a46683cffa33acadeb53dacb1fffa727214d65d182,2025-02,South Yorkshire Police,South Yorkshire Police,-1.381584,53.455949,On or near Goodwin Road,E01007733,Rotherham 009F,Violence and sexual offences,Unable to prosecute suspect,
47494d639d007d80d63432a3b5cb1066a4478a0a0cbc0ba50d6cc3eda1646c2b,2025-02,South Yorkshire Police,South Yorkshire Police,-1.377602,53.451254,On or near Treefield Close,E01007733,Rotherham 009F,Violence and sexual offences,Unable to prosecute suspect,
7a2096702ad073a4cf20bb15fa3178fcbb1f4f5c4353dac2b5ce701e5b726faf,2025-02,South Yorkshire Police,South Yorkshire Police,-1.378546,53.454639,On or near Grayson Road,E01007733,Rotherham 009F,Violence and sexual offences,Investigation complete; no suspect identified,
615088dd44a60a264f1128056846956725a4899c86d5cfc266f46f613914a026,2025-02,South Yorkshire Police,South Yorkshire Police,-1.381584,53.455949,On or near Goodwin Road,E01007733,Rotherham 009F,Other crime,Unable to prosecute suspect,
,2025-02,South Yorkshire Police,South Yorkshire Police,-1.302112,53.448689,On or near Crofts Drive,E01007719,Rotherham 010A,Anti-social behaviour,,
,2025-02,South Yorkshire Police,South Yorkshire Police,-1.298896,53.448311,On or near Park Close,E01007719,Rotherham 010A,Anti-social behaviour,,
,2025-02,South Yorkshire Police,South Yorkshire Police,-1.304207,53.444899,On or near Chesterhill Avenue,E01007719,Rotherham 010A,Anti-social behaviour,,
681008358dcf89afd4dc1968091cc769b39ea9596887d70406653ab2ffa7b8f9,2025-02,South Yorkshire Police,South Yorkshire Police,-1.305530,53.444988,On or near Townend Avenue,E01007719,Rotherham 010A,Criminal damage and arson,Investigation complete; no suspect identified,
90a87e52b35bc1a2baae038e8f64e0428e875dbc5509d04a26129ba7efba670b,2025-02,South Yorkshire Police,South Yorkshire Police,-1.299014,53.447547,On or near Park Vale Drive,E01007719,Rotherham 010A,Other theft,Unable to prosecute suspect,
aba3ce933a07d2fc9465fcb0d9b69eaff585becef61cf87fc5e5f7af53df5d0c,2025-02,South Yorkshire Police,South Yorkshire Police,-1.299030,53.447485,On or near West Vale Grove,E01007719,Rotherham 010A,Shoplifting,Investigation complete; no suspect identified,
dd68cc58c998038377a6267c0de9e97ce6ca387209d1593bacdac1d89c879f61,2025-02,South Yorkshire Police,South Yorkshire Police,-1.304207,53.444899,On or near Chesterhill Avenue,E01007719,Rotherham 010A,Violence and sexual offences,Unable to prosecute suspect,
897f212a9f3a0f0139782daa69a7eb2761fc62c7daa01270139521fe4e4ceb47,2025-02,South Yorkshire Police,South Yorkshire Police,-1.305530,53.444988,On or near Townend Avenue,E01007719,Rotherham 010A,Violence and sexual offences,Unable to prosecute suspect,
26db649158d69ca4c4f31a832d29485f7ca51178d7048c937434fc38a124e4ce,2025-02,South Yorkshire Police,South Yorkshire Police,-1.305530,53.444988,On or near Townend Avenue,E01007719,Rotherham 010A,Violence and sexual offences,Unable to prosecute suspect,
b2198bef037d98c5574742c8368712a9f2cd3288616c0b746a031aa5c7734f2a,2025-02,South Yorkshire Police,South Yorkshire Police,-1.299030,53.447485,On or near West Vale Grove,E01007719,Rotherham 010A,Violence and sexual offences,Investigation complete; no suspect identified,
36692581941540002932318ba92c521607eb251530af5d1a12e48df8a923fae0,2025-02,South Yorkshire Police,South Yorkshire Police,-1.302790,53.446832,On or near Blossom Avenue,E01007719,Rotherham 010A,Violence and sexual offences,Investigation complete; no suspect identified,
,2025-02,South Yorkshire Police,South Yorkshire Police,-1.270336,53.465686,On or near Back Lane,E01007720,Rotherham 010B,Anti-social behaviour,,
,2025-02,South Yorkshire Police,South Yorkshire Police,-1.291201,53.450189,On or near Longlands Drive,E01007720,Rotherham 010B,Anti-social behaviour,,
,2025-02,South Yorkshire Police,South Yorkshire Police,-1.272126,53.468501,On or near Holmes Lane,E01007720,Rotherham 010B,Anti-social behaviour,,
060911074d1a348ec42d72eb8a26dc0383db656f750d6a0943411c3cfde5324b,2025-02,South Yorkshire Police,South Yorkshire Police,-1.296797,53.455049,On or near Orchard Court,E01007720,Rotherham 010B,Other theft,Investigation complete; no suspect identified,
fb11e4122aef1fb7b4175338520cc952e9121d313c7684aea8652d04c16fee8d,2025-02,South Yorkshire Police,South Yorkshire Police,-1.297470,53.451664,On or near Arran Hill,E01007720,Rotherham 010B,Public order,Further action is not in the public interest,
441453b8a48de03c1e013fd5ad1d1caa07135622a85cda50cebf647d0eef8975,2025-02,South Yorkshire Police,South Yorkshire Police,-1.301758,53.450089,On or near Fullerton Crescent,E01007720,Rotherham 010B,Violence and sexual offences,Unable to prosecute suspect,
def772f8e2eed6d2287f89cceb59c8a89433c31387388ff57e2aa62a1d37e611,2025-02,South Yorkshire Police,South Yorkshire Police,-1.297470,53.451664,On or near Arran Hill,E01007720,Rotherham 010B,Violence and sexual offences,Unable to prosecute suspect,
f8acfb96a7c05e4c74f432c3c364e643885c32d44fc533000c3b9009b0396194,2025-02,South Yorkshire Police,South Yorkshire Police,-1.294884,53.453240,On or near Saint Leonard'S Croft,E01007720,Rotherham 010B,Violence and sexual offences,Status update unavailable,
760d97d43ad4e81a577cd6de33dad91f017c504c132599f75b6d7f6b51001351,2025-02,South Yorkshire Police,South Yorkshire Police,-1.291201,53.450189,On or near Longlands Drive,E01007720,Rotherham 010B,Violence and sexual offences,Unable to prosecute suspect,
10c8790cd0f3cc147c14fa03b65c7d33c0b9dfe777fd3f54c08ef6bf139afef5,2025-02,South Yorkshire Police,South Yorkshire Police,-1.296797,53.455049,On or near Orchard Court,E01007720,Rotherham 010B,Violence and sexual offences,Unable to prosecute suspect,
e21131e4b1451059dcdcd6ac7b27d3f4581e95a288ad0b72df26c978bc976e43,2025-02,South Yorkshire Police,South Yorkshire Police,-1.298039,53.449124,On or near Fullerton Court,E01007720,Rotherham 010B,Violence and sexual offences,Unable to prosecute suspect,
cffc5d93c4974c285631b9f41c09330343dde215915a22dfc3e351da781b62aa,2025-02,South Yorkshire Police,South Yorkshire Police,-1.295971,53.454936,On or near Manor Farm Court,E01007720,Rotherham 010B,Violence and sexual offences,Unable to prosecute suspect,
fe50141acb98956a860451fef53a70d7fd3e8900b5c6b171481aa2100f8cf05a,2025-02,South Yorkshire Police,South Yorkshire Police,-1.295971,53.454936,On or near Manor Farm Court,E01007720,Rotherham 010B,Violence and sexual offences,Unable to prosecute suspect,
,2025-02,South Yorkshire Police,South Yorkshire Police,-1.302074,53.446388,On or near School Street,E01007721,Rotherham 010C,Anti-social behaviour,,
,2025-02,South Yorkshire Police,South Yorkshire Police,-1.308924,53.443695,On or near Arundel Avenue,E01007721,Rotherham 010C,Anti-social behaviour,,
,2025-02,South Yorkshire Police,South Yorkshire Police,-1.302074,53.446388,On or near School Street,E01007721,Rotherham 010C,Anti-social behaviour,,
,2025-02,South Yorkshire Police,South Yorkshire Police,-1.315637,53.444077,On or near Supermarket,E01007721,Rotherham 010C,Anti-social behaviour,,
3670136ad2f17ada377d44e33d19c4ee9e58b97ba21c02a2436f26d7bc8848c8,2025-02,South Yorkshire Police,South Yorkshire Police,-1.304712,53.441612,On or near Far Dalton Lane,E01007721,Rotherham 010C,Burglary,Investigation complete; no suspect identified,
c1545400ad876c7c40e07b679d6a6e629a9ac7a8a2b847bbbaeb532feeb08a38,2025-02,South Yorkshire Police,South Yorkshire Police,-1.312990,53.440797,On or near Brookfield Close,E01007721,Rotherham 010C,Criminal damage and arson,Investigation complete; no suspect identified,
8779a1bf156080da7d53031ef343e5ad16d207e31889f61239856e25bbb48c16,2025-02,South Yorkshire Police,South Yorkshire Police,-1.318332,53.441906,On or near Saville Street,E01007721,Rotherham 010C,Criminal damage and arson,Investigation complete; no suspect identified,
9bdbdb8173dc37442d7d3e6d13dddb944a8757d2ddbe92f0ed0f5f0c3ed536c6,2025-02,South Yorkshire Police,South Yorkshire Police,-1.307018,53.443297,On or near Foljambe Drive,E01007721,Rotherham 010C,Criminal damage and arson,Investigation complete; no suspect identified,
f3a97dee0e30af146f173294a840bbee6062824d594502e81e7a2157cbb9783d,2025-02,South Yorkshire Police,South Yorkshire Police,-1.318332,53.441906,On or near Saville Street,E01007721,Rotherham 010C,Drugs,Offender given a caution,
c2be9d6a6d60f75470ee3e423091b703e1b263bbd3d556010898b616723c47e8,2025-02,South Yorkshire Police,South Yorkshire Police,-1.319167,53.443541,On or near Supermarket,E01007721,Rotherham 010C,Shoplifting,Awaiting court outcome,
3d8770936dcbf47f1dd3ec938feefa36641301b6c713a4b9d14221fa10916c84,2025-02,South Yorkshire Police,South Yorkshire Police,-1.319167,53.443541,On or near Supermarket,E01007721,Rotherham 010C,Shoplifting,Investigation complete; no suspect identified,
dda0df3daf15312648f049807bd4ba8bed523a76ecdeb5e0eecb71c9476ea5aa,2025-02,South Yorkshire Police,South Yorkshire Police,-1.319167,53.443541,On or near Supermarket,E01007721,Rotherham 010C,Shoplifting,Unable to prosecute suspect,
a1c50d5a50ba673cc4e6676d6130c9fb099182a75d7a81eaa2aeffbe068378c1,2025-02,South Yorkshire Police,South Yorkshire Police,-1.319167,53.443541,On or near Supermarket,E01007721,Rotherham 010C,Shoplifting,Investigation complete; no suspect identified,
e52844b7fb3422e9f50c85d8e060bcefb80d3156bc3014b2687d24ba52a62559,2025-02,South Yorkshire Police,South Yorkshire Police,-1.319167,53.443541,On or near Supermarket,E01007721,Rotherham 010C,Shoplifting,Awaiting court outcome,
b1fb3e7fa5a3cbb21989cc2a4d91e166e724c33668b8c48b17d82b30470aab51,2025-02,South Yorkshire Police,South Yorkshire Police,-1.319167,53.443541,On or near Supermarket,E01007721,Rotherham 010C,Shoplifting,Awaiting court outcome,
a9086fc78f952cc8a85ad7da4864ed2066cfe6af184e2ac736f40b8bd93f257c,2025-02,South Yorkshire Police,South Yorkshire Police,-1.319167,53.443541,On or near Supermarket,E01007721,Rotherham 010C,Shoplifting,Investigation complete; no suspect identified,
7cc3a18f646563190c99c8ca77b55f4588917a0bd43332d1912578ea70e508b8,2025-02,South Yorkshire Police,South Yorkshire Police,-1.317455,53.442117,On or near Osberton Street,E01007721,Rotherham 010C,Violence and sexual offences,Unable to prosecute suspect,
082eddd8ee69aa619061f58f1135739be5106145b3c23748294dd34f068e47c6,2025-02,South Yorkshire Police,South Yorkshire Police,-1.302074,53.446388,On or near School Street,E01007721,Rotherham 010C,Violence and sexual offences,Unable to prosecute suspect,
c607a47c016c48c93cbf393e2d3a20ac33e68e0c7f4d35116f8e1b6d51fe58fb,2025-02,South Yorkshire Police,South Yorkshire Police,-1.315394,53.442968,On or near Pinewood Close,E01007721,Rotherham 010C,Violence and sexual offences,Unable to prosecute suspect,
c1f3ffc27e0665be5aab97c01e5d647a469ad502a7d8833e490aa29bff853fdc,2025-02,South Yorkshire Police,South Yorkshire Police,-1.315662,53.442251,On or near Cawdron Close,E01007721,Rotherham 010C,Violence and sexual offences,Awaiting court outcome,
87689ed105a467081168e008ad4b6db8cd3785a050885b3e280140a245926829,2025-02,South Yorkshire Police,South Yorkshire Police,-1.303189,53.446340,On or near Thrybergh View,E01007721,Rotherham 010C,Violence and sexual offences,Unable to prosecute suspect,
204d7d8f8ddd82f284b3f03989d8a21f376f5991a9078de80ce59dd551683fad,2025-02,South Yorkshire Police,South Yorkshire Police,-1.303039,53.446339,On or near Wood Street,E01007721,Rotherham 010C,Other crime,Action to be taken by another organisation,
25ef987e7bcf481561e55fb97569df0503f5e937e6cf545cc1eabe84e9a91d8d,2025-02,South Yorkshire Police,South Yorkshire Police,-1.288597,53.449221,On or near March Flatts Road,E01007727,Rotherham 010D,Burglary,Investigation complete; no suspect identified,
a4e2f79527a044b8b036ecc974d498f9a0e16a132ae2a1c55ce6c2bccbe14143,2025-02,South Yorkshire Police,South Yorkshire Police,-1.288784,53.446148,On or near Steventon Road,E01007727,Rotherham 010D,Vehicle crime,Unable to prosecute suspect,
a0fe320f2e7015b80a7402f5c7b8d1a7f442a9f366a19c1bbbd9168213461eca,2025-02,South Yorkshire Police,South Yorkshire Police,-1.292825,53.446693,On or near Conery Close,E01007727,Rotherham 010D,Violence and sexual offences,Unable to prosecute suspect,
b898b5620cc29c4bd1e64cd77836aba97616f6d1da1c3f0ed35a08d12c859f89,2025-02,South Yorkshire Police,South Yorkshire Police,-1.292874,53.445561,On or near Foxcote Lea,E01007727,Rotherham 010D,Violence and sexual offences,Offender given a caution,
7dce4c2602aae4a9456a4b5c8c04f2976b0995eafe08e51c4aa38c3837d3f865,2025-02,South Yorkshire Police,South Yorkshire Police,-1.292874,53.445561,On or near Foxcote Lea,E01007727,Rotherham 010D,Violence and sexual offences,Offender given a caution,
,2025-02,South Yorkshire Police,South Yorkshire Police,-1.386213,53.444090,On or near Walker Road,E01007740,Rotherham 011A,Anti-social behaviour,,
,2025-02,South Yorkshire Police,South Yorkshire Police,-1.384866,53.444532,On or near Stubbs Crescent,E01007740,Rotherham 011A,Anti-social behaviour,,
,2025-02,South Yorkshire Police,South Yorkshire Police,-1.384866,53.444532,On or near Stubbs Crescent,E01007740,Rotherham 011A,Anti-social behaviour,,
742325dc3a519a0f49cadca0b2c7bf1ab61bbf1a9a48558121ceff905e656027,2025-02,South Yorkshire Police,South Yorkshire Police,-1.388160,53.444810,On or near Chambers Road,E01007740,Rotherham 011A,Criminal damage and arson,Investigation complete; no suspect identified,
bbbc75397e8bb4e05905ca40ebd7a0aa5451ac0c5977dbaf04bbb0c51baaaa62,2025-02,South Yorkshire Police,South Yorkshire Police,-1.385151,53.442556,On or near Spring Croft,E01007740,Rotherham 011A,Violence and sexual offences,Status update unavailable,
11775e130c77a97b7433f0911bdba869ef719ede8f4acc85352186e2c74ab4b4,2025-02,South Yorkshire Police,South Yorkshire Police,-1.386876,53.440902,On or near Kiln Road,E01007740,Rotherham 011A,Violence and sexual offences,Unable to prosecute suspect,
5c84180514234bc4fea63ee664db4baec78fc51cc452a7ba71554a0d8d67cdbc,2025-02,South Yorkshire Police,South Yorkshire Police,-1.384866,53.444532,On or near Stubbs Crescent,E01007740,Rotherham 011A,Violence and sexual offences,Unable to prosecute suspect,
3a2d957b57885a9fea1fffff6600124b65475922e39688cfd6eeb8b5130e3aad,2025-02,South Yorkshire Police,South Yorkshire Police,-1.388160,53.444810,On or near Chambers Road,E01007740,Rotherham 011A,Violence and sexual offences,Awaiting court outcome,
a052690a2e81383a84742bf0689e2c3b6b9b6732af2b5015d17e11b43e71b478,2025-02,South Yorkshire Police,South Yorkshire Police,-1.384866,53.444532,On or near Stubbs Crescent,E01007740,Rotherham 011A,Violence and sexual offences,Unable to prosecute suspect,
dca938403b2dac80c4974dd27824267f844642d11362a9078a6d61e6e4b3bd85,2025-02,South Yorkshire Police,South Yorkshire Police,-1.387322,53.444392,On or near Raybould Road,E01007740,Rotherham 011A,Violence and sexual offences,Awaiting court outcome,
2cae475777e73508e0279116d2abff241b558e0accfc0b16a8ab61b28ac2691b,2025-02,South Yorkshire Police,South Yorkshire Police,-1.385565,53.442028,On or near Wood Road,E01007740,Rotherham 011A,Violence and sexual offences,Status update unavailable,
a90e2baf96d707bd30d0817011f03bf3b34960e54d7ee9354c491ddc56a2c54d,2025-02,South Yorkshire Police,South Yorkshire Police,-1.387322,53.444392,On or near Raybould Road,E01007740,Rotherham 011A,Violence and sexual offences,Unable to prosecute suspect,
1a47a81596891894941c8a9e2efeac6aafe9f305431ed7b94ae6d1a297d6396c,2025-02,South Yorkshire Police,South Yorkshire Police,-1.387638,53.445491,On or near Simmonite Road,E01007740,Rotherham 011A,Violence and sexual offences,Unable to prosecute suspect,
426c9179e96d4bfbb840f40516768d56befbae981bf6f77c5a1f91e1527350a6,2025-02,South Yorkshire Police,South Yorkshire Police,-1.407497,53.447613,On or near Monks Close,E01007804,Rotherham 011B,Burglary,Unable to prosecute suspect,
68ed0a62c16c5ab4d2ff13a1559af25bbbf5a68df20bc6e93de467c3c6761fa9,2025-02,South Yorkshire Police,South Yorkshire Police,-1.406718,53.448436,On or near The Coppice,E01007804,Rotherham 011B,Other theft,Status update unavailable,
64cb7bf5873081e6a89be7cafe9e6e4b6230bc46a5d8d3afed90eb4e32551fab,2025-02,South Yorkshire Police,South Yorkshire Police,-1.407497,53.447613,On or near Monks Close,E01007804,Rotherham 011B,Public order,Local resolution,
72fc350e9b7add7123449ce119d4b1167f7af100dff8b4fde49ef385bcaad4d9,2025-02,South Yorkshire Police,South Yorkshire Police,-1.403158,53.447861,On or near Fox Close,E01007804,Rotherham 011B,Public order,Unable to prosecute suspect,
fd91dd2adcb03ea4690221d0eea5c22d9819f85ff427e0938315f293f6a58024,2025-02,South Yorkshire Police,South Yorkshire Police,-1.403158,53.447861,On or near Fox Close,E01007804,Rotherham 011B,Public order,Awaiting court outcome,
c71a087e14248191c345bc4d7d8d31a3d06fe0434cf77b80b38e327f684ae8ec,2025-02,South Yorkshire Police,South Yorkshire Police,-1.403158,53.447861,On or near Fox Close,E01007804,Rotherham 011B,Shoplifting,Awaiting court outcome,
c7f14100f5fc74238122ef6534a9ad3cd802ed6202650f17c163ccd028a74b33,2025-02,South Yorkshire Police,South Yorkshire Police,-1.404723,53.447869,On or near Beevers Road,E01007804,Rotherham 011B,Vehicle crime,Investigation complete; no suspect identified,
aeee958b4c405770a3092bd31ba67de4f06ceb7a65e7559a9eb4edc576023fef,2025-02,South Yorkshire Police,South Yorkshire Police,-1.407497,53.447613,On or near Monks Close,E01007804,Rotherham 011B,Violence and sexual offences,Unable to prosecute suspect,
cd8714c658a7083ab471d52e59dff629a65e60832d4018504fec218a13c9dfdd,2025-02,South Yorkshire Police,South Yorkshire Police,-1.402133,53.445771,On or near Redscope Crescent,E01007804,Rotherham 011B,Violence and sexual offences,Investigation complete; no suspect identified,
f6f80358baa67acc11e329185c142d3263c7c6d416c585615c870e3b0ca56f0f,2025-02,South Yorkshire Police,South Yorkshire Police,-1.403158,53.447861,On or near Fox Close,E01007804,Rotherham 011B,Violence and sexual offences,Unable to prosecute suspect,
cd70e1f0e285759ea2ed0d37b54959fa8c348b27c1e139cc8b3d40f28082a184,2025-02,South Yorkshire Police,South Yorkshire Police,-1.402133,53.445771,On or near Redscope Crescent,E01007804,Rotherham 011B,Violence and sexual offences,Unable to prosecute suspect,
473080b7ba1e89cb44da97dfb0465a2c012ed12fc917b1d5fc5db08a13be92a2,2025-02,South Yorkshire Police,South Yorkshire Police,-1.406016,53.446914,On or near Studmoor Road,E01007804,Rotherham 011B,Violence and sexual offences,Investigation complete; no suspect identified,
,2025-02,South Yorkshire Police,South Yorkshire Police,-1.395755,53.445370,On or near Binders Road,E01007805,Rotherham 011C,Anti-social behaviour,,
75b75b15f16ebe2f0e6c8424e7310d6c44dc25e4148403d392ad046f0bd753c0,2025-02,South Yorkshire Police,South Yorkshire Police,-1.399954,53.447602,On or near Ashworth Drive,E01007805,Rotherham 011C,Public order,Unable to prosecute suspect,
5d5858c4d74dc58294f786b1f57f937ee2d19061f5ca2e3f390bd1ab046e484c,2025-02,South Yorkshire Police,South Yorkshire Police,-1.397721,53.447924,On or near Shearman Avenue,E01007805,Rotherham 011C,Violence and sexual offences,Unable to prosecute suspect,
2d937a4e7983047bc9dc0e5e68ac7f318c877d5ca8e02edbbcb7cbf7fa94ad5a,2025-02,South Yorkshire Police,South Yorkshire Police,-1.394506,53.445301,On or near Wheatley Road,E01007805,Rotherham 011C,Violence and sexual offences,Unable to prosecute suspect,
347e682ac0d313933bef6cf0c34a4b0b72ea1a8a16abbc7652ad40b990259050,2025-02,South Yorkshire Police,South Yorkshire Police,-1.390877,53.447449,On or near Woodlands Chase,E01007806,Rotherham 011D,Burglary,Investigation complete; no suspect identified,
f37d364e7ca1e53b4ae8f96629cc261005133b4da862ae24e82c41f007ebd645,2025-02,South Yorkshire Police,South Yorkshire Police,-1.390877,53.447449,On or near Woodlands Chase,E01007806,Rotherham 011D,Burglary,Investigation complete; no suspect identified,
0885572fed4d351bb1799c6de2b04d91d860c55c8e2b35cec44bcd06f47fe85b,2025-02,South Yorkshire Police,South Yorkshire Police,-1.389417,53.446336,On or near Elliott Drive,E01007806,Rotherham 011D,Criminal damage and arson,Unable to prosecute suspect,
151e5180ca6a7e8090e578198c2e74e2dea13996b173a8d657e272a5f93f9429,2025-02,South Yorkshire Police,South Yorkshire Police,-1.391129,53.442443,On or near Hutton Road,E01007806,Rotherham 011D,Violence and sexual offences,Unable to prosecute suspect,
0cd8dca7967ffa1cafed6086c65d08f896976fcb39125f876e5a91e62525d6b0,2025-02,South Yorkshire Police,South Yorkshire Police,-1.389714,53.442445,On or near Beauchamp Road,E01007806,Rotherham 011D,Other crime,Unable to prosecute suspect,
60b3b15425a2ee3be5647a85b8cc2a89d8b94d38b10aba8fd518ba8d81f0cb66,2025-02,South Yorkshire Police,South Yorkshire Police,-1.389714,53.442445,On or near Beauchamp Road,E01007806,Rotherham 011D,Other crime,Unable to prosecute suspect,
,2025-02,South Yorkshire Police,South Yorkshire Police,-1.393389,53.442320,On or near Byrley Road,E01007807,Rotherham 011E,Anti-social behaviour,,
cdcfd5f809fe9eff00492357934e71b44f4b05c22da9070179478ad57ce95314,2025-02,South Yorkshire Police,South Yorkshire Police,-1.396038,53.443448,On or near Warris Close,E01007807,Rotherham 011E,Drugs,Status update unavailable,
5445191149d041c9914b44cd2459ac48224f834712c6128652a39009a29c3d17,2025-02,South Yorkshire Police,South Yorkshire Police,-1.393389,53.442320,On or near Byrley Road,E01007807,Rotherham 011E,Other theft,Unable to prosecute suspect,
111ea388a975b2e636f235f5ccb0c678472cf63b966fdbdc54dc9a20e4d80df2,2025-02,South Yorkshire Police,South Yorkshire Police,-1.394742,53.443531,On or near Billam Place,E01007807,Rotherham 011E,Other crime,Unable to prosecute suspect,
d8684034ff2a2d34e433e2c012ccd10e0285a89609910a13810af7b167e9e90e,2025-02,South Yorkshire Police,South Yorkshire Police,-1.260600,53.426058,On or near Ranworth Road,E01007681,Rotherham 012A,Vehicle crime,Investigation complete; no suspect identified,
20aadcb329c1a4be5f3fbddb61dd4a28b22b741c49192c4d79d4a2b8f50a1bff,2025-02,South Yorkshire Police,South Yorkshire Police,-1.264610,53.425669,On or near Balk Lane,E01007681,Rotherham 012A,Violence and sexual offences,Offender given a caution,
95a659b1cc42d4060829951139b6d68b8d722ba5a833212fba947d5409d615e1,2025-02,South Yorkshire Police,South Yorkshire Police,-1.264540,53.429713,On or near Lidget Lane,E01007681,Rotherham 012A,Violence and sexual offences,Unable to prosecute suspect,
c10f73dedf4d1f1d8f4db1f391449c493c81105a99d6d99dde1023043e94cf48,2025-02,South Yorkshire Police,South Yorkshire Police,-1.264540,53.429713,On or near Lidget Lane,E01007681,Rotherham 012A,Violence and sexual offences,Status update unavailable,
d17aea0482f2d72b68e5adff102e103510244dfa93bbc4532202baf3ccedcdb1,2025-02,South Yorkshire Police,South Yorkshire Police,-1.266937,53.429485,On or near Stonely Brook,E01007691,Rotherham 012B,Other theft,Investigation complete; no suspect identified,
9c8851950358c029333f5134adbb3d18486b29fd98350bab79af7a62df4683e4,2025-02,South Yorkshire Police,South Yorkshire Police,-1.266937,53.429485,On or near Stonely Brook,E01007691,Rotherham 012B,Vehicle crime,Investigation complete; no suspect identified,
f7895bf1d3e4aa32c2cd948e4ba9302e88575d3b172ae153083e5c79420a4e39,2025-02,South Yorkshire Police,South Yorkshire Police,-1.260641,53.440170,On or near Bellwood Court,E01007691,Rotherham 012B,Vehicle crime,Investigation complete; no suspect identified,
dfea11364f09a8997263729a4ad52be15cc2b3b6a753c03f069e83ee87533b96,2025-02,South Yorkshire Police,South Yorkshire Police,-1.262151,53.438184,On or near Jasmin Close,E01007691,Rotherham 012B,Violence and sexual offences,Unable to prosecute suspect,
53103d4fd888f6c1648b5ebd43a70221f18dff06fd0a3853f8a541e9a4057714,2025-02,South Yorkshire Police,South Yorkshire Police,-1.266937,53.429485,On or near Stonely Brook,E01007691,Rotherham 012B,Violence and sexual offences,Investigation complete; no suspect identified,
311358b18249cf666bcf1aa39f2dcdd11d76d9a3e5273fa5831b860593d292a7,2025-02,South Yorkshire Police,South Yorkshire Police,-1.266569,53.436908,On or near Common Farm Close,E01007691,Rotherham 012B,Violence and sexual offences,Local resolution,
d150a1db3c0aa4738739c04c0da707001b0ba6c7043ed7b4cc52ce03d09d597e,2025-02,South Yorkshire Police,South Yorkshire Police,-1.269989,53.438475,On or near Birchwood Drive,E01007691,Rotherham 012B,Violence and sexual offences,Unable to prosecute suspect,
,2025-02,South Yorkshire Police,South Yorkshire Police,-1.272360,53.437132,On or near Wood Close,E01007692,Rotherham 012C,Anti-social behaviour,,
,2025-02,South Yorkshire Police,South Yorkshire Police,-1.272360,53.437132,On or near Wood Close,E01007692,Rotherham 012C,Anti-social behaviour,,
,2025-02,South Yorkshire Police,South Yorkshire Police,-1.269313,53.435756,On or near Sandeby Drive,E01007692,Rotherham 012C,Anti-social behaviour,,
,2025-02,South Yorkshire Police,South Yorkshire Police,-1.271117,53.450850,On or near Bosvile Close,E01007692,Rotherham 012C,Anti-social behaviour,,
32adbb18c24b696001bfa5fd7b7283fe0d29e64959b30656e44b359d170d61a0,2025-02,South Yorkshire Police,South Yorkshire Police,-1.269938,53.450223,On or near St James' Drive,E01007692,Rotherham 012C,Violence and sexual offences,Unable to prosecute suspect,
112299ee842267da6836a474f85f0b42330b7ae169a6c85577ec6847f136cb29,2025-02,South Yorkshire Police,South Yorkshire Police,-1.269051,53.433489,On or near Grasby Court,E01007692,Rotherham 012C,Violence and sexual offences,Unable to prosecute suspect,
fdb914a34903d4fa1f4aa2983da93bd483a9f217a3da9bca47be471a7e37a2b6,2025-02,South Yorkshire Police,South Yorkshire Police,-1.275997,53.435105,On or near Supermarket,E01032926,Rotherham 012E,Burglary,Investigation complete; no suspect identified,
2896d9c04e3450ca348fe0f99ae017b025cf3500b944d3f25fa3299794e1ac37,2025-02,South Yorkshire Police,South Yorkshire Police,-1.280252,53.432452,On or near The Woodway,E01032926,Rotherham 012E,Other theft,Unable to prosecute suspect,
4ff1cf718dcb578ec38ad9c7c6cd69a1f20ad9b95427302dd72c0ea4ff452d14,2025-02,South Yorkshire Police,South Yorkshire Police,-1.281487,53.435974,On or near The Mount,E01032926,Rotherham 012E,Public order,Investigation complete; no suspect identified,
dd172849cbffecf11b8245cb7161445ee46ea2029fc2afaae6c30bea694ef24a,2025-02,South Yorkshire Police,South Yorkshire Police,-1.278566,53.436019,On or near Acorn Way,E01032926,Rotherham 012E,Vehicle crime,Investigation complete; no suspect identified,
7b2adc97d450d82b076ce38199128cbf6f89cab6b90b3d7cd984dc32fef8da5a,2025-02,South Yorkshire Police,South Yorkshire Police,-1.280861,53.429354,On or near Maple Drive,E01032927,Rotherham 012F,Burglary,Investigation complete; no suspect identified,
ee143944060339833e620a1038b4af54bcce88a199c9b5ab83ca62fae2cf4c98,2025-02,South Yorkshire Police,South Yorkshire Police,-1.281976,53.431096,On or near Redgrave Place,E01032927,Rotherham 012F,Burglary,Investigation complete; no suspect identified,
10798a594a0a57d0556f5a4d5ff6e41a07888fe872bb4c4fb6fca2ae55916203,2025-02,South Yorkshire Police,South Yorkshire Police,-1.281976,53.431096,On or near Redgrave Place,E01032927,Rotherham 012F,Criminal damage and arson,Unable to prosecute suspect,
c0491c5406e730c46df859310226c3640191237275302c0866c16221cc98a6d9,2025-02,South Yorkshire Police,South Yorkshire Police,-1.279013,53.431878,On or near The Wellway,E01032927,Rotherham 012F,Public order,Unable to prosecute suspect,
43aa40e59e7f98242114def58559eba79154e5ddf9328cae6e8e1ffcf8f11f8a,2025-02,South Yorkshire Police,South Yorkshire Police,-1.279013,53.431878,On or near The Wellway,E01032927,Rotherham 012F,Public order,Unable to prosecute suspect,
fbb55feb380161b8c1ea3cdbaa9da3fc7085262f0f44bb569968a18342cbead5,2025-02,South Yorkshire Police,South Yorkshire Police,-1.278767,53.430366,On or near Low Riddings,E01032927,Rotherham 012F,Vehicle crime,Investigation complete; no suspect identified,
0530601021b4a721b0589a936088b51c6297d2a729716f7defdf037bdd7f7716,2025-02,South Yorkshire Police,South Yorkshire Police,-1.281976,53.431096,On or near Redgrave Place,E01032927,Rotherham 012F,Violence and sexual offences,Unable to prosecute suspect,
,2025-02,South Yorkshire Police,South Yorkshire Police,-1.310699,53.436290,On or near Langley Close,E01007723,Rotherham 013A,Anti-social behaviour,,
aa4d639ee68269e0a1b285c789fb0f8c281c4bdc0164ccd03db0e4b03f3c7b98,2025-02,South Yorkshire Police,South Yorkshire Police,-1.311733,53.432889,On or near Ridgeway Close,E01007723,Rotherham 013A,Burglary,Investigation complete; no suspect identified,
fd948988c0d8657e2dc62a914cf1f72e5134ac3320aaf52070e2160d02e05960,2025-02,South Yorkshire Police,South Yorkshire Police,-1.315835,53.438944,On or near Hardwick Street,E01007723,Rotherham 013A,Shoplifting,Awaiting court outcome,
21930922f818f3fc859804f02e25f87b68de76bcdf012e924d2457f4c15eee7a,2025-02,South Yorkshire Police,South Yorkshire Police,-1.315780,53.437712,On or near Greenfield Road,E01007723,Rotherham 013A,Violence and sexual offences,Status update unavailable,
aa97c5114741a9c2c2530d85dcdc26f83ca483387080bdfddd0841a42838bf0f,2025-02,South Yorkshire Police,South Yorkshire Police,-1.313066,53.435144,On or near Hounsfield Crescent,E01007723,Rotherham 013A,Violence and sexual offences,Investigation complete; no suspect identified,
b089971f7d7d2bcecd78651ad13ea21b94621d24092206560fed5d6099370ead,2025-02,South Yorkshire Police,South Yorkshire Police,-1.315780,53.437712,On or near Greenfield Road,E01007723,Rotherham 013A,Violence and sexual offences,Unable to prosecute suspect,
8e088a37f1fbfee4b67b60bdeb093b8c3b67a53935d9e8099864b9a7f2ba4f74,2025-02,South Yorkshire Police,South Yorkshire Police,-1.312874,53.439592,On or near Dalton Lane,E01007723,Rotherham 013A,Violence and sexual offences,Awaiting court outcome,
614a8195953d12e3a528cf6c310a408e5ddce1e2a99f91519f0356278d3c89e0,2025-02,South Yorkshire Police,South Yorkshire Police,-1.314721,53.439863,On or near Bosville Street,E01007723,Rotherham 013A,Violence and sexual offences,Unable to prosecute suspect,
307a2d53d49d0ca816a0f016976db650efc7a6e8bfb2066d268e1fc86a8294b1,2025-02,South Yorkshire Police,South Yorkshire Police,-1.315780,53.437712,On or near Greenfield Road,E01007723,Rotherham 013A,Violence and sexual offences,Investigation complete; no suspect identified,
6b9e6d72a5e12d911e7fd4665732cc471241d9b337c074b3daff004c7dde499b,2025-02,South Yorkshire Police,South Yorkshire Police,-1.315780,53.437712,On or near Greenfield Road,E01007723,Rotherham 013A,Violence and sexual offences,Unable to prosecute suspect,
2a5fa946a563c3c54f1fa795d867a9a0de65dcb9f0e7f425397a50b12daee031,2025-02,South Yorkshire Police,South Yorkshire Police,-1.314474,53.437435,On or near Laudsdale Road,E01007723,Rotherham 013A,Violence and sexual offences,Unable to prosecute suspect,
669e9d7dff2cfd1be46b9b91ee845b606d8818b814dcde22557a11f8d3e8571a,2025-02,South Yorkshire Police,South Yorkshire Police,-1.311733,53.432889,On or near Ridgeway Close,E01007723,Rotherham 013A,Violence and sexual offences,Unable to prosecute suspect,
,2025-02,South Yorkshire Police,South Yorkshire Police,-1.325858,53.428691,On or near Goldsmith Drive,E01007735,Rotherham 013B,Anti-social behaviour,,
742cbeb78c998b2887ecc3fd192a2058fd3b7b4b8854bb0d2ae244116061ee1e,2025-02,South Yorkshire Police,South Yorkshire Police,-1.319078,53.433848,On or near Farnworth Road,E01007735,Rotherham 013B,Criminal damage and arson,Investigation complete; no suspect identified,
181afdf3b2b2f0829e92341d0bd096f0d1e6f5e4d91b38ef136f16ea2f652415,2025-02,South Yorkshire Police,South Yorkshire Police,-1.315669,53.433379,On or near Ridgeway,E01007735,Rotherham 013B,Criminal damage and arson,Offender given a caution,
c965150ead45974cdcbf8c61c8b60759d10734c6c29fa23ee7c8cda3038e947f,2025-02,South Yorkshire Police,South Yorkshire Police,-1.317690,53.433094,On or near Lockwood Road,E01007735,Rotherham 013B,Criminal damage and arson,Investigation complete; no suspect identified,
193a0a4b7f6948801d68daefc2e0528cba109a6ead84c89e821b99a7f4289e85,2025-02,South Yorkshire Police,South Yorkshire Police,-1.319078,53.433848,On or near Farnworth Road,E01007735,Rotherham 013B,Criminal damage and arson,Investigation complete; no suspect identified,
5fa9078c48d907eeb934f71bcc9861a43fd9119e68171822c572e293cdb3a3aa,2025-02,South Yorkshire Police,South Yorkshire Police,-1.325858,53.428691,On or near Goldsmith Drive,E01007735,Rotherham 013B,Other theft,Unable to prosecute suspect,
f6f645ad4feb972d05d352a02a469ef40855c2c437c7e2f20b725ab0108e845b,2025-02,South Yorkshire Police,South Yorkshire Police,-1.320345,53.434610,On or near High Greave Place,E01007735,Rotherham 013B,Public order,Unable to prosecute suspect,
98b25788e0c98e3115a856c10c6079abaf007037b568c65b7ee2d9a5e9efe81d,2025-02,South Yorkshire Police,South Yorkshire Police,-1.326430,53.430564,On or near Arnold Road,E01007735,Rotherham 013B,Public order,Unable to prosecute suspect,
6b40f22c4990bfc8245e9689d7a79f81b388f15d8e4d9232653f46276d67b91a,2025-02,South Yorkshire Police,South Yorkshire Police,-1.320345,53.434610,On or near High Greave Place,E01007735,Rotherham 013B,Theft from the person,Unable to prosecute suspect,
439781e9ae24b945a2d173ec3b4947f11350425720a6674f1dc5f845a4afcc03,2025-02,South Yorkshire Police,South Yorkshire Police,-1.324200,53.429751,On or near Shelley Road,E01007735,Rotherham 013B,Vehicle crime,Investigation complete; no suspect identified,
a1a997a3779c83f26b11da530039ff6b163c62859ae492c14910a5c5fbd2cde1,2025-02,South Yorkshire Police,South Yorkshire Police,-1.329473,53.429403,On or near Browning Drive,E01007735,Rotherham 013B,Vehicle crime,Investigation complete; no suspect identified,
2edc67b1fb0bbf6059282eac97e5eb3f83b8756f078eb32ca18f78c45f56c0b9,2025-02,South Yorkshire Police,South Yorkshire Police,-1.324200,53.429751,On or near Shelley Road,E01007735,Rotherham 013B,Vehicle crime,Investigation complete; no suspect identified,
7d9c24646f34b8f709f3f840dcbbddcd0288187d6388b47485d2362c698e6048,2025-02,South Yorkshire Police,South Yorkshire Police,-1.319078,53.433848,On or near Farnworth Road,E01007735,Rotherham 013B,Violence and sexual offences,Status update unavailable,
eb71818b33ac5eae18c0481403871bb94e912f2f196cf3e4029153cb00ac3aeb,2025-02,South Yorkshire Police,South Yorkshire Police,-1.320345,53.434610,On or near High Greave Place,E01007735,Rotherham 013B,Violence and sexual offences,Further action is not in the public interest,
54bb8a150941f7eee9ca24ae4877881da5fa891f4081fe481c54b7e2b4a8f856,2025-02,South Yorkshire Police,South Yorkshire Police,-1.325858,53.428691,On or near Goldsmith Drive,E01007735,Rotherham 013B,Violence and sexual offences,Unable to prosecute suspect,
1fa2f8aa784cfbc411a4d0479970ffebc9f3b472140d68304872f332fe3cbf61,2025-02,South Yorkshire Police,South Yorkshire Police,-1.319078,53.433848,On or near Farnworth Road,E01007735,Rotherham 013B,Violence and sexual offences,Status update unavailable,
49d8bdd618457109811197801a41701f1e94ceda85fe15ce2fb5f7a69e99d69c,2025-02,South Yorkshire Police,South Yorkshire Police,-1.324439,53.427973,On or near Shelley Drive,E01007735,Rotherham 013B,Violence and sexual offences,Unable to prosecute suspect,
d67f8530b2aa5c6cb6278e81242b243ae17257664de8661e831bf78a379241b1,2025-02,South Yorkshire Police,South Yorkshire Police,-1.325858,53.428691,On or near Goldsmith Drive,E01007735,Rotherham 013B,Violence and sexual offences,Unable to prosecute suspect,
0a245c71c8f3102df7930e5402caec6a6f98d789a40756358fa18858924100fb,2025-02,South Yorkshire Police,South Yorkshire Police,-1.315669,53.433379,On or near Ridgeway,E01007735,Rotherham 013B,Violence and sexual offences,Unable to prosecute suspect,
9ee84680af5d6212c268c993b28ed39cafd2100558ed4d397e2000054ed5256b,2025-02,South Yorkshire Police,South Yorkshire Police,-1.320816,53.433390,On or near Cawthorne Road,E01007735,Rotherham 013B,Violence and sexual offences,Unable to prosecute suspect,
20e4416e20ad6b4f8817d31a277bba06b1d61f1a9b05c68f2f32f4ec4386ecac,2025-02,South Yorkshire Police,South Yorkshire Police,-1.329473,53.429403,On or near Browning Drive,E01007735,Rotherham 013B,Violence and sexual offences,Unable to prosecute suspect,
7578f218ef4e92d7c435080975285eef6b35849598ba2fe005fc2a2a21407b63,2025-02,South Yorkshire Police,South Yorkshire Police,-1.324439,53.427973,On or near Shelley Drive,E01007735,Rotherham 013B,Violence and sexual offences,Unable to prosecute suspect,
5aa5289776104e86125b5daf24920599e9c9a475ab3e272003ceef3a8ae16508,2025-02,South Yorkshire Police,South Yorkshire Police,-1.324439,53.427973,On or near Shelley Drive,E01007735,Rotherham 013B,Violence and sexual offences,Awaiting court outcome,
a48cd9c2477a4b7aaf945a4fc6e9a9521b942501d117398dc724fc0be2d8e160,2025-02,South Yorkshire Police,South Yorkshire Police,-1.325858,53.428691,On or near Goldsmith Drive,E01007735,Rotherham 013B,Violence and sexual offences,Investigation complete; no suspect identified,
3cc9a196b9c3edb5a7731625b20b7cd8633c331188620a472945297c6942f47b,2025-02,South Yorkshire Police,South Yorkshire Police,-1.320345,53.434610,On or near High Greave Place,E01007735,Rotherham 013B,Other crime,Investigation complete; no suspect identified,
,2025-02,South Yorkshire Police,South Yorkshire Police,-1.321261,53.443226,On or near Petrol Station,E01007737,Rotherham 013C,Anti-social behaviour,,
,2025-02,South Yorkshire Police,South Yorkshire Police,-1.320760,53.441615,On or near Lady Oak Way,E01007737,Rotherham 013C,Anti-social behaviour,,
7ec565b14d0ff67a724b1b97aa272691d9dabf5e2abe93750d2d5da11d0bdbd9,2025-02,South Yorkshire Police,South Yorkshire Police,-1.315133,53.434850,On or near Oldfield Road,E01007737,Rotherham 013C,Burglary,Investigation complete; no suspect identified,
5b2cb9cd53b0095bb46f899e4c0773bd31ab08e669f55eb087366f9390da8279,2025-02,South Yorkshire Police,South Yorkshire Police,-1.319902,53.440657,On or near Lady Oak Road,E01007737,Rotherham 013C,Criminal damage and arson,Unable to prosecute suspect,
fc57452824d9affeb72191d24443a81ea806c8f78a50a17042ecf34c65d687b4,2025-02,South Yorkshire Police,South Yorkshire Police,-1.320760,53.441615,On or near Lady Oak Way,E01007737,Rotherham 013C,Criminal damage and arson,Investigation complete; no suspect identified,
dcf0a607d600d2c479727a3c29ca851d669451cd5f00f4a82c72de3990dd4a9f,2025-02,South Yorkshire Police,South Yorkshire Police,-1.313671,53.434060,On or near Hirst Drive,E01007737,Rotherham 013C,Drugs,Local resolution,
f51881f8dbc6e20a36b7e4d1115cbd9c6e2af5f22e652d93c9cb61111ce11489,2025-02,South Yorkshire Police,South Yorkshire Police,-1.320760,53.441615,On or near Lady Oak Way,E01007737,Rotherham 013C,Public order,Investigation complete; no suspect identified,
a5e757d2285a7b3e7ec0d89d75ac14ef760abf89a1638d300425b213dc44b595,2025-02,South Yorkshire Police,South Yorkshire Police,-1.319231,53.437453,On or near Mallory Road,E01007737,Rotherham 013C,Public order,Local resolution,
66225a3a8904aed277dc2d3adafb412c80aea9f404d8048b782b47afbf2071c0,2025-02,South Yorkshire Police,South Yorkshire Police,-1.320760,53.441615,On or near Lady Oak Way,E01007737,Rotherham 013C,Public order,Unable to prosecute suspect,
2844f9ea73b5b850f586e16cadbc5de410731d815b824259b4a39d07359fa8a3,2025-02,South Yorkshire Police,South Yorkshire Police,-1.321261,53.443226,On or near Petrol Station,E01007737,Rotherham 013C,Public order,Investigation complete; no suspect identified,
ebaec1f8f7fda0b5efbed708b7fb91a4b94c21ed16124c28ef9d1ae5e0286015,2025-02,South Yorkshire Police,South Yorkshire Police,-1.321261,53.443226,On or near Petrol Station,E01007737,Rotherham 013C,Public order,Local resolution,
4b5772dc166bcedfb4900f25becb659bb94b068b7c300e94526b4adb2bc6324f,2025-02,South Yorkshire Police,South Yorkshire Police,-1.320760,53.441615,On or near Lady Oak Way,E01007737,Rotherham 013C,Vehicle crime,Investigation complete; no suspect identified,
7e4bad0243fd4bf873abab6302b9180d09ec8c99c54e9680f77d3c8c4f0eb241,2025-02,South Yorkshire Police,South Yorkshire Police,-1.317968,53.437383,On or near Bradstone Road,E01007737,Rotherham 013C,Violence and sexual offences,Unable to prosecute suspect,
f16c683d1b0b10e0544bd26bfbe3e769fcc486f0c078fcc9b42a6d56aeec77fa,2025-02,South Yorkshire Police,South Yorkshire Police,-1.320249,53.437800,On or near High Greave Road,E01007737,Rotherham 013C,Violence and sexual offences,Unable to prosecute suspect,
c9c8ead65c13c1296e6ea915dbe1db009ddc52171a03ab4ee8d31899b93a71d8,2025-02,South Yorkshire Police,South Yorkshire Police,-1.321261,53.443226,On or near Petrol Station,E01007737,Rotherham 013C,Violence and sexual offences,Investigation complete; no suspect identified,
f190a721b1361ed12b9d7db13e03b98bfc637c399a8aec8e0860455a5a29318e,2025-02,South Yorkshire Police,South Yorkshire Police,-1.318509,53.438357,On or near Coupland Road,E01007737,Rotherham 013C,Violence and sexual offences,Unable to prosecute suspect,
,2025-02,South Yorkshire Police,South Yorkshire Police,-1.322567,53.440636,On or near Petrol Station,E01007738,Rotherham 013D,Anti-social behaviour,,
224e0821f64c533710a4d6c9a55b23dc2dd3c5ca3ba51aa654fd07bef1bc8cb7,2025-02,South Yorkshire Police,South Yorkshire Police,-1.322567,53.440636,On or near Petrol Station,E01007738,Rotherham 013D,Bicycle theft,Investigation complete; no suspect identified,
1d4d9ca5e385a1ccb15016a8b78303d7d76058279ae7d005a1c245e556b721ae,2025-02,South Yorkshire Police,South Yorkshire Police,-1.327196,53.440177,On or near Oak Meadows,E01007738,Rotherham 013D,Drugs,Awaiting court outcome,
c5854dff51fdfe69f3297ceac98f5cf709d6af578cd8ed030c3b65fe0e25b3d7,2025-02,South Yorkshire Police,South Yorkshire Police,-1.322567,53.440636,On or near Petrol Station,E01007738,Rotherham 013D,Public order,Investigation complete; no suspect identified,
4ca92a3df5feb6a0a1b274435301b25a82789053eaa1fe0ec0e0c7bf1620d6e8,2025-02,South Yorkshire Police,South Yorkshire Police,-1.327196,53.440177,On or near Oak Meadows,E01007738,Rotherham 013D,Vehicle crime,Investigation complete; no suspect identified,
edb3c2a407cba973ddc3192bbbe7e942eb1924f3f9a643e6a77ea803759fae7a,2025-02,South Yorkshire Police,South Yorkshire Police,-1.322567,53.440636,On or near Petrol Station,E01007738,Rotherham 013D,Vehicle crime,Investigation complete; no suspect identified,
51d2a2f8d3990d0fe023ab386849430a04dd424e8c458ef8ac7332d2c8eab9ca,2025-02,South Yorkshire Police,South Yorkshire Police,-1.327583,53.437608,On or near Dene Road,E01007738,Rotherham 013D,Violence and sexual offences,Unable to prosecute suspect,
48677afcc7aabe655cb8a885e14833f50208c4294687225e3dfdd0f9b77b6814,2025-02,South Yorkshire Police,South Yorkshire Police,-1.322426,53.438136,On or near Mowbray Place,E01007738,Rotherham 013D,Violence and sexual offences,Unable to prosecute suspect,
fc8bf41ffa869530d5b932e4e62045794e1698a5b0d34b9ab1b9460aa8f915d1,2025-02,South Yorkshire Police,South Yorkshire Police,-1.322567,53.440636,On or near Petrol Station,E01007738,Rotherham 013D,Violence and sexual offences,Investigation complete; no suspect identified,
3673935aafb3cca8a6f51e6a880e29401cba0356fdf78962f18cf0279966ab92,2025-02,South Yorkshire Police,South Yorkshire Police,-1.327583,53.437608,On or near Dene Road,E01007738,Rotherham 013D,Violence and sexual offences,Unable to prosecute suspect,
1ad28d5839dad2a5781cb67ed20c1fb4dca1a32ecf72c3f48cee371c00ec0c11,2025-02,South Yorkshire Police,South Yorkshire Police,-1.322426,53.438136,On or near Mowbray Place,E01007738,Rotherham 013D,Violence and sexual offences,Unable to prosecute suspect,
b762f3ea6f966300c664b88df0bc4e7d232d11420a545adab00bf077b3f04744,2025-02,South Yorkshire Police,South Yorkshire Police,-1.330427,53.437660,On or near Foljambe Road,E01007738,Rotherham 013D,Violence and sexual offences,Unable to prosecute suspect,
51d47a9693edadecab2c572d38c124fdd922874ba458949e3cf8efdef03d3c9e,2025-02,South Yorkshire Police,South Yorkshire Police,-1.327583,53.437608,On or near Dene Road,E01007738,Rotherham 013D,Violence and sexual offences,Unable to prosecute suspect,
b06f2fac8344c0531178cec9c2b99dfe0ed48a42853add0ee9cbb1d1ca17811a,2025-02,South Yorkshire Police,South Yorkshire Police,-1.322805,53.439864,On or near Mowbray Gardens,E01007738,Rotherham 013D,Violence and sexual offences,Unable to prosecute suspect,
e15e6ae29b2eb7c695614489e239d438b384a94d32f2b05c7b66f0d5867d5010,2025-02,South Yorkshire Police,South Yorkshire Police,-1.322426,53.438136,On or near Mowbray Place,E01007738,Rotherham 013D,Violence and sexual offences,Status update unavailable,
f2ea0ccba000976cf5a3f6d807e173bd8b3eb4c6be664a68986d2f2d70688963,2025-02,South Yorkshire Police,South Yorkshire Police,-1.332915,53.437422,On or near Eastwood Vale,E01007738,Rotherham 013D,Violence and sexual offences,Unable to prosecute suspect,
,2025-02,South Yorkshire Police,South Yorkshire Police,-1.324793,53.433197,On or near The Lanes,E01007739,Rotherham 013E,Anti-social behaviour,,
fce5636a200802e091ba96fc8f2c70ee454b8e4deee3560a1d0712bc9a90f960,2025-02,South Yorkshire Police,South Yorkshire Police,-1.324793,53.433197,On or near The Lanes,E01007739,Rotherham 013E,Drugs,Investigation complete; no suspect identified,
21424a80256c3b67113591f9e48f1dc23c8e7cc5833b54d83cc4efc4c3d01074,2025-02,South Yorkshire Police,South Yorkshire Police,-1.324793,53.433197,On or near The Lanes,E01007739,Rotherham 013E,Other theft,Investigation complete; no suspect identified,
d517bb1205823b540226ce25f81c9f9705e4deadc7d22ab47683094a92f0efa4,2025-02,South Yorkshire Police,South Yorkshire Police,-1.323330,53.431463,On or near Sheridan Drive,E01007739,Rotherham 013E,Public order,Unable to prosecute suspect,
9cbbf63cd1b796539c0881a6d6ef192f23c86583accb0396bbe1693c226dbb62,2025-02,South Yorkshire Police,South Yorkshire Police,-1.325399,53.435771,On or near Broadway East,E01007739,Rotherham 013E,Violence and sexual offences,Investigation complete; no suspect identified,
84249e8cb1692136a5317c4b6d4e6cad4beb2a014e4e7a68ec728e1f54386ef7,2025-02,South Yorkshire Police,South Yorkshire Police,-1.323330,53.431463,On or near Sheridan Drive,E01007739,Rotherham 013E,Violence and sexual offences,Unable to prosecute suspect,
a2f77e46e4ccdbfe1e2b9df309982d2bf7158cc6778948226cd74367be22efb1,2025-02,South Yorkshire Police,South Yorkshire Police,-1.323330,53.431463,On or near Sheridan Drive,E01007739,Rotherham 013E,Violence and sexual offences,Awaiting court outcome,
1db89d9d28b1a64d2fdd9f26dc73d9f93ef4bc4b886ca9290d2ecc2dba689cdc,2025-02,South Yorkshire Police,South Yorkshire Police,-1.324793,53.433197,On or near The Lanes,E01007739,Rotherham 013E,Violence and sexual offences,Investigation complete; no suspect identified,
,2025-02,South Yorkshire Police,South Yorkshire Police,-1.329781,53.438555,On or near Larch Mews,E01007736,Rotherham 014A,Anti-social behaviour,,
e834e1e8146e61a1d9de46c4f2ced8d54317d14355b3f480eeb76e03b3506044,2025-02,South Yorkshire Police,South Yorkshire Police,-1.333683,53.438344,On or near Finlay Road,E01007736,Rotherham 014A,Burglary,Investigation complete; no suspect identified,
7356d78c6576567c10804ca48ed344ff77310943f2ae3214c5959205fa117665,2025-02,South Yorkshire Police,South Yorkshire Police,-1.337453,53.439884,On or near Shaw Road,E01007736,Rotherham 014A,Burglary,Unable to prosecute suspect,
9a27fe2fcd8cb3a372d195dfe788fa949906c158fbf670570c9385badbe00bd1,2025-02,South Yorkshire Police,South Yorkshire Police,-1.336230,53.438178,On or near Halsbury Road,E01007736,Rotherham 014A,Drugs,Status update unavailable,
9a9023f0538ed4bbd14496e0d20ace891f639e78e84053966b388cbc8ce1f595,2025-02,South Yorkshire Police,South Yorkshire Police,-1.336575,53.439241,On or near Fitzwilliam Road,E01007736,Rotherham 014A,Other theft,Unable to prosecute suspect,
3bef0e62e46aacdac24526dbe46f893703286390c9d41c7b28520c2438f102f4,2025-02,South Yorkshire Police,South Yorkshire Police,-1.335450,53.447657,On or near Waddington Way,E01007736,Rotherham 014A,Other theft,Unable to prosecute suspect,
f06e854a574c2b638ffd880f4afb5f483dd5f63bcf393a22f62d50fe0f8345d5,2025-02,South Yorkshire Police,South Yorkshire Police,-1.337453,53.439884,On or near Shaw Road,E01007736,Rotherham 014A,Public order,Unable to prosecute suspect,
9e95bd54e32e40c5a36c4687694026a65a6e87301042f2730bac08efc1debb24,2025-02,South Yorkshire Police,South Yorkshire Police,-1.330115,53.439321,On or near Rosewell Court,E01007736,Rotherham 014A,Public order,Unable to prosecute suspect,
020bc5c1b9b5605bd79858a45137465df769fc52991c75a5369aef6249caeb5c,2025-02,South Yorkshire Police,South Yorkshire Police,-1.337453,53.439884,On or near Shaw Road,E01007736,Rotherham 014A,Violence and sexual offences,Unable to prosecute suspect,
3f48d43b0366b96a239e36208280b5da8b135819c2342bfe6f056ff21022d1e1,2025-02,South Yorkshire Police,South Yorkshire Police,-1.332051,53.439521,On or near Bus/Coach Station,E01007736,Rotherham 014A,Violence and sexual offences,Awaiting court outcome,
c29f95870e9b766b56b2a816be91e42d5693f0f854027a508224b1b666ef1886,2025-02,South Yorkshire Police,South Yorkshire Police,-1.329998,53.440058,On or near Ashwell Grove,E01007736,Rotherham 014A,Violence and sexual offences,Unable to prosecute suspect,
a4ab3f2e43930f6d308c9bc9b92a3b5c4c0f7cc4a3966f946c9325390c985af9,2025-02,South Yorkshire Police,South Yorkshire Police,-1.337453,53.439884,On or near Shaw Road,E01007736,Rotherham 014A,Violence and sexual offences,Unable to prosecute suspect,
2f5f8530c232b6b8c08d86defed94ca1cca365c5fe05dff52e4bb894ee875c80,2025-02,South Yorkshire Police,South Yorkshire Police,-1.330115,53.439321,On or near Rosewell Court,E01007736,Rotherham 014A,Other crime,Investigation complete; no suspect identified,
,2025-02,South Yorkshire Police,South Yorkshire Police,-1.336469,53.432489,On or near Queen Street,E01007765,Rotherham 014B,Anti-social behaviour,,
d3018482a297a6589f47ddb687cf63b170fa326c95e4af7b202b507c99495b9e,2025-02,South Yorkshire Police,South Yorkshire Police,-1.336530,53.429559,On or near Newton Drive,E01007765,Rotherham 014B,Burglary,Investigation complete; no suspect identified,
cf132b6e15397e9153a3ba55ec8054970f7ba87301c18308d996180dd168b62d,2025-02,South Yorkshire Police,South Yorkshire Police,-1.337960,53.429540,On or near Gilberthorpe Drive,E01007765,Rotherham 014B,Other theft,Investigation complete; no suspect identified,
edd7a835f067da4b7c8c8ddc2e42b015d91ada256f81b80c415fbf685c5b3c7a,2025-02,South Yorkshire Police,South Yorkshire Police,-1.338577,53.428582,On or near Clifton Avenue,E01007765,Rotherham 014B,Vehicle crime,Investigation complete; no suspect identified,
82f21a962f608b144c47c6d3eea3f413ed813cd11d0feda6f9889b1724eea369,2025-02,South Yorkshire Police,South Yorkshire Police,-1.338577,53.428582,On or near Clifton Avenue,E01007765,Rotherham 014B,Violence and sexual offences,Unable to prosecute suspect,
43fe6b5420876191710f2b5b33901c9fae24e9d682a2081d3eabf70003a0c1dc,2025-02,South Yorkshire Police,South Yorkshire Police,-1.338577,53.428582,On or near Clifton Avenue,E01007765,Rotherham 014B,Violence and sexual offences,Unable to prosecute suspect,
3684016421ed8f11fa07a870bab2641faf1b39a4a6024a8f23b5a18034cb6594,2025-02,South Yorkshire Police,South Yorkshire Police,-1.340245,53.428753,On or near Victoria Avenue,E01007765,Rotherham 014B,Violence and sexual offences,Investigation complete; no suspect identified,
,2025-02,South Yorkshire Police,South Yorkshire Police,-1.331054,53.433241,On or near Park Road,E01007766,Rotherham 014C,Anti-social behaviour,,
,2025-02,South Yorkshire Police,South Yorkshire Police,-1.331054,53.433241,On or near Park Road,E01007766,Rotherham 014C,Anti-social behaviour,,
,2025-02,South Yorkshire Police,South Yorkshire Police,-1.326710,53.433765,On or near Far Lane,E01007766,Rotherham 014C,Anti-social behaviour,,
,2025-02,South Yorkshire Police,South Yorkshire Police,-1.326710,53.433765,On or near Far Lane,E01007766,Rotherham 014C,Anti-social behaviour,,
31c68402790688ac3949dffe9a7f55488fea1872229d2be8579fc4d33bc80a2c,2025-02,South Yorkshire Police,South Yorkshire Police,-1.331054,53.433241,On or near Park Road,E01007766,Rotherham 014C,Burglary,Unable to prosecute suspect,
3c2b0aafbbc435b0378b866435fb95011695e7f639d6b9595188007e370565d5,2025-02,South Yorkshire Police,South Yorkshire Police,-1.331054,53.433241,On or near Park Road,E01007766,Rotherham 014C,Criminal damage and arson,Investigation complete; no suspect identified,
724d2a6a2ad24ca3b5305e6a545122c67086d7a64debb27453184f47b4a48674,2025-02,South Yorkshire Police,South Yorkshire Police,-1.331499,53.431698,On or near Western Road,E01007766,Rotherham 014C,Drugs,Unable to prosecute suspect,
f25c282bdf5c265939fbd83933e4b0f34d60a6fa268fceaf5e679493ea631f53,2025-02,South Yorkshire Police,South Yorkshire Police,-1.330328,53.432509,On or near Hill Crest Road,E01007766,Rotherham 014C,Other theft,Unable to prosecute suspect,
597072840a54f19933d273ca63b7f53618ef7733ce0269850bb8d911a2eb039c,2025-02,South Yorkshire Police,South Yorkshire Police,-1.331499,53.431698,On or near Western Road,E01007766,Rotherham 014C,Possession of weapons,Unable to prosecute suspect,
4c9c41b5a1b89a8f5413813c82f7f27704d6aa41222cd016b977544e1abae940,2025-02,South Yorkshire Police,South Yorkshire Police,-1.326710,53.433765,On or near Far Lane,E01007766,Rotherham 014C,Possession of weapons,Investigation complete; no suspect identified,
ea257e4cc960ef527ccc370cfb1dd3e5729d27bec02a3103fc5a405ae185ebf1,2025-02,South Yorkshire Police,South Yorkshire Police,-1.328363,53.433010,On or near Alpha Road,E01007766,Rotherham 014C,Violence and sexual offences,Unable to prosecute suspect,
4b8ed9996f4c9125fd6498ed8ee2bb6b2687e0c20b69662c2a63549419e9f4c3,2025-02,South Yorkshire Police,South Yorkshire Police,-1.326760,53.432561,On or near Delta Place,E01007766,Rotherham 014C,Violence and sexual offences,Unable to prosecute suspect,
c6e74389b2bae2b01693cffe1da4a868919da678ba1268505cf8a2122f4d565c,2025-02,South Yorkshire Police,South Yorkshire Police,-1.326760,53.432561,On or near Delta Place,E01007766,Rotherham 014C,Violence and sexual offences,Unable to prosecute suspect,
4948fa07f5311ce1658645103e55167838de2a2c0775b5c53300884a78424f95,2025-02,South Yorkshire Police,South Yorkshire Police,-1.326760,53.432561,On or near Delta Place,E01007766,Rotherham 014C,Violence and sexual offences,Unable to prosecute suspect,
c12f9c01a44c7a629e61343aad3294ec61a4d3ceb3855de0f1bdee15f348e05b,2025-02,South Yorkshire Police,South Yorkshire Police,-1.326760,53.432561,On or near Delta Place,E01007766,Rotherham 014C,Violence and sexual offences,Unable to prosecute suspect,
81641985afbb0d124902d146e69f1623dcc0df97a4a0e3d6d1b46747e8e5ccf9,2025-02,South Yorkshire Police,South Yorkshire Police,-1.329673,53.431067,On or near Guild Road,E01007766,Rotherham 014C,Violence and sexual offences,Unable to prosecute suspect,
,2025-02,South Yorkshire Police,South Yorkshire Police,-1.341636,53.439026,On or near Shakespeare Road,E01007768,Rotherham 014D,Anti-social behaviour,,
,2025-02,South Yorkshire Police,South Yorkshire Police,-1.347258,53.438598,On or near Hardwicke Road,E01007768,Rotherham 014D,Anti-social behaviour,,
,2025-02,South Yorkshire Police,South Yorkshire Police,-1.347258,53.438598,On or near Hardwicke Road,E01007768,Rotherham 014D,Anti-social behaviour,,
,2025-02,South Yorkshire Police,South Yorkshire Police,-1.347258,53.438598,On or near Hardwicke Road,E01007768,Rotherham 014D,Anti-social behaviour,,
,2025-02,South Yorkshire Police,South Yorkshire Police,-1.339632,53.435258,On or near Clifton Park Rise,E01007768,Rotherham 014D,Anti-social behaviour,,
,2025-02,South Yorkshire Police,South Yorkshire Police,-1.339632,53.435258,On or near Clifton Park Rise,E01007768,Rotherham 014D,Anti-social behaviour,,
,2025-02,South Yorkshire Police,South Yorkshire Police,-1.342599,53.437135,On or near Sumner Road,E01007768,Rotherham 014D,Anti-social behaviour,,
,2025-02,South Yorkshire Police,South Yorkshire Police,-1.347258,53.438598,On or near Hardwicke Road,E01007768,Rotherham 014D,Anti-social behaviour,,
364e3b0d67772918c811cecb5c5b1453709f521c21c3beaab9b31948a7977424,2025-02,South Yorkshire Police,South Yorkshire Police,-1.343920,53.439326,On or near Eldon Road,E01007768,Rotherham 014D,Criminal damage and arson,Awaiting court outcome,
2ce79e216af716c3ab5d970eb5968da9824b9746e7eb5ffe6af5e766e53ac82e,2025-02,South Yorkshire Police,South Yorkshire Police,-1.343149,53.438513,On or near Bethel Road,E01007768,Rotherham 014D,Drugs,Investigation complete; no suspect identified,
8d6bef41e378a12a144671ae6423fe26a8d981faa312936d7059e81ab268bc96,2025-02,South Yorkshire Police,South Yorkshire Police,-1.347957,53.438135,On or near Jennings Close,E01007768,Rotherham 014D,Drugs,Investigation complete; no suspect identified,
33b694c4c9b57daa8fbfd82fcc2ecf945beddc92ac13fa2da19dd9876d04978a,2025-02,South Yorkshire Police,South Yorkshire Police,-1.347258,53.438598,On or near Hardwicke Road,E01007768,Rotherham 014D,Drugs,Offender given a drugs possession warning,
f72a71aeea36b5f73341990eb5f6dbcc5863b460ca0e5c68e106eae09e052718,2025-02,South Yorkshire Police,South Yorkshire Police,-1.343920,53.439326,On or near Eldon Road,E01007768,Rotherham 014D,Other theft,Unable to prosecute suspect,
0857fcb8fe875f4bbd50627ad026af0c4bb8d0e632da370d57237c605a7e7eee,2025-02,South Yorkshire Police,South Yorkshire Police,-1.347957,53.438135,On or near Jennings Close,E01007768,Rotherham 014D,Other theft,Investigation complete; no suspect identified,
efa22873a621a783e1db4855c8bf22cdeddd013e161e6d19705b1d9beb71c1e3,2025-02,South Yorkshire Police,South Yorkshire Police,-1.344071,53.435327,On or near Cottenham Road,E01007768,Rotherham 014D,Public order,Investigation complete; no suspect identified,
f9d3fbd0fe8e7db38ce4c0a36079e1acc0d2cb25fbba75f393bedcc726d0740b,2025-02,South Yorkshire Police,South Yorkshire Police,-1.347258,53.438598,On or near Hardwicke Road,E01007768,Rotherham 014D,Public order,Investigation complete; no suspect identified,
1fd1ca021f143f575dabf92009efa0991ce7b702f7e5a0d1aab165851d3d276f,2025-02,South Yorkshire Police,South Yorkshire Police,-1.343920,53.439326,On or near Eldon Road,E01007768,Rotherham 014D,Shoplifting,Investigation complete; no suspect identified,
27fc01149417f5c2cd2525c49a0a42127ea82f8cbbc09e81611f74632ead4533,2025-02,South Yorkshire Police,South Yorkshire Police,-1.343920,53.439326,On or near Eldon Road,E01007768,Rotherham 014D,Shoplifting,Awaiting court outcome,
7f0b687c560261b80399a06c8cc1eba7a137c17c73680ed45b2e906b41c4882a,2025-02,South Yorkshire Police,South Yorkshire Police,-1.343920,53.439326,On or near Eldon Road,E01007768,Rotherham 014D,Shoplifting,Investigation complete; no suspect identified,
fe7b08cc3cec568b3be27e50d3608d08e5fca61435594f2ea31dc2778515a61e,2025-02,South Yorkshire Police,South Yorkshire Police,-1.343920,53.439326,On or near Eldon Road,E01007768,Rotherham 014D,Shoplifting,Investigation complete; no suspect identified,
bbd8fbdc05d8307c402a7eef26d8272b4dda0d31b8b9fc0adcff248ef85f983c,2025-02,South Yorkshire Police,South Yorkshire Police,-1.343920,53.439326,On or near Eldon Road,E01007768,Rotherham 014D,Shoplifting,Unable to prosecute suspect,
84e86762d3887d66db2b0e52fe5c6f855bc9b688b79aac18261a22942b991ed5,2025-02,South Yorkshire Police,South Yorkshire Police,-1.343920,53.439326,On or near Eldon Road,E01007768,Rotherham 014D,Shoplifting,Investigation complete; no suspect identified,
6d29d7d0480769f00df47917ea2d0030c50e969a53901c41bab62d7b3c54be20,2025-02,South Yorkshire Police,South Yorkshire Police,-1.343920,53.439326,On or near Eldon Road,E01007768,Rotherham 014D,Shoplifting,Investigation complete; no suspect identified,
ea5c9210f921a9acc56e29df753678f11df986a6dea60a86c3843e40ebfd517b,2025-02,South Yorkshire Police,South Yorkshire Police,-1.343920,53.439326,On or near Eldon Road,E01007768,Rotherham 014D,Shoplifting,Investigation complete; no suspect identified,
75c83e618c75a102df3f2fd17469424aef5684ac92423bcedce873ab932d4377,2025-02,South Yorkshire Police,South Yorkshire Police,-1.343920,53.439326,On or near Eldon Road,E01007768,Rotherham 014D,Shoplifting,Unable to prosecute suspect,
8e3e2c78e2f0394590d7f098f2aaa2bd38fbe279f67ebbd63a934116b6f8fc41,2025-02,South Yorkshire Police,South Yorkshire Police,-1.343920,53.439326,On or near Eldon Road,E01007768,Rotherham 014D,Shoplifting,Investigation complete; no suspect identified,
91f7a965166a26d23b7e3e9254ccf5beb2810a291a86098dcc8218f95f51a39a,2025-02,South Yorkshire Police,South Yorkshire Police,-1.343920,53.439326,On or near Eldon Road,E01007768,Rotherham 014D,Theft from the person,Investigation complete; no suspect identified,
64a7dd381925631bacec0681deb828f33d92a8cdea1796afd29816c04b24d5aa,2025-02,South Yorkshire Police,South Yorkshire Police,-1.344071,53.435327,On or near Cottenham Road,E01007768,Rotherham 014D,Vehicle crime,Investigation complete; no suspect identified,
49cdf771e9e5efe3b195dad14617cb59ed9c6e07216b644e90c6d24ccb06d58e,2025-02,South Yorkshire Police,South Yorkshire Police,-1.347258,53.438598,On or near Hardwicke Road,E01007768,Rotherham 014D,Vehicle crime,Unable to prosecute suspect,
c4603f08356b8ab744f15338e1c3382a74c9f545c8a928006a9dc39abfc5fb75,2025-02,South Yorkshire Police,South Yorkshire Police,-1.339632,53.435258,On or near Clifton Park Rise,E01007768,Rotherham 014D,Vehicle crime,Investigation complete; no suspect identified,
d1572415d6cf60b92ddd95a796ed50a6522b0690073587877b991da8e68105e6,2025-02,South Yorkshire Police,South Yorkshire Police,-1.347258,53.438598,On or near Hardwicke Road,E01007768,Rotherham 014D,Violence and sexual offences,Unable to prosecute suspect,
972dedb46a5d69cb89cb5706a1aedfc3d40ab16626c8ef4aca7cd2fff4908c62,2025-02,South Yorkshire Police,South Yorkshire Police,-1.347258,53.438598,On or near Hardwicke Road,E01007768,Rotherham 014D,Violence and sexual offences,Investigation complete; no suspect identified,
35f1d2189042e4a5d05c36275327c63e5508854681e8af1367d92cc6b13b8d3f,2025-02,South Yorkshire Police,South Yorkshire Police,-1.343920,53.439326,On or near Eldon Road,E01007768,Rotherham 014D,Violence and sexual offences,Investigation complete; no suspect identified,
2ac210352ecc17fe3b33aa9572c36aec072ff90f253199e0062bf37f866b38b6,2025-02,South Yorkshire Police,South Yorkshire Police,-1.343920,53.439326,On or near Eldon Road,E01007768,Rotherham 014D,Violence and sexual offences,Unable to prosecute suspect,
0b50954abc2354bd256543562f0045dd73ada8670479be191c48f0562c5308f3,2025-02,South Yorkshire Police,South Yorkshire Police,-1.347957,53.438135,On or near Jennings Close,E01007768,Rotherham 014D,Violence and sexual offences,Unable to prosecute suspect,
ae1cf98b2ece811de27965adc1610ea2317dac3726d7f9ff5fa180c5459bdbc8,2025-02,South Yorkshire Police,South Yorkshire Police,-1.341799,53.435278,On or near St Leonard'S Lane,E01007768,Rotherham 014D,Violence and sexual offences,Unable to prosecute suspect,
bc53f5238ec94109f6040b534c0941b9e1efe72e8bb759ce32210a0ec88a6a13,2025-02,South Yorkshire Police,South Yorkshire Police,-1.343920,53.439326,On or near Eldon Road,E01007768,Rotherham 014D,Violence and sexual offences,Unable to prosecute suspect,
800060c562812750ed052b0bf6783d0f3ffd92e922501e9ca91ec23210586e03,2025-02,South Yorkshire Police,South Yorkshire Police,-1.347957,53.438135,On or near Jennings Close,E01007768,Rotherham 014D,Violence and sexual offences,Unable to prosecute suspect,
170fd7dd1ddd06c1a0ba80ddbf757389a3c5dbd447e85dcf1106d48349273f72,2025-02,South Yorkshire Police,South Yorkshire Police,-1.340257,53.435737,On or near St Leonard'S Place,E01007768,Rotherham 014D,Violence and sexual offences,Unable to prosecute suspect,
710f39ea7f05b827b980e66ccdb3eec538becbd558637f6fe4e1d95e0401a853,2025-02,South Yorkshire Police,South Yorkshire Police,-1.347957,53.438135,On or near Jennings Close,E01007768,Rotherham 014D,Violence and sexual offences,Unable to prosecute suspect,
5fc16b8b22a2d9fe277a06a0a403d7ef245b44e418666ab75d594a6726a72a74,2025-02,South Yorkshire Police,South Yorkshire Police,-1.340257,53.435737,On or near St Leonard'S Place,E01007768,Rotherham 014D,Violence and sexual offences,Unable to prosecute suspect,
1af3621bbc1d15c8323dfe47e071f2c577edf9853da4f4873eee8b566fdcdbca,2025-02,South Yorkshire Police,South Yorkshire Police,-1.339632,53.435258,On or near Clifton Park Rise,E01007768,Rotherham 014D,Violence and sexual offences,Unable to prosecute suspect,
4d92bd47177f9910bdf0063923474db51e8a6f2ae9a473124312625eb166aa48,2025-02,South Yorkshire Police,South Yorkshire Police,-1.341799,53.435278,On or near St Leonard'S Lane,E01007768,Rotherham 014D,Violence and sexual offences,Unable to prosecute suspect,
27920061ff72858aef8c6b2a0d06c0c7baaeee67bd15fbcacf13122be457c9d8,2025-02,South Yorkshire Police,South Yorkshire Police,-1.341799,53.435278,On or near St Leonard'S Lane,E01007768,Rotherham 014D,Violence and sexual offences,Status update unavailable,
,2025-02,South Yorkshire Police,South Yorkshire Police,-1.334772,53.433181,On or near Lord Street,E01007770,Rotherham 014E,Anti-social behaviour,,
,2025-02,South Yorkshire Police,South Yorkshire Police,-1.339502,53.433917,On or near Danum Drive,E01007770,Rotherham 014E,Anti-social behaviour,,
,2025-02,South Yorkshire Police,South Yorkshire Police,-1.336823,53.433903,On or near Oxford Street,E01007770,Rotherham 014E,Anti-social behaviour,,
5d581402e329ccdc0908b9888a6b83a4bf3a994ab169fe2101f72f0d69761184,2025-02,South Yorkshire Police,South Yorkshire Police,-1.334772,53.433181,On or near Lord Street,E01007770,Rotherham 014E,Criminal damage and arson,Investigation complete; no suspect identified,
cce0ca135cd82848eea45d521f269f43a8db05b8afec223cc4d2f616f3f6b212,2025-02,South Yorkshire Police,South Yorkshire Police,-1.331635,53.435510,On or near First Avenue,E01007770,Rotherham 014E,Other theft,Unable to prosecute suspect,
7c466a0b05d53d8933fb74d49a0a1ab23892879ecb69322659fc52a9bc4bae69,2025-02,South Yorkshire Police,South Yorkshire Police,-1.339502,53.433917,On or near Danum Drive,E01007770,Rotherham 014E,Other theft,Investigation complete; no suspect identified,
70874cb0da37c4939f5e8f9288523ddee3ad0b67d3aa07be7b93b31dd0460b66,2025-02,South Yorkshire Police,South Yorkshire Police,-1.331635,53.435510,On or near First Avenue,E01007770,Rotherham 014E,Other theft,Unable to prosecute suspect,
d357644fe63cd23ee29c74d98546f9b87faf3ecbf5ec8da1d22068b1144f83c3,2025-02,South Yorkshire Police,South Yorkshire Police,-1.339502,53.433917,On or near Danum Drive,E01007770,Rotherham 014E,Public order,Investigation complete; no suspect identified,
14e4008874e4755cad41c185b5ca8d21f5a11ad184371ce5b395ce246bd6a067,2025-02,South Yorkshire Police,South Yorkshire Police,-1.336823,53.433903,On or near Oxford Street,E01007770,Rotherham 014E,Vehicle crime,Investigation complete; no suspect identified,
bb4d2fe75493fa512303963acfefb2abf457689e32e6556a74a4c2985312fb1b,2025-02,South Yorkshire Police,South Yorkshire Police,-1.329425,53.436297,On or near Far Crescent,E01007770,Rotherham 014E,Vehicle crime,Investigation complete; no suspect identified,
,2025-02,South Yorkshire Police,South Yorkshire Police,-1.385003,53.437163,On or near Watson Close,E01007741,Rotherham 015A,Anti-social behaviour,,
df71c911886926692e1518e9b7e7591eedb7db09d9c90d29488590ee95bc5eb8,2025-02,South Yorkshire Police,South Yorkshire Police,-1.392168,53.437145,On or near Wilding Way,E01007741,Rotherham 015A,Public order,Unable to prosecute suspect,
97d69f6a67d960f30d293048e4829bc5e411ff7e168f2d58391d1181479de3b1,2025-02,South Yorkshire Police,South Yorkshire Police,-1.389224,53.436690,On or near Petrol Station,E01007741,Rotherham 015A,Vehicle crime,Investigation complete; no suspect identified,
12e5d0be7e6ecd5f40e9b3adb428bb712a6146e242c689e9736ab80aed7f97d8,2025-02,South Yorkshire Police,South Yorkshire Police,-1.389235,53.434937,On or near Benton Way,E01007741,Rotherham 015A,Vehicle crime,Investigation complete; no suspect identified,
,2025-02,South Yorkshire Police,South Yorkshire Police,-1.394624,53.440214,On or near Great Park Road,E01007742,Rotherham 015B,Anti-social behaviour,,
86b5a17a0b4c49a9a42a319491c085113d7469aed570ec1c33290a38104381cf,2025-02,South Yorkshire Police,South Yorkshire Police,-1.395698,53.440911,On or near Langdon Road,E01007742,Rotherham 015B,Other theft,Unable to prosecute suspect,
8ed3e6020795f44f3082326624f5fd463930393632e7516da3b84e3501345d6b,2025-02,South Yorkshire Police,South Yorkshire Police,-1.395698,53.440911,On or near Langdon Road,E01007742,Rotherham 015B,Possession of weapons,Unable to prosecute suspect,
613696653106acb5ceb58dbd899b4bb4a64470cc0d5f25717e73ed20d4a1575b,2025-02,South Yorkshire Police,South Yorkshire Police,-1.400254,53.439484,On or near Supermarket,E01007742,Rotherham 015B,Shoplifting,Awaiting court outcome,
90207c66e44d734219dd9037d0d4b080c3e077f2374f871e20284623c10c853e,2025-02,South Yorkshire Police,South Yorkshire Police,-1.400254,53.439484,On or near Supermarket,E01007742,Rotherham 015B,Shoplifting,Awaiting court outcome,
b08976ddbcfb0e212b852e5c7ffb53a167ccbaba19e5cdfe2438df41694ff415,2025-02,South Yorkshire Police,South Yorkshire Police,-1.400254,53.439484,On or near Supermarket,E01007742,Rotherham 015B,Shoplifting,Investigation complete; no suspect identified,
4316ac2432b0c5a9d4d4a68bf43619825fd666873400ec7305e089895d534ae5,2025-02,South Yorkshire Police,South Yorkshire Police,-1.400254,53.439484,On or near Supermarket,E01007742,Rotherham 015B,Shoplifting,Awaiting court outcome,
f285d2403d5757b3c1f48f3e033d047c44596640361e7f7cae0b87b9fbe9de19,2025-02,South Yorkshire Police,South Yorkshire Police,-1.400578,53.438536,On or near Grange View Road,E01007742,Rotherham 015B,Violence and sexual offences,Unable to prosecute suspect,
f13f4d680191967960c8ca58e35ad3a8359f37be74adf4621129cd115114ed79,2025-02,South Yorkshire Police,South Yorkshire Police,-1.394624,53.440214,On or near Great Park Road,E01007742,Rotherham 015B,Violence and sexual offences,Unable to prosecute suspect,
,2025-02,South Yorkshire Police,South Yorkshire Police,-1.396250,53.432744,On or near Winter Hill Lane,E01007744,Rotherham 015D,Anti-social behaviour,,
c9c28d8d14f9a72a453834f6aa0c46de9e9fb07f75afffcc80b8c4296545015b,2025-02,South Yorkshire Police,South Yorkshire Police,-1.393656,53.429890,On or near South Street,E01007744,Rotherham 015D,Criminal damage and arson,Investigation complete; no suspect identified,
6ce2e8d05cbd1ad363fc1a4998c8d58a9cf3bc386c8524ea86b98b6a9d5a5834,2025-02,South Yorkshire Police,South Yorkshire Police,-1.396163,53.430343,On or near Clement Mews,E01007744,Rotherham 015D,Drugs,Awaiting court outcome,
8eded5efd20faa64cc68e2e0631fcdec2d8a017fab9e181577aac29c7750139e,2025-02,South Yorkshire Police,South Yorkshire Police,-1.390666,53.432706,On or near Ewers Road,E01007744,Rotherham 015D,Public order,Unable to prosecute suspect,
324b3ec5286d1c002b3c8d461dc6b4b412dee582ca7189cf74855f1e7f34dfe8,2025-02,South Yorkshire Police,South Yorkshire Police,-1.396163,53.430343,On or near Clement Mews,E01007744,Rotherham 015D,Public order,Unable to prosecute suspect,
4bc17966b4bb3240fc715456134a808cae992b793bef7046ce5758eb61a98b83,2025-02,South Yorkshire Police,South Yorkshire Police,-1.390666,53.432706,On or near Ewers Road,E01007744,Rotherham 015D,Public order,Unable to prosecute suspect,
a2955f35d1e669ccce3e766ba89cf7f589a3170508dcc86292cda287be6eeb89,2025-02,South Yorkshire Police,South Yorkshire Police,-1.392758,53.433813,On or near Church Street,E01007744,Rotherham 015D,Violence and sexual offences,Investigation complete; no suspect identified,
c1f0eeb1eef1fb4f614141452e847afaa5aeba9a1039b92c3070a792e6d738e6,2025-02,South Yorkshire Police,South Yorkshire Police,-1.395769,53.428436,On or near Thornton Street,E01007744,Rotherham 015D,Violence and sexual offences,Status update unavailable,
78cc49442805f3c021ce64cdf3cd9f39f4ecd02cd1351c719d347c76681f599b,2025-02,South Yorkshire Police,South Yorkshire Police,-1.398610,53.435074,On or near Little Common Lane,E01007744,Rotherham 015D,Violence and sexual offences,Unable to prosecute suspect,
,2025-02,South Yorkshire Police,South Yorkshire Police,-1.400469,53.429187,On or near Richmond Park Avenue,E01007745,Rotherham 015E,Anti-social behaviour,,
6f0ce8ea47cce02af1c0d8faca85692a71372ca2ad01e6d93b872d775bd590c5,2025-02,South Yorkshire Police,South Yorkshire Police,-1.399935,53.431863,On or near Winterhill Road,E01007745,Rotherham 015E,Criminal damage and arson,Investigation complete; no suspect identified,
402311c7041875efc87fa595918018f922fd07b593c0c8e5ff0a84b7965498bc,2025-02,South Yorkshire Police,South Yorkshire Police,-1.395553,53.427760,On or near Fox Street,E01007745,Rotherham 015E,Other theft,Unable to prosecute suspect,
dfd18c219e0998829c87891e676c233031a2175349f5c22108f720c7b3e340dc,2025-02,South Yorkshire Police,South Yorkshire Police,-1.399935,53.431863,On or near Winterhill Road,E01007745,Rotherham 015E,Public order,Unable to prosecute suspect,
53e3c51d2dcb34960f42e5fe42f14676822fe4a5bbed30bf5fac910dc17e2cd1,2025-02,South Yorkshire Police,South Yorkshire Police,-1.398111,53.426713,On or near Thornton Terrace,E01007745,Rotherham 015E,Violence and sexual offences,Unable to prosecute suspect,
2bbb27fcf70413ba6ef1991259995bf65e1dd97b7aac09a6890bebe9dc384b9a,2025-02,South Yorkshire Police,South Yorkshire Police,-1.399935,53.431863,On or near Winterhill Road,E01007745,Rotherham 015E,Violence and sexual offences,Unable to prosecute suspect,
5bd1451f48f3bd2d98d12424d7a0c2bf53e8ed01da16af1bd0668013dcdc4a3a,2025-02,South Yorkshire Police,South Yorkshire Police,-1.395553,53.427760,On or near Fox Street,E01007745,Rotherham 015E,Violence and sexual offences,Unable to prosecute suspect,
c736b0d7b6d553f3c0762e03e5f3600de464ed7b84635af51a107d81d7b46631,2025-02,South Yorkshire Police,South Yorkshire Police,-1.395553,53.427760,On or near Fox Street,E01007745,Rotherham 015E,Violence and sexual offences,Unable to prosecute suspect,
5db363b2cbf1ec09c7c8ec8b11f64d3dae1518c4da39af3ec4fd23c096564f54,2025-02,South Yorkshire Police,South Yorkshire Police,-1.395553,53.427760,On or near Fox Street,E01007745,Rotherham 015E,Violence and sexual offences,Unable to prosecute suspect,
f0bb40032cf382a9520eefee2dd82ddf1a8ab834028ed05c3bd50c4765d1352c,2025-02,South Yorkshire Police,South Yorkshire Police,-1.398111,53.426713,On or near Thornton Terrace,E01007745,Rotherham 015E,Violence and sexual offences,Status update unavailable,
637c5b992765a343d0139244a29c763accfc0821d16378f5202947182fc53736,2025-02,South Yorkshire Police,South Yorkshire Police,-1.398111,53.426713,On or near Thornton Terrace,E01007745,Rotherham 015E,Violence and sexual offences,Unable to prosecute suspect,
6e6d4aad78a01409daec6f46add4be168991d58cda3b0f813bb4b024e4cf3b50,2025-02,South Yorkshire Police,South Yorkshire Police,-1.396179,53.429247,On or near Bennett Street,E01007745,Rotherham 015E,Violence and sexual offences,Unable to prosecute suspect,
6d47d6a9dab18aeb72a1f01ac185b5d11f76054a192608fce995a381a18e9d60,2025-02,South Yorkshire Police,South Yorkshire Police,-1.399935,53.431863,On or near Winterhill Road,E01007745,Rotherham 015E,Violence and sexual offences,Unable to prosecute suspect,
,2025-02,South Yorkshire Police,South Yorkshire Police,-1.413408,53.428407,On or near Concord View Road,E01007746,Rotherham 015F,Anti-social behaviour,,
84d0e1c9c43febfd19e10e057f4bc2080d02530dd184b934a68f5bb4883e89bf,2025-02,South Yorkshire Police,South Yorkshire Police,-1.420896,53.432218,On or near Thundercliffe Road,E01007746,Rotherham 015F,Vehicle crime,Investigation complete; no suspect identified,
ea1cb52d95aa299040452de137453f46904f2e5b63f445df6a9ced49888e738f,2025-02,South Yorkshire Police,South Yorkshire Police,-1.413408,53.428407,On or near Concord View Road,E01007746,Rotherham 015F,Violence and sexual offences,Unable to prosecute suspect,
,2025-02,South Yorkshire Police,South Yorkshire Police,-1.376316,53.430025,On or near Devonshire Street,E01007715,Rotherham 016A,Anti-social behaviour,,
,2025-02,South Yorkshire Police,South Yorkshire Police,-1.376316,53.430025,On or near Devonshire Street,E01007715,Rotherham 016A,Anti-social behaviour,,
,2025-02,South Yorkshire Police,South Yorkshire Police,-1.374717,53.429262,On or near Sarah Street,E01007715,Rotherham 016A,Anti-social behaviour,,
ed410fc0e6eac355c2bf574a138d115752a3e08d779ddc28bd634cd6a709b065,2025-02,South Yorkshire Police,South Yorkshire Police,-1.382343,53.431639,On or near Wilton Lane,E01007715,Rotherham 016A,Burglary,Unable to prosecute suspect,
f5eff02f94cb405c2545f9226b43c16afafb4a2eaf1734b550b677de93d7a270,2025-02,South Yorkshire Police,South Yorkshire Police,-1.378810,53.429283,On or near Cavendish Road,E01007715,Rotherham 016A,Burglary,Investigation complete; no suspect identified,
502cf73230dabf51dcda0bd6717a4e6a5799437f32bd7eab5b67e433edcc56de,2025-02,South Yorkshire Police,South Yorkshire Police,-1.375255,53.428465,On or near Holmes Lane,E01007715,Rotherham 016A,Criminal damage and arson,Awaiting court outcome,
b51bcc9f2c9c8e3f717d1eec1b2aef6a7149308957d57690085576c71ae33aa8,2025-02,South Yorkshire Police,South Yorkshire Police,-1.380176,53.429578,On or near Hartington Road,E01007715,Rotherham 016A,Other theft,Investigation complete; no suspect identified,
1b3a26d1961371af76e32478844108e9b4759f67692bae9abec1ecc197d504ab,2025-02,South Yorkshire Police,South Yorkshire Police,-1.380943,53.429600,On or near Rosebery Street,E01007715,Rotherham 016A,Public order,Unable to prosecute suspect,
5b8756621621b0c069a031cf613462ddfe1f9342ecccf241da19d7b27a840dc5,2025-02,South Yorkshire Police,South Yorkshire Police,-1.382343,53.431639,On or near Wilton Lane,E01007715,Rotherham 016A,Public order,Unable to prosecute suspect,
54e98010fea07ac8eb46b5352aa78f3630b9468b62a98b0c84c8460f3c22c287,2025-02,South Yorkshire Police,South Yorkshire Police,-1.374717,53.429262,On or near Sarah Street,E01007715,Rotherham 016A,Theft from the person,Investigation complete; no suspect identified,
e7cb8bc5d13a237ea03e170a68f5d9bf485d19398477ef5ab798943992244cda,2025-02,South Yorkshire Police,South Yorkshire Police,-1.375255,53.428465,On or near Holmes Lane,E01007715,Rotherham 016A,Vehicle crime,Investigation complete; no suspect identified,
95c2581df375245307902b81a430306fad31b381425e0b7405e163bc908f2a6b,2025-02,South Yorkshire Police,South Yorkshire Police,-1.381685,53.431357,On or near Meadow Street,E01007715,Rotherham 016A,Violence and sexual offences,Unable to prosecute suspect,
2cf9e63db2df03c428bb93a66733fe9fe132c9fa1ead5983d212ae5650d07601,2025-02,South Yorkshire Police,South Yorkshire Police,-1.381685,53.431357,On or near Meadow Street,E01007715,Rotherham 016A,Violence and sexual offences,Unable to prosecute suspect,
884177e6e79f9564ee7929ae2df995f055e20936a027db1c99106f41ca99418a,2025-02,South Yorkshire Police,South Yorkshire Police,-1.380943,53.429600,On or near Rosebery Street,E01007715,Rotherham 016A,Violence and sexual offences,Awaiting court outcome,
8d336af190131325bd0f42813cd44595f470856ff399a300c13a40f5371849c6,2025-02,South Yorkshire Police,South Yorkshire Police,-1.381685,53.431357,On or near Meadow Street,E01007715,Rotherham 016A,Other crime,Unable to prosecute suspect,
,2025-02,South Yorkshire Police,South Yorkshire Police,-1.372841,53.432974,On or near Park Street,E01007716,Rotherham 016B,Anti-social behaviour,,
,2025-02,South Yorkshire Police,South Yorkshire Police,-1.372841,53.432974,On or near Park Street,E01007716,Rotherham 016B,Anti-social behaviour,,
,2025-02,South Yorkshire Police,South Yorkshire Police,-1.367601,53.429090,On or near Providence Street,E01007716,Rotherham 016B,Anti-social behaviour,,
,2025-02,South Yorkshire Police,South Yorkshire Police,-1.369713,53.430764,On or near Robert Street,E01007716,Rotherham 016B,Anti-social behaviour,,
,2025-02,South Yorkshire Police,South Yorkshire Police,-1.372841,53.432974,On or near Park Street,E01007716,Rotherham 016B,Anti-social behaviour,,
,2025-02,South Yorkshire Police,South Yorkshire Police,-1.372841,53.432974,On or near Park Street,E01007716,Rotherham 016B,Anti-social behaviour,,
,2025-02,South Yorkshire Police,South Yorkshire Police,-1.372841,53.432974,On or near Park Street,E01007716,Rotherham 016B,Anti-social behaviour,,
b5f65c5e147dd9ef899c62f00746ac286ba083f4e5a91b7259bfad1281902ee7,2025-02,South Yorkshire Police,South Yorkshire Police,-1.368050,53.434342,On or near Walter Street,E01007716,Rotherham 016B,Burglary,Unable to prosecute suspect,
cfec8fa4dcbe8b3787e50fd628b92d87328f86318d8f7d0276bf9218723f3d15,2025-02,South Yorkshire Police,South Yorkshire Police,-1.368751,53.435792,On or near Clough Green,E01007716,Rotherham 016B,Burglary,Investigation complete; no suspect identified,
f127cd973267e556bf9bbe813a2ec3a56438399cc4f1d84b17a29a4626074eba,2025-02,South Yorkshire Police,South Yorkshire Police,-1.369713,53.430764,On or near Robert Street,E01007716,Rotherham 016B,Burglary,Investigation complete; no suspect identified,
d94de1869956e2d9d51dc19a8d00805ae25294164140a71a974ae9477d9d2349,2025-02,South Yorkshire Police,South Yorkshire Police,-1.369713,53.430764,On or near Robert Street,E01007716,Rotherham 016B,Criminal damage and arson,Investigation complete; no suspect identified,
b8f6fa52e16cc37cbcaf03829685bfa00b00bb58c221be879959f160932fa708,2025-02,South Yorkshire Police,South Yorkshire Police,-1.366364,53.431258,On or near Vine Close,E01007716,Rotherham 016B,Criminal damage and arson,Investigation complete; no suspect identified,
aa58fea84b5917b6d9413a23ec28da6e02125acf96046ab718f3c3b5428311ce,2025-02,South Yorkshire Police,South Yorkshire Police,-1.369713,53.430764,On or near Robert Street,E01007716,Rotherham 016B,Criminal damage and arson,Investigation complete; no suspect identified,
552d1b869480441a3ac5ed631ca4b0d45a69d32a1bbae6d416d21aeb1090ab48,2025-02,South Yorkshire Police,South Yorkshire Police,-1.369552,53.430439,On or near Victoria Street,E01007716,Rotherham 016B,Other theft,Unable to prosecute suspect,
ee23aa103721a4e4350fa9e62490e3b2aa905470970f9ac6e9cbe8b945e79b17,2025-02,South Yorkshire Police,South Yorkshire Police,-1.368050,53.434342,On or near Walter Street,E01007716,Rotherham 016B,Public order,Investigation complete; no suspect identified,
f2479b155b8f5ff83ec9f41734c0ae27ecbf2a4f57fa1f27a3606fb49ac77fbc,2025-02,South Yorkshire Police,South Yorkshire Police,-1.369713,53.430764,On or near Robert Street,E01007716,Rotherham 016B,Public order,Investigation complete; no suspect identified,
55e7038239a4d114e3a00084bb332dc0b1f5960dbbac6e5f54932f2b707aa782,2025-02,South Yorkshire Police,South Yorkshire Police,-1.372841,53.432974,On or near Park Street,E01007716,Rotherham 016B,Public order,Investigation complete; no suspect identified,
002c1c0f50940970fe5ce464b19745aa5c763d030d49cb241756bcf0f1d9ed84,2025-02,South Yorkshire Police,South Yorkshire Police,-1.367601,53.429090,On or near Providence Street,E01007716,Rotherham 016B,Vehicle crime,Investigation complete; no suspect identified,
aa31a3a288d1c67e0b7e44f2c9778e6247a5475b79167533cbef5cd75350eb6e,2025-02,South Yorkshire Police,South Yorkshire Police,-1.368751,53.435792,On or near Clough Green,E01007716,Rotherham 016B,Vehicle crime,Investigation complete; no suspect identified,
d384312415d391cd438dde2777d4dd7fec23136434f384b623763f59dcc5cb58,2025-02,South Yorkshire Police,South Yorkshire Police,-1.368897,53.429969,On or near Station Road,E01007716,Rotherham 016B,Vehicle crime,Investigation complete; no suspect identified,
595280df47919ed299591281de4318a74cdbd0e6f8e7eabb4abb0c2d97519db4,2025-02,South Yorkshire Police,South Yorkshire Police,-1.366939,53.432124,On or near Fisher Close,E01007716,Rotherham 016B,Vehicle crime,Investigation complete; no suspect identified,
d0501d6a2e371850af0c23092491c905d0e8531052f2ac8c0c3f0443cf2404d8,2025-02,South Yorkshire Police,South Yorkshire Police,-1.366364,53.431258,On or near Vine Close,E01007716,Rotherham 016B,Violence and sexual offences,Awaiting court outcome,
11739965c490a3e1961efab795d8ab50ca8617800dd01d337b8d86d74c15b88d,2025-02,South Yorkshire Police,South Yorkshire Police,-1.368050,53.434342,On or near Walter Street,E01007716,Rotherham 016B,Violence and sexual offences,Unable to prosecute suspect,
de645e14b860f2de0b5fc84337c25d6951725a528032e90accb189b1215d7b73,2025-02,South Yorkshire Police,South Yorkshire Police,-1.368556,53.430677,On or near Albert Street,E01007716,Rotherham 016B,Violence and sexual offences,Unable to prosecute suspect,
f27d942812d9ba12e848bb340e76a1b18ac94b1cb7138c6b398c6db478c05e2b,2025-02,South Yorkshire Police,South Yorkshire Police,-1.366364,53.431258,On or near Vine Close,E01007716,Rotherham 016B,Violence and sexual offences,Awaiting court outcome,
0417d9ca54c86b380aeeabfb91753e9941b134f6152b36c6b765e838ddcba47e,2025-02,South Yorkshire Police,South Yorkshire Police,-1.366364,53.431258,On or near Vine Close,E01007716,Rotherham 016B,Violence and sexual offences,Awaiting court outcome,
b237e2f8f838a901487601845be7df5fac89639d8e657cf466b295a70d11874f,2025-02,South Yorkshire Police,South Yorkshire Police,-1.368050,53.434342,On or near Walter Street,E01007716,Rotherham 016B,Violence and sexual offences,Awaiting court outcome,
8b7135d9e188cd194edf5794eb8c85a51d180961353f45881e4856b9bfa2f32a,2025-02,South Yorkshire Police,South Yorkshire Police,-1.369552,53.430439,On or near Victoria Street,E01007716,Rotherham 016B,Violence and sexual offences,Unable to prosecute suspect,
f2b3fdc367494ef620d686e88f110167e6634081ae052759c63b28f806fb362f,2025-02,South Yorkshire Police,South Yorkshire Police,-1.368897,53.429969,On or near Station Road,E01007716,Rotherham 016B,Violence and sexual offences,Awaiting court outcome,
6357e4d4dc32b8bc30aba949895dbfb6fd70a4650a2d5ec54b82fa27b348aa1f,2025-02,South Yorkshire Police,South Yorkshire Police,-1.368050,53.434342,On or near Walter Street,E01007716,Rotherham 016B,Violence and sexual offences,Unable to prosecute suspect,
a0bf2cd9c418a5bdb1c8d5114782a622580ac38ba9cb49efb5659ef90e22845c,2025-02,South Yorkshire Police,South Yorkshire Police,-1.368050,53.434342,On or near Walter Street,E01007716,Rotherham 016B,Violence and sexual offences,Unable to prosecute suspect,
7c1328ea75a37e7bc65137a50d7af1143f5b318908f3c0735989693142fc925b,2025-02,South Yorkshire Police,South Yorkshire Police,-1.367601,53.429090,On or near Providence Street,E01007716,Rotherham 016B,Violence and sexual offences,Unable to prosecute suspect,
369903ea7007688efeeaeafbdc305e72607d29a3d349c2ed2c1cdaf50ebe613d,2025-02,South Yorkshire Police,South Yorkshire Police,-1.370686,53.431111,On or near Princes Street,E01007716,Rotherham 016B,Violence and sexual offences,Status update unavailable,
6ae3b5e4c471ae5c3448d4b290fd2b9a6555b60370a97ee7987b306730f8bf8c,2025-02,South Yorkshire Police,South Yorkshire Police,-1.366364,53.431258,On or near Vine Close,E01007716,Rotherham 016B,Violence and sexual offences,Status update unavailable,
04a70a9c1bcbd791f32aac522cf57b3964b4f7bdabb1ad1651e0e400d39ab1ba,2025-02,South Yorkshire Police,South Yorkshire Police,-1.370686,53.431111,On or near Princes Street,E01007716,Rotherham 016B,Violence and sexual offences,Unable to prosecute suspect,
42b7fd894eadf46a075ecf2b88e02789c6d84fed36aecc426ed2ad9d5ba262e6,2025-02,South Yorkshire Police,South Yorkshire Police,-1.368556,53.430677,On or near Albert Street,E01007716,Rotherham 016B,Violence and sexual offences,Unable to prosecute suspect,
cdb530500ec9b4ebb0ab7e3bbe88c635f4d581e6a45fe500a20923f2dfc9ffca,2025-02,South Yorkshire Police,South Yorkshire Police,-1.368897,53.429969,On or near Station Road,E01007716,Rotherham 016B,Violence and sexual offences,Status update unavailable,
83cc86ef1166bfcffbb48f98eadfdbdd423701055bf001b0553b85d24bcd89b4,2025-02,South Yorkshire Police,South Yorkshire Police,-1.369713,53.430764,On or near Robert Street,E01007716,Rotherham 016B,Other crime,Unable to prosecute suspect,
6a0d985d804bfdf5d6c267792dacd8252c44d0b961a97c70f4b6711fbd410468,2025-02,South Yorkshire Police,South Yorkshire Police,-1.369552,53.430439,On or near Victoria Street,E01007716,Rotherham 016B,Other crime,Investigation complete; no suspect identified,
,2025-02,South Yorkshire Police,South Yorkshire Police,-1.382178,53.437840,On or near Fenton Croft,E01007717,Rotherham 016C,Anti-social behaviour,,
e2bddb5f42f7aeb1373fbcb134e33366ae9c425f1877cf1cf3cf20f40e9952ca,2025-02,South Yorkshire Police,South Yorkshire Police,-1.386733,53.434061,On or near Bradgate Lane,E01007717,Rotherham 016C,Burglary,Investigation complete; no suspect identified,
25a2925cd87ac477eef5accac7d9b3c144a264b47864219370b644ffe5b33c28,2025-02,South Yorkshire Police,South Yorkshire Police,-1.385688,53.434523,On or near Parking Area,E01007717,Rotherham 016C,Criminal damage and arson,Investigation complete; no suspect identified,
e027cbdbcbc5420253b616b80e06de37eb86f362e2398689559c1c80a90418be,2025-02,South Yorkshire Police,South Yorkshire Police,-1.375996,53.435435,On or near Henley Rise,E01007717,Rotherham 016C,Criminal damage and arson,Investigation complete; no suspect identified,
e2904aa9905df44f9daeaab1a53ecd45accf18b383e67e58d7c9927725970489,2025-02,South Yorkshire Police,South Yorkshire Police,-1.376810,53.434343,On or near Oates Street,E01007717,Rotherham 016C,Criminal damage and arson,Investigation complete; no suspect identified,
eeb4a3051735979ea0b923d093ab1d9534f64593a221bb4ae4688daa9741ea6c,2025-02,South Yorkshire Police,South Yorkshire Police,-1.376482,53.435141,On or near Mount Street,E01007717,Rotherham 016C,Criminal damage and arson,Awaiting court outcome,
2c11d59f71a16d343757832e29af867314cc4e002b3db43980c01aab16e07791,2025-02,South Yorkshire Police,South Yorkshire Police,-1.376482,53.435141,On or near Mount Street,E01007717,Rotherham 016C,Criminal damage and arson,Investigation complete; no suspect identified,
0da1a27ba894408396f6a79df86b4d7580c133a2fb8f6d6e4d7669f4aeaf0ba8,2025-02,South Yorkshire Police,South Yorkshire Police,-1.383650,53.431798,On or near Cross Street,E01007717,Rotherham 016C,Drugs,Investigation complete; no suspect identified,
66755ea8147359c4c841881c90d62410f477a8bf318f0828fea2737333cb4206,2025-02,South Yorkshire Police,South Yorkshire Police,-1.378717,53.435683,On or near Dovercourt Road,E01007717,Rotherham 016C,Drugs,Status update unavailable,
6729c764062ca09950f39c4c34fabbe3f706d4312f782bce3b860801e33350c8,2025-02,South Yorkshire Police,South Yorkshire Police,-1.377128,53.437310,On or near Andrews Place,E01007717,Rotherham 016C,Drugs,Investigation complete; no suspect identified,
c11f45fb39100c53bb2bf6a398613583a0cfa4121386656f7cc0c2f8ec4dd9e1,2025-02,South Yorkshire Police,South Yorkshire Police,-1.382421,53.432520,On or near Wilton Court,E01007717,Rotherham 016C,Public order,Investigation complete; no suspect identified,
b5506a863a6093fbeeafd3d698aba40e8f5f1a159ed3f92f9ccb4eeb679e2cab,2025-02,South Yorkshire Police,South Yorkshire Police,-1.382157,53.435170,On or near Petrol Station,E01007717,Rotherham 016C,Public order,Awaiting court outcome,
99bc9fe6262450d8d89256a50034784c3005d0b39009f45df3dcc84a3e5e6ec3,2025-02,South Yorkshire Police,South Yorkshire Police,-1.386733,53.434061,On or near Bradgate Lane,E01007717,Rotherham 016C,Public order,Investigation complete; no suspect identified,
eebc645dfb2649cceed31ed9f6f55dac5d382b4f9a6efdffe008143f53fb7799,2025-02,South Yorkshire Police,South Yorkshire Police,-1.378071,53.436614,On or near Copley Place,E01007717,Rotherham 016C,Violence and sexual offences,Unable to prosecute suspect,
582d2eb3c50c0a28861566f2ebb79a94063dd33882171a36635338748f23e09b,2025-02,South Yorkshire Police,South Yorkshire Police,-1.384647,53.432639,On or near Charnwood Grove,E01007717,Rotherham 016C,Violence and sexual offences,Unable to prosecute suspect,
41ed77647b48ce0db0f9b116cebf1459454da3ca1481b233b5d1a59bf945bf50,2025-02,South Yorkshire Police,South Yorkshire Police,-1.381692,53.439195,On or near Fenton Fields,E01007717,Rotherham 016C,Violence and sexual offences,Unable to prosecute suspect,
c5c4ab564de642c87ca72cd2ff1ae8707a7fdeb2640c42a9acb029f486b23256,2025-02,South Yorkshire Police,South Yorkshire Police,-1.375996,53.435435,On or near Henley Rise,E01007717,Rotherham 016C,Violence and sexual offences,Unable to prosecute suspect,
d5f4696c2bda1b1119abff120a5e9c2b905a192fd2015833cdcb3878dc8661a3,2025-02,South Yorkshire Police,South Yorkshire Police,-1.376482,53.435141,On or near Mount Street,E01007717,Rotherham 016C,Violence and sexual offences,Unable to prosecute suspect,
85fde90336774e10974620e0096af34d9e6db379234318a00a73d155eb09108d,2025-02,South Yorkshire Police,South Yorkshire Police,-1.378563,53.435952,On or near Avon Mount,E01007717,Rotherham 016C,Violence and sexual offences,Awaiting court outcome,
42081861327f639c43c1f4fb284df023edce3e3dc09135f826795e8ea1b81643,2025-02,South Yorkshire Police,South Yorkshire Police,-1.384647,53.432639,On or near Charnwood Grove,E01007717,Rotherham 016C,Violence and sexual offences,Unable to prosecute suspect,
95ac492be6bda1bd22a2d3f7936b9acdb25fc01f6d871d8b349ec607ca103d8d,2025-02,South Yorkshire Police,South Yorkshire Police,-1.380393,53.435359,On or near Colwick Grove,E01007717,Rotherham 016C,Violence and sexual offences,Unable to prosecute suspect,
e16d74f8d68d93d01df123ad2345ec3de79461e17b7d5e67e6bf307161da4dd0,2025-02,South Yorkshire Police,South Yorkshire Police,-1.384647,53.432639,On or near Charnwood Grove,E01007717,Rotherham 016C,Violence and sexual offences,Unable to prosecute suspect,
9cfa74dc64eeda7defb151ffe6c8008d23403cfc8ed86e2e06adc2db3b05d6d1,2025-02,South Yorkshire Police,South Yorkshire Police,-1.377124,53.435522,On or near Avondale Road,E01007717,Rotherham 016C,Violence and sexual offences,Unable to prosecute suspect,
52a8c70eab74e45974b90666976b90667f67ec94c6007181174a6b1725b3990f,2025-02,South Yorkshire Police,South Yorkshire Police,-1.384647,53.432639,On or near Charnwood Grove,E01007717,Rotherham 016C,Violence and sexual offences,Unable to prosecute suspect,
647533f10eaa8eb6e49f195b2bba58306f122c6d79623d71bdce7d3ba1962e77,2025-02,South Yorkshire Police,South Yorkshire Police,-1.380393,53.435359,On or near Colwick Grove,E01007717,Rotherham 016C,Violence and sexual offences,Status update unavailable,
a03088129ac521845b7c512beac55948c111597254aed8e246ea328b92bf46dd,2025-02,South Yorkshire Police,South Yorkshire Police,-1.382421,53.432520,On or near Wilton Court,E01007717,Rotherham 016C,Violence and sexual offences,Unable to prosecute suspect,
8b20f04a7bfb63e9a51275d45d8e54c71b8a059e65e0fa777026dc412802c11e,2025-02,South Yorkshire Police,South Yorkshire Police,-1.382421,53.432520,On or near Wilton Court,E01007717,Rotherham 016C,Violence and sexual offences,Unable to prosecute suspect,
06a481f128c1e9c1b6d59dcb37a3001ecdc56f5a0ff0cd9351bcc3eb2bb80685,2025-02,South Yorkshire Police,South Yorkshire Police,-1.384647,53.432639,On or near Charnwood Grove,E01007717,Rotherham 016C,Violence and sexual offences,Unable to prosecute suspect,
1dcc5970c5a4bd0f87a17eeb637f62b8f30fd7bd255cf54888054d10e5d29329,2025-02,South Yorkshire Police,South Yorkshire Police,-1.382421,53.432520,On or near Wilton Court,E01007717,Rotherham 016C,Violence and sexual offences,Unable to prosecute suspect,
016b6ed687cac8861a58980c28f8341cba6ffe06981e81665bb7f03146170e57,2025-02,South Yorkshire Police,South Yorkshire Police,-1.382421,53.432520,On or near Wilton Court,E01007717,Rotherham 016C,Violence and sexual offences,Unable to prosecute suspect,
81d96baf6e1a7ebf6008190c86ec2a32f85557b56e6b86726d5f7c3b012dff2e,2025-02,South Yorkshire Police,South Yorkshire Police,-1.382421,53.432520,On or near Wilton Court,E01007717,Rotherham 016C,Violence and sexual offences,Unable to prosecute suspect,
,2025-02,South Yorkshire Police,South Yorkshire Police,-1.380732,53.428565,On or near Hartington Close,E01007718,Rotherham 016D,Anti-social behaviour,,
df31ea331ff4a881842364d589c4a56830dfe6e559295085413a24e807a8bd70,2025-02,South Yorkshire Police,South Yorkshire Police,-1.391933,53.429351,On or near Deepdale Road,E01007718,Rotherham 016D,Criminal damage and arson,Unable to prosecute suspect,
1e5b349a12596f4c1e5aaaa55cd5d487605e416ea3fe8eec6065c508c371733e,2025-02,South Yorkshire Police,South Yorkshire Police,-1.380732,53.428565,On or near Hartington Close,E01007718,Rotherham 016D,Criminal damage and arson,Investigation complete; no suspect identified,
34da191db2886840975e7b215a77aebe05d14ffa87ad58b3c210138ff6371871,2025-02,South Yorkshire Police,South Yorkshire Police,-1.384356,53.430867,On or near Clara Place,E01007718,Rotherham 016D,Criminal damage and arson,Unable to prosecute suspect,
cd459abba860c0ec8bc07daf8dcfa5d0125a9defde81684dc51f98b02fb6e427,2025-02,South Yorkshire Police,South Yorkshire Police,-1.380732,53.428565,On or near Hartington Close,E01007718,Rotherham 016D,Criminal damage and arson,Investigation complete; no suspect identified,
4eed14711b49734627bdf3e489eca3a47c765e347a1a96ce410b69bc1be9e989,2025-02,South Yorkshire Police,South Yorkshire Police,-1.386232,53.431263,On or near Upper Clara Street,E01007718,Rotherham 016D,Other theft,Investigation complete; no suspect identified,
2b15221d5cc55302df0fd25f5fe35136413aa84d31ed2c3934e7b3980836546b,2025-02,South Yorkshire Police,South Yorkshire Police,-1.377816,53.422132,On or near Bessemer Way,E01007718,Rotherham 016D,Other theft,Investigation complete; no suspect identified,
c8d2456463b2910240662c305909d6f930abeaf59570da0e436140cb08e857fe,2025-02,South Yorkshire Police,South Yorkshire Police,-1.386232,53.431263,On or near Upper Clara Street,E01007718,Rotherham 016D,Public order,Investigation complete; no suspect identified,
fefa13e72b5a8dc7b19550663d41f6e46ac641f04f8b6511cd20ec4b1cd83825,2025-02,South Yorkshire Police,South Yorkshire Police,-1.386232,53.431263,On or near Upper Clara Street,E01007718,Rotherham 016D,Public order,Unable to prosecute suspect,
66d469964f2da67f70e5c0008ccee74de42eb1d2f31e6b79b7f014b37a64526f,2025-02,South Yorkshire Police,South Yorkshire Police,-1.390997,53.428519,On or near Edale Road,E01007718,Rotherham 016D,Vehicle crime,Investigation complete; no suspect identified,
b5245d60bb79d386a1904143b24106269738d8050ae1e4d24673d0547533ad96,2025-02,South Yorkshire Police,South Yorkshire Police,-1.395889,53.426315,On or near Meadow Bank Road,E01007718,Rotherham 016D,Violence and sexual offences,Awaiting court outcome,
b68e9e025cc3fe6768074f0ed84c570fb506aac4733e703cb68372af723fdf5e,2025-02,South Yorkshire Police,South Yorkshire Police,-1.380732,53.428565,On or near Hartington Close,E01007718,Rotherham 016D,Violence and sexual offences,Investigation complete; no suspect identified,
b0406b8f3876d7dcdc84de378559e1611e4c0f8692e4ad663ceffa0917feee4e,2025-02,South Yorkshire Police,South Yorkshire Police,-1.386232,53.431263,On or near Upper Clara Street,E01007718,Rotherham 016D,Violence and sexual offences,Investigation complete; no suspect identified,
cd926fd446dd405b060a373c99cb3a1313f572df7fc7182bf09213545646b1e1,2025-02,South Yorkshire Police,South Yorkshire Police,-1.380732,53.428565,On or near Hartington Close,E01007718,Rotherham 016D,Violence and sexual offences,Investigation complete; no suspect identified,
e2c358be19c8b7548983eb83608f1e421020a6690f400ea9f46911fb9bf83d5a,2025-02,South Yorkshire Police,South Yorkshire Police,-1.393633,53.427310,On or near Jordan Crescent,E01007718,Rotherham 016D,Violence and sexual offences,Unable to prosecute suspect,
4fe433b68221a206dedf97e6840338ec260e2e0ecfe2dc50142207666758804d,2025-02,South Yorkshire Police,South Yorkshire Police,-1.386232,53.431263,On or near Upper Clara Street,E01007718,Rotherham 016D,Violence and sexual offences,Awaiting court outcome,
79b3b24ffdfd2215f8c4080122c9e6db3f043e4d5f2afa6cb14277d6b6605d21,2025-02,South Yorkshire Police,South Yorkshire Police,-1.386232,53.431263,On or near Upper Clara Street,E01007718,Rotherham 016D,Violence and sexual offences,Status update unavailable,
,2025-02,South Yorkshire Police,South Yorkshire Police,-1.354364,53.425594,On or near Nightingale Close,E01007677,Rotherham 017A,Anti-social behaviour,,
,2025-02,South Yorkshire Police,South Yorkshire Police,-1.357052,53.425016,On or near The Maltings,E01007677,Rotherham 017A,Anti-social behaviour,,
,2025-02,South Yorkshire Police,South Yorkshire Police,-1.357052,53.425016,On or near The Maltings,E01007677,Rotherham 017A,Anti-social behaviour,,
73f09c60c933788fb54bc4efb0a001ad5dcf2575ac34566a5804e950e87f064e,2025-02,South Yorkshire Police,South Yorkshire Police,-1.358172,53.423601,On or near Mill Street,E01007677,Rotherham 017A,Bicycle theft,Unable to prosecute suspect,
064e2ce81c4b58481990bd6504658ac1484af0c7a395fa2c4f5d3226e0cd3886,2025-02,South Yorkshire Police,South Yorkshire Police,-1.349768,53.423026,On or near Hall Road,E01007677,Rotherham 017A,Burglary,Investigation complete; no suspect identified,
1b2a55362003a9474830cfa643e1e46f4df5f8d628899f92907deacd922d75a4,2025-02,South Yorkshire Police,South Yorkshire Police,-1.358694,53.421869,On or near Robinson Street,E01007677,Rotherham 017A,Criminal damage and arson,Investigation complete; no suspect identified,
444f8c6921ea9a025ee1a129f6a2f05324bf471af0166319aa58ad4391be7084,2025-02,South Yorkshire Police,South Yorkshire Police,-1.358694,53.421869,On or near Robinson Street,E01007677,Rotherham 017A,Other theft,Investigation complete; no suspect identified,
f86fa1b2862c3ee11ab3bfa6cf0f932aa1dc4340c270423471203ee89628ce93,2025-02,South Yorkshire Police,South Yorkshire Police,-1.360393,53.419982,On or near Canklow Road,E01007677,Rotherham 017A,Other theft,Investigation complete; no suspect identified,
e1817077a2f4de2971a773bf3170c85e41153185cc32346246cb2f6890240597,2025-02,South Yorkshire Police,South Yorkshire Police,-1.358694,53.421869,On or near Robinson Street,E01007677,Rotherham 017A,Possession of weapons,Investigation complete; no suspect identified,
4e6f544ebc295ab337a2c159ed255f70080e4466fcd3654703530238cb5e3143,2025-02,South Yorkshire Police,South Yorkshire Police,-1.359263,53.420084,On or near Jubilee Street,E01007677,Rotherham 017A,Public order,Unable to prosecute suspect,
62a6667b901f6ce472b4dea1e5e6c0db32dcd9ad34daaf13d430a7b334ff515f,2025-02,South Yorkshire Police,South Yorkshire Police,-1.360393,53.419982,On or near Canklow Road,E01007677,Rotherham 017A,Violence and sexual offences,Unable to prosecute suspect,
80afd610dd97e531cec9a80031d3b3941874aa37fa6e5b3b0ad92f62242e57d6,2025-02,South Yorkshire Police,South Yorkshire Police,-1.360393,53.419982,On or near Canklow Road,E01007677,Rotherham 017A,Violence and sexual offences,Action to be taken by another organisation,
d090331aef1d86f274f3dabf7e6c613b66d958b9ba5dea3acc2bacf86c109ae6,2025-02,South Yorkshire Police,South Yorkshire Police,-1.360393,53.419982,On or near Canklow Road,E01007677,Rotherham 017A,Violence and sexual offences,Action to be taken by another organisation,
8ad2f0a25d4034ef0c48e63310232215d7f2e1275cadf86602963f9376123655,2025-02,South Yorkshire Police,South Yorkshire Police,-1.357052,53.425016,On or near The Maltings,E01007677,Rotherham 017A,Violence and sexual offences,Unable to prosecute suspect,
6bf011280fb1e4dde022c8dc924f10dbabe76f35edf6ef35c0d3865bad93e013,2025-02,South Yorkshire Police,South Yorkshire Police,-1.360016,53.418038,On or near Castle Avenue,E01007677,Rotherham 017A,Other crime,Investigation complete; no suspect identified,
,2025-02,South Yorkshire Police,South Yorkshire Police,-1.353592,53.433833,On or near Supermarket,E01007714,Rotherham 017B,Anti-social behaviour,,
,2025-02,South Yorkshire Police,South Yorkshire Police,-1.357098,53.431910,On or near Bridgegate,E01007714,Rotherham 017B,Anti-social behaviour,,
,2025-02,South Yorkshire Police,South Yorkshire Police,-1.353592,53.433833,On or near Supermarket,E01007714,Rotherham 017B,Anti-social behaviour,,
,2025-02,South Yorkshire Police,South Yorkshire Police,-1.355277,53.430929,On or near Vicarage Lane,E01007714,Rotherham 017B,Anti-social behaviour,,
,2025-02,South Yorkshire Police,South Yorkshire Police,-1.353592,53.433833,On or near Supermarket,E01007714,Rotherham 017B,Anti-social behaviour,,
,2025-02,South Yorkshire Police,South Yorkshire Police,-1.357470,53.430222,On or near Market Place,E01007714,Rotherham 017B,Anti-social behaviour,,
,2025-02,South Yorkshire Police,South Yorkshire Police,-1.358392,53.429949,On or near Domine Lane,E01007714,Rotherham 017B,Anti-social behaviour,,
,2025-02,South Yorkshire Police,South Yorkshire Police,-1.357236,53.428747,On or near Unity Place,E01007714,Rotherham 017B,Anti-social behaviour,,
,2025-02,South Yorkshire Police,South Yorkshire Police,-1.353592,53.433833,On or near Supermarket,E01007714,Rotherham 017B,Anti-social behaviour,,
,2025-02,South Yorkshire Police,South Yorkshire Police,-1.355277,53.430929,On or near Vicarage Lane,E01007714,Rotherham 017B,Anti-social behaviour,,
,2025-02,South Yorkshire Police,South Yorkshire Police,-1.353592,53.433833,On or near Supermarket,E01007714,Rotherham 017B,Anti-social behaviour,,
,2025-02,South Yorkshire Police,South Yorkshire Police,-1.353592,53.433833,On or near Supermarket,E01007714,Rotherham 017B,Anti-social behaviour,,
,2025-02,South Yorkshire Police,South Yorkshire Police,-1.354367,53.432354,On or near Shopping Area,E01007714,Rotherham 017B,Anti-social behaviour,,
,2025-02,South Yorkshire Police,South Yorkshire Police,-1.358392,53.429949,On or near Domine Lane,E01007714,Rotherham 017B,Anti-social behaviour,,
,2025-02,South Yorkshire Police,South Yorkshire Police,-1.354146,53.433054,On or near Henry Street,E01007714,Rotherham 017B,Anti-social behaviour,,
,2025-02,South Yorkshire Police,South Yorkshire Police,-1.357098,53.431910,On or near Bridgegate,E01007714,Rotherham 017B,Anti-social behaviour,,
,2025-02,South Yorkshire Police,South Yorkshire Police,-1.355277,53.430929,On or near Vicarage Lane,E01007714,Rotherham 017B,Anti-social behaviour,,
,2025-02,South Yorkshire Police,South Yorkshire Police,-1.357098,53.431910,On or near Bridgegate,E01007714,Rotherham 017B,Anti-social behaviour,,
,2025-02,South Yorkshire Police,South Yorkshire Police,-1.355908,53.428012,On or near Down'S Row,E01007714,Rotherham 017B,Anti-social behaviour,,
,2025-02,South Yorkshire Police,South Yorkshire Police,-1.352099,53.433070,On or near Parking Area,E01007714,Rotherham 017B,Anti-social behaviour,,
,2025-02,South Yorkshire Police,South Yorkshire Police,-1.354146,53.433054,On or near Henry Street,E01007714,Rotherham 017B,Anti-social behaviour,,
,2025-02,South Yorkshire Police,South Yorkshire Police,-1.351757,53.435746,On or near Shaftesbury Square,E01007714,Rotherham 017B,Anti-social behaviour,,
,2025-02,South Yorkshire Police,South Yorkshire Police,-1.353592,53.433833,On or near Supermarket,E01007714,Rotherham 017B,Anti-social behaviour,,
,2025-02,South Yorkshire Police,South Yorkshire Police,-1.355277,53.430929,On or near Vicarage Lane,E01007714,Rotherham 017B,Anti-social behaviour,,
25773fe2678534d4ea1b8d53b895c467e233b947e1abab154d89217df271b01b,2025-02,South Yorkshire Police,South Yorkshire Police,-1.355205,53.428691,On or near The Crofts,E01007714,Rotherham 017B,Burglary,Investigation complete; no suspect identified,
9c22366c794a0ce4467aec8ee15785ccdf8011a3cca25496ebfc22a030c3dcc7,2025-02,South Yorkshire Police,South Yorkshire Police,-1.358342,53.430290,On or near Market Street,E01007714,Rotherham 017B,Burglary,Investigation complete; no suspect identified,
9180a866329d6f762a4d8f5ee890b733d51f777cb97b6e4e38bfa404f8e02eff,2025-02,South Yorkshire Police,South Yorkshire Police,-1.356699,53.429436,On or near Ship Hill,E01007714,Rotherham 017B,Burglary,Unable to prosecute suspect,
2cc49e77d9174787799748a2dedcfda5ac709ae3cf388a2b7d4e3e6b5591cc66,2025-02,South Yorkshire Police,South Yorkshire Police,-1.354023,53.429260,On or near Parking Area,E01007714,Rotherham 017B,Burglary,Investigation complete; no suspect identified,
e2c63eb91afb2e820996903511543abaafab6b1d8b2398a746bda5f930fd5bdf,2025-02,South Yorkshire Police,South Yorkshire Police,-1.358392,53.429949,On or near Domine Lane,E01007714,Rotherham 017B,Burglary,Investigation complete; no suspect identified,
5d0a0540f7a48c7faed0ed827641fb732bbcc589401462bb5f2814fa5096123f,2025-02,South Yorkshire Police,South Yorkshire Police,-1.365449,53.432099,On or near College Road,E01007714,Rotherham 017B,Burglary,Awaiting court outcome,
26fdde77dbada81c5a63ecc85359cda3a55e6c47de524a23bb7ef01162ea6693,2025-02,South Yorkshire Police,South Yorkshire Police,-1.351980,53.433941,On or near Nottingham Street,E01007714,Rotherham 017B,Burglary,Investigation complete; no suspect identified,
b5e4c6ab2e275899f8b4ad34ca008fd723cb8bdd6c3308ac3e2c91f8d57c8fb5,2025-02,South Yorkshire Police,South Yorkshire Police,-1.354633,53.431690,On or near College Lane,E01007714,Rotherham 017B,Burglary,Local resolution,
c1c220437defaf9458bcd8e0824be8798b8a2e65c59f88a6b3f128e601a277f8,2025-02,South Yorkshire Police,South Yorkshire Police,-1.365449,53.432099,On or near College Road,E01007714,Rotherham 017B,Burglary,Unable to prosecute suspect,
eae27e2fd30aaea2e6dd417bc7fbdaf47b5f806b72ac759c2c196f0709f63700,2025-02,South Yorkshire Police,South Yorkshire Police,-1.353592,53.433833,On or near Supermarket,E01007714,Rotherham 017B,Burglary,Awaiting court outcome,
8d4ed0598db22b7fe82f8c6f226ff1bb4cdaa533222e3676cb0eed155cc60310,2025-02,South Yorkshire Police,South Yorkshire Police,-1.357098,53.431910,On or near Bridgegate,E01007714,Rotherham 017B,Criminal damage and arson,Investigation complete; no suspect identified,
64d06eb1d88b2b70585d05c0114d6515196716808612ce6ac81fddbdbec5ada2,2025-02,South Yorkshire Police,South Yorkshire Police,-1.357892,53.431195,On or near Corporation Street,E01007714,Rotherham 017B,Criminal damage and arson,Investigation complete; no suspect identified,
9730397d13a1477c5fbd19069cf109c9f2806b7b1ab0c37287c7735d132c8dac,2025-02,South Yorkshire Police,South Yorkshire Police,-1.357892,53.431195,On or near Corporation Street,E01007714,Rotherham 017B,Criminal damage and arson,Awaiting court outcome,
ff4cb3864661d311bb65acd657267304d3adbab3a94957a408850fc50f2916a9,2025-02,South Yorkshire Police,South Yorkshire Police,-1.353232,53.430766,On or near Doncaster Gate,E01007714,Rotherham 017B,Criminal damage and arson,Investigation complete; no suspect identified,
8c078a6262616d4616e51431a9e2f8c900e7d609a3868e02c84c11a38cf19a11,2025-02,South Yorkshire Police,South Yorkshire Police,-1.357892,53.431195,On or near Corporation Street,E01007714,Rotherham 017B,Drugs,Local resolution,
c96ef32d5742cbef9c3841d7f0e123554aa3739f6f20b118602ce26f4957824f,2025-02,South Yorkshire Police,South Yorkshire Police,-1.356699,53.429436,On or near Ship Hill,E01007714,Rotherham 017B,Drugs,Unable to prosecute suspect,
5dc4b41e2f1cd7c6e560d674e33b906caac6f53c480f661b00faf8581193e2d5,2025-02,South Yorkshire Police,South Yorkshire Police,-1.365449,53.432099,On or near College Road,E01007714,Rotherham 017B,Drugs,Awaiting court outcome,
dab72a2c526de4a02e7df9ef751533163e3867913221dc96eb425d8c4247acfa,2025-02,South Yorkshire Police,South Yorkshire Police,-1.355205,53.428691,On or near The Crofts,E01007714,Rotherham 017B,Drugs,Offender given a caution,
b4e8d73c8e71fe91ccfa3fe61a87e7d9a53e8a4e2957f7eafda4da64ec83d9d1,2025-02,South Yorkshire Police,South Yorkshire Police,-1.355277,53.430929,On or near Vicarage Lane,E01007714,Rotherham 017B,Drugs,Local resolution,
94843bdbb978045a68214069db4c520961b6de5f743f674a4d07c13e97ebf05e,2025-02,South Yorkshire Police,South Yorkshire Police,-1.353232,53.430766,On or near Doncaster Gate,E01007714,Rotherham 017B,Drugs,Investigation complete; no suspect identified,
c99e0dfa06f6fe38c9e9f82749670cc8f6a691b31f211ad93536f2e4b1c30b44,2025-02,South Yorkshire Police,South Yorkshire Police,-1.357098,53.431910,On or near Bridgegate,E01007714,Rotherham 017B,Other theft,Investigation complete; no suspect identified,
f9d17f4a6f9ad0d56d32ac41ab01cf7b1b5ae68ca4d5bb8c3b9cddec61619bef,2025-02,South Yorkshire Police,South Yorkshire Police,-1.358392,53.429949,On or near Domine Lane,E01007714,Rotherham 017B,Other theft,Investigation complete; no suspect identified,
1e9d1366b48f1bb8785350b5eecb3640d18453163158d3db97394daf9e132887,2025-02,South Yorkshire Police,South Yorkshire Police,-1.357881,53.425883,On or near Chapel Lane,E01007714,Rotherham 017B,Other theft,Investigation complete; no suspect identified,
391f5271dba32496fe404bef09061788cc45e6780ca2798376467bd3601aaf7b,2025-02,South Yorkshire Police,South Yorkshire Police,-1.357057,53.430669,On or near Church Street,E01007714,Rotherham 017B,Other theft,Investigation complete; no suspect identified,
bf4939796278ca5198f50c15bfb415377d5b49dae27a11b1cf1001450ae944d8,2025-02,South Yorkshire Police,South Yorkshire Police,-1.353542,53.428188,On or near Mansfield Road,E01007714,Rotherham 017B,Other theft,Unable to prosecute suspect,
0eacdc3a3c73a955af3a5a4411747bec2c2e2f93bd37fedcedabb60a2bea39d3,2025-02,South Yorkshire Police,South Yorkshire Police,-1.356699,53.429436,On or near Ship Hill,E01007714,Rotherham 017B,Other theft,Investigation complete; no suspect identified,
99bada94d5fec35213e54605f532d76488c4d84819ca3815c88c8de915c9e99a,2025-02,South Yorkshire Police,South Yorkshire Police,-1.353232,53.430766,On or near Doncaster Gate,E01007714,Rotherham 017B,Other theft,Unable to prosecute suspect,
82d8d79c08e0dd513aa24341a77383a05b92f2c161da824b27af9acce101a7da,2025-02,South Yorkshire Police,South Yorkshire Police,-1.349616,53.432013,On or near Walker Lane,E01007714,Rotherham 017B,Other theft,Investigation complete; no suspect identified,
adebe516c0a987d34095378c8c07da79f3d7c1bbd7442fe5a751d6285713f449,2025-02,South Yorkshire Police,South Yorkshire Police,-1.358632,53.428035,On or near Parking Area,E01007714,Rotherham 017B,Other theft,Investigation complete; no suspect identified,
18007d10f7ba7978badd72e21dcf0faafa1075c98e1806efb29f4c8424d77083,2025-02,South Yorkshire Police,South Yorkshire Police,-1.355103,53.437427,On or near Rawmarsh Road,E01007714,Rotherham 017B,Other theft,Unable to prosecute suspect,
391a6ed4cd9ae9d07a9c37895c8171a58ea237fc813bc5c8e1096def9b52b70f,2025-02,South Yorkshire Police,South Yorkshire Police,-1.352710,53.427536,On or near Whybourne Grove,E01007714,Rotherham 017B,Other theft,Investigation complete; no suspect identified,
64d0443ce036752d787843fd9f0a9c45ed67089295496fdf8b80f6cd15b74a1d,2025-02,South Yorkshire Police,South Yorkshire Police,-1.353232,53.430766,On or near Doncaster Gate,E01007714,Rotherham 017B,Other theft,Investigation complete; no suspect identified,
9e2956566e37d027817d22286184a1df075bc25019ed267339dab6fbb8a5395c,2025-02,South Yorkshire Police,South Yorkshire Police,-1.354146,53.433054,On or near Henry Street,E01007714,Rotherham 017B,Possession of weapons,Unable to prosecute suspect,
11238f285ac6fa3beafce3c8d84dcee7fdc5bb4785b6f0ad9b4c845a327c519e,2025-02,South Yorkshire Police,South Yorkshire Police,-1.365449,53.432099,On or near College Road,E01007714,Rotherham 017B,Possession of weapons,Awaiting court outcome,
2ee6c5e62c3e12785fb48eff084bba557c9270a25a56b18bf55e7eeb27704c78,2025-02,South Yorkshire Police,South Yorkshire Police,-1.355277,53.430929,On or near Vicarage Lane,E01007714,Rotherham 017B,Possession of weapons,Unable to prosecute suspect,
7bf3b5eed119d3ce72cdacedd32d7b5124d16f1918b9cf3be3a645160eb1b7a6,2025-02,South Yorkshire Police,South Yorkshire Police,-1.353592,53.433833,On or near Supermarket,E01007714,Rotherham 017B,Possession of weapons,Awaiting court outcome,
70104ff3f2d3712dd68c974276a7ad014996905b4bc161354a2bf6578d41dcdc,2025-02,South Yorkshire Police,South Yorkshire Police,-1.365449,53.432099,On or near College Road,E01007714,Rotherham 017B,Possession of weapons,Unable to prosecute suspect,
b41c470ae45a6497c5cbb4007948a41b6eca955b3cd7b75aed02fd93134fa2c8,2025-02,South Yorkshire Police,South Yorkshire Police,-1.357851,53.426907,On or near Coke Lane,E01007714,Rotherham 017B,Possession of weapons,Awaiting court outcome,
2831b8022fbc70f71f9251cedcfce1ef2bcef6683f656c5ee59f751e2588db45,2025-02,South Yorkshire Police,South Yorkshire Police,-1.355928,53.428686,On or near Moorgate Street,E01007714,Rotherham 017B,Public order,Unable to prosecute suspect,
0d6214bf6367c0dcdfdf3ba6f4fad242e6daaa404b94f0df9f7b04f77a135f34,2025-02,South Yorkshire Police,South Yorkshire Police,-1.354146,53.433054,On or near Henry Street,E01007714,Rotherham 017B,Public order,Unable to prosecute suspect,
ed588fd35a672bba5226c8883d81927c0c7555e458ad8d3b5936ef47c92fd69a,2025-02,South Yorkshire Police,South Yorkshire Police,-1.354146,53.433054,On or near Henry Street,E01007714,Rotherham 017B,Public order,Unable to prosecute suspect,
b0be1d78430044c09bb5cb0318de2cd1b84c01c6ab17dcfe62b0765dc35b431f,2025-02,South Yorkshire Police,South Yorkshire Police,-1.357881,53.425883,On or near Chapel Lane,E01007714,Rotherham 017B,Public order,Awaiting court outcome,
a00c834462a912d325b8ea8d016207800ee3be6455f77dc10dd0a05fa5bc8200,2025-02,South Yorkshire Police,South Yorkshire Police,-1.354146,53.433054,On or near Henry Street,E01007714,Rotherham 017B,Public order,Investigation complete; no suspect identified,
281360d3f3bebe557c17fe5c2c174160328aa45ea1483822fe96e262aa20a8e5,2025-02,South Yorkshire Police,South Yorkshire Police,-1.354023,53.429260,On or near Parking Area,E01007714,Rotherham 017B,Public order,Unable to prosecute suspect,
056d96d472969d1c5e630290c062c925416f888e8836f14f232df6eff094a15d,2025-02,South Yorkshire Police,South Yorkshire Police,-1.357881,53.425883,On or near Chapel Lane,E01007714,Rotherham 017B,Public order,Unable to prosecute suspect,
8831823e1d4bed13516f8f8fbff6841bd65537f4f9e3c842ed6426b12d0eb5a4,2025-02,South Yorkshire Police,South Yorkshire Police,-1.358632,53.428035,On or near Parking Area,E01007714,Rotherham 017B,Public order,Unable to prosecute suspect,
a4c2d9e4d7b335fa4d1d820fdd9610180453a21a33503e3594e6b90b80232036,2025-02,South Yorkshire Police,South Yorkshire Police,-1.355277,53.430929,On or near Vicarage Lane,E01007714,Rotherham 017B,Public order,Investigation complete; no suspect identified,
c870638c1d60560fef6fcb318f2162198666f1d0c1435d1a619f4041eab950de,2025-02,South Yorkshire Police,South Yorkshire Police,-1.358632,53.428035,On or near Parking Area,E01007714,Rotherham 017B,Public order,Unable to prosecute suspect,
4445c82d958765f3568bfb269016a1d17e562f7859ec18a739dacfbcf0f98e5c,2025-02,South Yorkshire Police,South Yorkshire Police,-1.350591,53.433223,On or near Carlisle Street,E01007714,Rotherham 017B,Public order,Unable to prosecute suspect,
0a407bd7e58b8c76ff0d2eb355f36471eca73b5de5ffee45e079d466bb9f78a2,2025-02,South Yorkshire Police,South Yorkshire Police,-1.349899,53.434226,On or near Parking Area,E01007714,Rotherham 017B,Public order,Local resolution,
ca53f2b6b1acefe4b0630fc51ac0054d1fdbab5d3cffd1c2c604fa0722160ab0,2025-02,South Yorkshire Police,South Yorkshire Police,-1.353592,53.433833,On or near Supermarket,E01007714,Rotherham 017B,Public order,Unable to prosecute suspect,
535bc847db0ea13bfde52a0d7096a03969c04150f4a91e0a1657c2da61e1b4ef,2025-02,South Yorkshire Police,South Yorkshire Police,-1.357470,53.430222,On or near Market Place,E01007714,Rotherham 017B,Public order,Unable to prosecute suspect,
d7ba64e7e4c20fbe9aa9f2bc9a60720d695e4ae156aa8ccb4a58b5e4fb719d53,2025-02,South Yorkshire Police,South Yorkshire Police,-1.358392,53.429949,On or near Domine Lane,E01007714,Rotherham 017B,Public order,Unable to prosecute suspect,
0dcf143444f5a58c024aa02e2b4195717495c55474e8fc1759169e72076f7816,2025-02,South Yorkshire Police,South Yorkshire Police,-1.357098,53.431910,On or near Bridgegate,E01007714,Rotherham 017B,Public order,Investigation complete; no suspect identified,
27e0959d5cefb5911565609b2005a2c7b1d9eb6570beba2714bd214d11aad7cf,2025-02,South Yorkshire Police,South Yorkshire Police,-1.353592,53.433833,On or near Supermarket,E01007714,Rotherham 017B,Public order,Investigation complete; no suspect identified,
e68bfa942d839c4f65ac659192d72d13add0a9c0c7908967e8a909c025901724,2025-02,South Yorkshire Police,South Yorkshire Police,-1.354072,53.434941,On or near Effingham Street,E01007714,Rotherham 017B,Public order,Awaiting court outcome,
aa4f146954243ef219be040ee6eeaca10a002d58758aef0acdbf9d564965a406,2025-02,South Yorkshire Police,South Yorkshire Police,-1.353592,53.433833,On or near Supermarket,E01007714,Rotherham 017B,Public order,Unable to prosecute suspect,
80cf16aca4ac3074fe580051daffdd74729ca389592340b8428c573e5cad79b7,2025-02,South Yorkshire Police,South Yorkshire Police,-1.357892,53.431195,On or near Corporation Street,E01007714,Rotherham 017B,Robbery,Investigation complete; no suspect identified,
3508e6912c536628a454282bbaffe4303364cad59f2d6086caf4cb7ffe6b3666,2025-02,South Yorkshire Police,South Yorkshire Police,-1.355614,53.430500,On or near High Street,E01007714,Rotherham 017B,Robbery,Awaiting court outcome,
d2fd9a60f3c40c7b69e8c9c1d347232d9772504358e37e8f9ea688106e0167ab,2025-02,South Yorkshire Police,South Yorkshire Police,-1.354072,53.434941,On or near Effingham Street,E01007714,Rotherham 017B,Robbery,Awaiting court outcome,
e532129ffeeec5d5ed5dc75236101f56e832bbb86850f9adaf85db0404f0c0bb,2025-02,South Yorkshire Police,South Yorkshire Police,-1.357098,53.431910,On or near Bridgegate,E01007714,Rotherham 017B,Robbery,Status update unavailable,
c75b899207699db573e00e8678478c0be14b4a5932e530d1aba19841ff99bddf,2025-02,South Yorkshire Police,South Yorkshire Police,-1.353592,53.433833,On or near Supermarket,E01007714,Rotherham 017B,Shoplifting,Local resolution,
303f11bc7866f694980d453ebb44d06727a180f31972aa71636f3588e47f2eaf,2025-02,South Yorkshire Police,South Yorkshire Police,-1.354633,53.431690,On or near College Lane,E01007714,Rotherham 017B,Shoplifting,Awaiting court outcome,
dfc957904e5fa2a3022d0dd6bac0af5c05fb9e09595a98121597a18e16432e70,2025-02,South Yorkshire Police,South Yorkshire Police,-1.353592,53.433833,On or near Supermarket,E01007714,Rotherham 017B,Shoplifting,Investigation complete; no suspect identified,
ef080bd40a8e5bdd28bc6535253a9919da95b2e0ba40798b81d372a86c982eef,2025-02,South Yorkshire Police,South Yorkshire Police,-1.354633,53.431690,On or near College Lane,E01007714,Rotherham 017B,Shoplifting,Awaiting court outcome,
55e09d6a4434c55a10d2d1f796622e7e0c1b6adbfde39e6dce174d08a3b10ab1,2025-02,South Yorkshire Police,South Yorkshire Police,-1.354146,53.433054,On or near Henry Street,E01007714,Rotherham 017B,Shoplifting,Awaiting court outcome,
f2a53a6064990819eb9097582de47b0bbae2f015fe790fdcb688b2a2fe9e9c82,2025-02,South Yorkshire Police,South Yorkshire Police,-1.353592,53.433833,On or near Supermarket,E01007714,Rotherham 017B,Shoplifting,Investigation complete; no suspect identified,
ac5af31b6afcf575bbd3dd8c5ae09729c6918dc2890dfd1668568a5e647555b9,2025-02,South Yorkshire Police,South Yorkshire Police,-1.353592,53.433833,On or near Supermarket,E01007714,Rotherham 017B,Shoplifting,Investigation complete; no suspect identified,
c31b6b279b914149ac0425b1c9ac6eddc202ee9675f8f9325ad861bfefd4cb44,2025-02,South Yorkshire Police,South Yorkshire Police,-1.353592,53.433833,On or near Supermarket,E01007714,Rotherham 017B,Shoplifting,Investigation complete; no suspect identified,
ec1506bc18818067295e70dfc28af79343035b30708b218d4f0ec80c86e92ba5,2025-02,South Yorkshire Police,South Yorkshire Police,-1.354146,53.433054,On or near Henry Street,E01007714,Rotherham 017B,Shoplifting,Awaiting court outcome,
dc56f792879bddc376ce720b7706fc3d6a98792e6947b0b2e944973a3900d3fb,2025-02,South Yorkshire Police,South Yorkshire Police,-1.353592,53.433833,On or near Supermarket,E01007714,Rotherham 017B,Shoplifting,Unable to prosecute suspect,
55297eadae62f08b061c39981320cda7a59e0776f4f7e942da902162958f1f1b,2025-02,South Yorkshire Police,South Yorkshire Police,-1.353592,53.433833,On or near Supermarket,E01007714,Rotherham 017B,Shoplifting,Investigation complete; no suspect identified,
d62daac2b7d18989e0a27fea3a4c098d62cfb42f84d91f7d14d5b2100df38f8e,2025-02,South Yorkshire Police,South Yorkshire Police,-1.354146,53.433054,On or near Henry Street,E01007714,Rotherham 017B,Shoplifting,Awaiting court outcome,
acdc9533fde47603df9490661b2920ea5742d0911241586b0c0bcf7d2647e8cf,2025-02,South Yorkshire Police,South Yorkshire Police,-1.354146,53.433054,On or near Henry Street,E01007714,Rotherham 017B,Shoplifting,Awaiting court outcome,
5add1b7e10620021ae29fdd109f6da7e4d09ee4acbbbb08816df64758742a283,2025-02,South Yorkshire Police,South Yorkshire Police,-1.354146,53.433054,On or near Henry Street,E01007714,Rotherham 017B,Shoplifting,Awaiting court outcome,
7dd8a574e2a0174fe6456ec44fdd142e6a1401f278a0f6088e5a80fed7eea12e,2025-02,South Yorkshire Police,South Yorkshire Police,-1.353592,53.433833,On or near Supermarket,E01007714,Rotherham 017B,Shoplifting,Unable to prosecute suspect,
f2b85a9d3164eaa6be072d73d5c2c456b1c27e52924c42e8e38ebc8974580c73,2025-02,South Yorkshire Police,South Yorkshire Police,-1.353592,53.433833,On or near Supermarket,E01007714,Rotherham 017B,Shoplifting,Investigation complete; no suspect identified,
9dc885a29f9e4e717d3ff9a0e670eb9758c13c413a691cc7dd4c2d5b1b47656a,2025-02,South Yorkshire Police,South Yorkshire Police,-1.353592,53.433833,On or near Supermarket,E01007714,Rotherham 017B,Shoplifting,Investigation complete; no suspect identified,
7e1628d4737b1b856c68fdb5974a951693af032d4eb0b4bb6f869d06ff014b3c,2025-02,South Yorkshire Police,South Yorkshire Police,-1.354146,53.433054,On or near Henry Street,E01007714,Rotherham 017B,Theft from the person,Investigation complete; no suspect identified,
9f12b6efb1329ab5ecca5521f644f55b3d360b3878b765c18857167807e283d2,2025-02,South Yorkshire Police,South Yorkshire Police,-1.354146,53.433054,On or near Henry Street,E01007714,Rotherham 017B,Theft from the person,Investigation complete; no suspect identified,
9bc79f8b7732cf2f8d7d76857c857fe18f6c441abbdcce838f9642bad8684962,2025-02,South Yorkshire Police,South Yorkshire Police,-1.357892,53.431195,On or near Corporation Street,E01007714,Rotherham 017B,Vehicle crime,Investigation complete; no suspect identified,
f21ca3fc5ed4bb7ee6bd11c6898a007488eaa7804e325aab15b822623aa99926,2025-02,South Yorkshire Police,South Yorkshire Police,-1.353089,53.436275,On or near Grafton Way,E01007714,Rotherham 017B,Vehicle crime,Investigation complete; no suspect identified,
dd94801999103d04afef46ad15a7c4bf94209b4886cfe5472565e4472a59dd36,2025-02,South Yorkshire Police,South Yorkshire Police,-1.352539,53.431823,On or near Morpeth Street,E01007714,Rotherham 017B,Vehicle crime,Investigation complete; no suspect identified,
11775a257e7320298400e2afa2fdd1b529f366b90ef6842984365cbb3ca560e9,2025-02,South Yorkshire Police,South Yorkshire Police,-1.352099,53.433070,On or near Parking Area,E01007714,Rotherham 017B,Vehicle crime,Investigation complete; no suspect identified,
4de2769e8812c340b0f31d88105f1dc34217250bbd6c9506c3294acd56828a8b,2025-02,South Yorkshire Police,South Yorkshire Police,-1.357881,53.425883,On or near Chapel Lane,E01007714,Rotherham 017B,Vehicle crime,Unable to prosecute suspect,
d89633427c424413507695dc8e09191042499c237838db8347d9647cc0eb2066,2025-02,South Yorkshire Police,South Yorkshire Police,-1.353592,53.433833,On or near Supermarket,E01007714,Rotherham 017B,Vehicle crime,Investigation complete; no suspect identified,
4c94a8bb3baa81be5be9852f280645cd329d0629e9bdceaefa292fe996cadbeb,2025-02,South Yorkshire Police,South Yorkshire Police,-1.355205,53.428691,On or near The Crofts,E01007714,Rotherham 017B,Vehicle crime,Unable to prosecute suspect,
ebf1a62f886c366487a759d1c5e39a0f38a9eb20ac2ea38d0e47ed4b8010a807,2025-02,South Yorkshire Police,South Yorkshire Police,-1.355103,53.437427,On or near Rawmarsh Road,E01007714,Rotherham 017B,Vehicle crime,Investigation complete; no suspect identified,
ea11636de5fd85c82769afca97e6b7cdff6091c40fcc1fe4e8d00ed9be6ead83,2025-02,South Yorkshire Police,South Yorkshire Police,-1.358632,53.428035,On or near Parking Area,E01007714,Rotherham 017B,Violence and sexual offences,Awaiting court outcome,
e4c6eaedbb02c30d281386a097a3e5f1411bd1838a9cda4920e94b243323b8c7,2025-02,South Yorkshire Police,South Yorkshire Police,-1.353542,53.428188,On or near Mansfield Road,E01007714,Rotherham 017B,Violence and sexual offences,Investigation complete; no suspect identified,
297885dfd25718a9ba555026b80e334c7bad6ef3cda5a9edc2c57366cd8a7781,2025-02,South Yorkshire Police,South Yorkshire Police,-1.357057,53.430669,On or near Church Street,E01007714,Rotherham 017B,Violence and sexual offences,Investigation complete; no suspect identified,
206c16e5ef454a92cedd129b0a494f397867315ebcd42619820dd304fb7f7e85,2025-02,South Yorkshire Police,South Yorkshire Police,-1.358632,53.428035,On or near Parking Area,E01007714,Rotherham 017B,Violence and sexual offences,Unable to prosecute suspect,
d3cb63ea548ef8b53805b32b817503ba8a1141256ac1baed88b73c1564150943,2025-02,South Yorkshire Police,South Yorkshire Police,-1.350591,53.433223,On or near Carlisle Street,E01007714,Rotherham 017B,Violence and sexual offences,Awaiting court outcome,
6cc04881ffa82f6c35d44f5c34c420873b04919991b5a59b63a408200c1e90a3,2025-02,South Yorkshire Police,South Yorkshire Police,-1.355277,53.430929,On or near Vicarage Lane,E01007714,Rotherham 017B,Violence and sexual offences,Investigation complete; no suspect identified,
6f3ecc3218dc937bc357ca462dfa8b07d278431192843bc9647559be1b0fe68c,2025-02,South Yorkshire Police,South Yorkshire Police,-1.356699,53.429436,On or near Ship Hill,E01007714,Rotherham 017B,Violence and sexual offences,Unable to prosecute suspect,
1d7afa8d68b43fd768e1a06153865209f13b4cc90157c2ebced1cf4bcc85d500,2025-02,South Yorkshire Police,South Yorkshire Police,-1.353592,53.433833,On or near Supermarket,E01007714,Rotherham 017B,Violence and sexual offences,Investigation complete; no suspect identified,
82a1e8474153817a8e71d5e9557ccc067e2a82efa6c08786ccb00083c3a976d7,2025-02,South Yorkshire Police,South Yorkshire Police,-1.365449,53.432099,On or near College Road,E01007714,Rotherham 017B,Violence and sexual offences,Investigation complete; no suspect identified,
aefa439d8c81ebff3493660a35789c68fa9970af91ab9509f863d25d9ad6be94,2025-02,South Yorkshire Police,South Yorkshire Police,-1.357098,53.431910,On or near Bridgegate,E01007714,Rotherham 017B,Violence and sexual offences,Unable to prosecute suspect,
88f1d78ce884bfd5a375cc08c5e49865a1b4db966bbb426db4f3ec1f863efc6d,2025-02,South Yorkshire Police,South Yorkshire Police,-1.357470,53.430222,On or near Market Place,E01007714,Rotherham 017B,Violence and sexual offences,Investigation complete; no suspect identified,
ff20005c059c9903adb39f23e17e6fe5453ee1b6efe11a1d7d384d6e7b39d4e5,2025-02,South Yorkshire Police,South Yorkshire Police,-1.357355,53.429844,On or near Nightclub,E01007714,Rotherham 017B,Violence and sexual offences,Investigation complete; no suspect identified,
3e8dac41abb5348cacd471e2e89403e31b534650824ef7df8c94f8f37ad97b0e,2025-02,South Yorkshire Police,South Yorkshire Police,-1.356699,53.429436,On or near Ship Hill,E01007714,Rotherham 017B,Violence and sexual offences,Unable to prosecute suspect,
1b324761ffd167cd58e39fd3d95facf397702a755462c55dd2f648278b160ec5,2025-02,South Yorkshire Police,South Yorkshire Police,-1.358632,53.428035,On or near Parking Area,E01007714,Rotherham 017B,Violence and sexual offences,Awaiting court outcome,
3ed55bdd104a28df93510bed406c0223098b7782c515affdf7129db552699ca9,2025-02,South Yorkshire Police,South Yorkshire Police,-1.357098,53.431910,On or near Bridgegate,E01007714,Rotherham 017B,Violence and sexual offences,Unable to prosecute suspect,
9d5a8b4b0801152dc93102f77e66790ce04ebe6c5f62a3506707cdcd1dfbf223,2025-02,South Yorkshire Police,South Yorkshire Police,-1.358632,53.428035,On or near Parking Area,E01007714,Rotherham 017B,Violence and sexual offences,Awaiting court outcome,
7698f801bb0ab6f7a9d27a3805154fb45c07a1fef567b0231e9d7f78de05e6bc,2025-02,South Yorkshire Police,South Yorkshire Police,-1.350878,53.428209,On or near Sherwood Crescent,E01007714,Rotherham 017B,Violence and sexual offences,Unable to prosecute suspect,
fe38c1d25bf93a4c15f6aa60961412bd1b0fdb041506b4b7d865f4e2a2ad567c,2025-02,South Yorkshire Police,South Yorkshire Police,-1.356522,53.428186,On or near Wilfred Street,E01007714,Rotherham 017B,Violence and sexual offences,Unable to prosecute suspect,
c9c1a509477040e79befb1ccdf93e7136027ee02e2645822888b11f820750f48,2025-02,South Yorkshire Police,South Yorkshire Police,-1.357851,53.426907,On or near Coke Lane,E01007714,Rotherham 017B,Violence and sexual offences,Unable to prosecute suspect,
dee3ff723cc2a76a2329f4f7142b22f8547a7d23a96e57a07452981164bd180f,2025-02,South Yorkshire Police,South Yorkshire Police,-1.365449,53.432099,On or near College Road,E01007714,Rotherham 017B,Violence and sexual offences,Unable to prosecute suspect,
6ae267ca90aaab710a0a6584c6b193c1ad33c2db80a9666ac6ae35484404178d,2025-02,South Yorkshire Police,South Yorkshire Police,-1.354023,53.429260,On or near Parking Area,E01007714,Rotherham 017B,Violence and sexual offences,Unable to prosecute suspect,
ee40a76768768a14130037ca96311b7e7ef3a4ca28ddcd9efebf6984b33cd5ec,2025-02,South Yorkshire Police,South Yorkshire Police,-1.357851,53.426907,On or near Coke Lane,E01007714,Rotherham 017B,Violence and sexual offences,Unable to prosecute suspect,
25b2670c4f89c31e2b67158d92d08169ef6ceb49213fd570f9d9b8285c154f07,2025-02,South Yorkshire Police,South Yorkshire Police,-1.357098,53.431910,On or near Bridgegate,E01007714,Rotherham 017B,Violence and sexual offences,Unable to prosecute suspect,
3745ce2793ec7202b23e343693afde4a520cf9007ce8a992aa95b2d469985bae,2025-02,South Yorkshire Police,South Yorkshire Police,-1.354525,53.428885,On or near Quarry Hill,E01007714,Rotherham 017B,Violence and sexual offences,Unable to prosecute suspect,
d7977fed94d165a0efb614ab9e2dbb63ab90d69a03347d35a9160ccdb60b7152,2025-02,South Yorkshire Police,South Yorkshire Police,-1.352030,53.428656,On or near Wellgate Terrace,E01007714,Rotherham 017B,Violence and sexual offences,Action to be taken by another organisation,
af357e73c13c01e2eba8f66739976c6fca41c4c6d0507b0c807fe6297caaae52,2025-02,South Yorkshire Police,South Yorkshire Police,-1.351980,53.433941,On or near Nottingham Street,E01007714,Rotherham 017B,Violence and sexual offences,Unable to prosecute suspect,
fbcc473bbb4937df3d4cdba262f6ccb3a4c5f62b79d26f6a5b5e1defb383cfc0,2025-02,South Yorkshire Police,South Yorkshire Police,-1.357892,53.431195,On or near Corporation Street,E01007714,Rotherham 017B,Violence and sexual offences,Unable to prosecute suspect,
97520c8e6ef69cb84b84758e2025d4099e3bd732ea70b341660588d9edac1f92,2025-02,South Yorkshire Police,South Yorkshire Police,-1.354146,53.433054,On or near Henry Street,E01007714,Rotherham 017B,Violence and sexual offences,Unable to prosecute suspect,
94d25b7a36d92292fee0dbb39c56ac1502bae537a514a235dbaa7019855ca762,2025-02,South Yorkshire Police,South Yorkshire Police,-1.354072,53.434941,On or near Effingham Street,E01007714,Rotherham 017B,Violence and sexual offences,Unable to prosecute suspect,
ce1a631bc3585ad4403ed08abb02107421edf2eff22c1a0549e46004b4ea0154,2025-02,South Yorkshire Police,South Yorkshire Police,-1.353592,53.433833,On or near Supermarket,E01007714,Rotherham 017B,Violence and sexual offences,Unable to prosecute suspect,
dc6cf44686fca859da4f405ce3e79fcf43f9fe1a87b5b4cf529fa82dfd3a19dc,2025-02,South Yorkshire Police,South Yorkshire Police,-1.349899,53.434226,On or near Parking Area,E01007714,Rotherham 017B,Violence and sexual offences,Unable to prosecute suspect,
1a2b39c66ef492fc440f4a97be3352bc5e5eca5269fd109b6c15be41ba7250b3,2025-02,South Yorkshire Police,South Yorkshire Police,-1.349616,53.432013,On or near Walker Lane,E01007714,Rotherham 017B,Violence and sexual offences,Unable to prosecute suspect,
1d7ea962426ec9ce467aeab692c6493ae2cfa75195af92d7c3d556dfb206efdb,2025-02,South Yorkshire Police,South Yorkshire Police,-1.358632,53.428035,On or near Parking Area,E01007714,Rotherham 017B,Violence and sexual offences,Unable to prosecute suspect,
ee11d8fe6b34cf995a49b2f5e01254b71e1f3b4563b0df6d705fb20d8f3b6c49,2025-02,South Yorkshire Police,South Yorkshire Police,-1.357098,53.431910,On or near Bridgegate,E01007714,Rotherham 017B,Violence and sexual offences,Status update unavailable,
545f79fcd275ee3e36c63615956d154ff680bde2c8e2afb32a7cede802941ea8,2025-02,South Yorkshire Police,South Yorkshire Police,-1.354146,53.433054,On or near Henry Street,E01007714,Rotherham 017B,Violence and sexual offences,Investigation complete; no suspect identified,
c96b8dde779c2e42a18eeb86a59425a5a79dbc8b8869492d85bacdb04894628f,2025-02,South Yorkshire Police,South Yorkshire Police,-1.354146,53.433054,On or near Henry Street,E01007714,Rotherham 017B,Violence and sexual offences,Unable to prosecute suspect,
d365492eadc36c44f425fa366cadd831863f44c6ba4f2a22b7e896b34b793b6e,2025-02,South Yorkshire Police,South Yorkshire Police,-1.355614,53.430500,On or near High Street,E01007714,Rotherham 017B,Violence and sexual offences,Unable to prosecute suspect,
00541838c54d5b84f32c727781413ff440a4560df45a97ec21f08e1ffdb1fa88,2025-02,South Yorkshire Police,South Yorkshire Police,-1.350687,53.428918,On or near Albion Road,E01007714,Rotherham 017B,Violence and sexual offences,Unable to prosecute suspect,
0638c1994d5986baf28414194d822744a05d98fb2d59c91a38455dd65012b200,2025-02,South Yorkshire Police,South Yorkshire Police,-1.352687,53.432089,On or near Further/Higher Educational Building,E01007714,Rotherham 017B,Violence and sexual offences,Unable to prosecute suspect,
abb5398b6ac3f7ca2bbf663badbf534a3fbc36dd0222acfaf8a6d76d50c96954,2025-02,South Yorkshire Police,South Yorkshire Police,-1.356699,53.429436,On or near Ship Hill,E01007714,Rotherham 017B,Violence and sexual offences,Unable to prosecute suspect,
b3962e31c57976f723d64eebdbd1ccec769b3f396dd3431876e52b2d6c0bce05,2025-02,South Yorkshire Police,South Yorkshire Police,-1.354367,53.432354,On or near Shopping Area,E01007714,Rotherham 017B,Violence and sexual offences,Investigation complete; no suspect identified,
0b40379e3371e32b03c7c0a9479fd66e59c37b0d263b0f5cea1f068eea5ada70,2025-02,South Yorkshire Police,South Yorkshire Police,-1.358632,53.428035,On or near Parking Area,E01007714,Rotherham 017B,Violence and sexual offences,Unable to prosecute suspect,
fe248915201d868e005becb3b8585e0614708f3fffa957394ea0eb9c9b7006e3,2025-02,South Yorkshire Police,South Yorkshire Police,-1.353592,53.433833,On or near Supermarket,E01007714,Rotherham 017B,Violence and sexual offences,Investigation complete; no suspect identified,
25712504b703c76dfdae98a129331b68cf1fffb34408c5465c722e323631d602,2025-02,South Yorkshire Police,South Yorkshire Police,-1.354146,53.433054,On or near Henry Street,E01007714,Rotherham 017B,Violence and sexual offences,Unable to prosecute suspect,
c7c51a8a86741f98060dc48c664e92b14ff991096fdaa5e64ecf2d68589cc85f,2025-02,South Yorkshire Police,South Yorkshire Police,-1.353592,53.433833,On or near Supermarket,E01007714,Rotherham 017B,Violence and sexual offences,Awaiting court outcome,
eb0d44e412459f0ee44e0ae8277b4d2040dca88b6db7b6c3f445904381a6a9c4,2025-02,South Yorkshire Police,South Yorkshire Police,-1.358632,53.428035,On or near Parking Area,E01007714,Rotherham 017B,Violence and sexual offences,Unable to prosecute suspect,
de5d6569479f3c16d150c3258fe9aeb4535d74b98c3fc09cc11b7b6131bd2648,2025-02,South Yorkshire Police,South Yorkshire Police,-1.350591,53.433223,On or near Carlisle Street,E01007714,Rotherham 017B,Violence and sexual offences,Unable to prosecute suspect,
b36f1d317f107ab7182b128a6ddc04f14779a32b269221237ef0f8587cc25df6,2025-02,South Yorkshire Police,South Yorkshire Police,-1.357470,53.430222,On or near Market Place,E01007714,Rotherham 017B,Violence and sexual offences,Investigation complete; no suspect identified,
43289f6966d8d4cec6d41ad123d4131146acd79d1a84d8e57937c8d917e2d84e,2025-02,South Yorkshire Police,South Yorkshire Police,-1.358632,53.428035,On or near Parking Area,E01007714,Rotherham 017B,Violence and sexual offences,Local resolution,
174bbd06038c14d5cc5a9a89f5aa1e2544dfc537ea4c06c38bb9bfe4a478685a,2025-02,South Yorkshire Police,South Yorkshire Police,-1.349899,53.434226,On or near Parking Area,E01007714,Rotherham 017B,Violence and sexual offences,Unable to prosecute suspect,
a87f94520e41f307de1ac690c8e745acea25c41124960feb7c433eebe22a7de1,2025-02,South Yorkshire Police,South Yorkshire Police,-1.357098,53.431910,On or near Bridgegate,E01007714,Rotherham 017B,Violence and sexual offences,Unable to prosecute suspect,
f9848339b7eb42228663fa512f1f6c42b57a547b653f3550187bdb68615a27ba,2025-02,South Yorkshire Police,South Yorkshire Police,-1.357098,53.431910,On or near Bridgegate,E01007714,Rotherham 017B,Violence and sexual offences,Unable to prosecute suspect,
6b160248bd39898fd4252b6f155923b15f98640b9e0cd203e077b47a7bde9910,2025-02,South Yorkshire Police,South Yorkshire Police,-1.353592,53.433833,On or near Supermarket,E01007714,Rotherham 017B,Violence and sexual offences,Unable to prosecute suspect,
79100159a10c5e0f08ad0be8fe3e7d6e8a31fc7c1db9c4fcd0aaf589d3c48053,2025-02,South Yorkshire Police,South Yorkshire Police,-1.358392,53.429949,On or near Domine Lane,E01007714,Rotherham 017B,Violence and sexual offences,Investigation complete; no suspect identified,
c1dd089b75e16a6ab32872b5af3579594e03b8cb9e381b3e55c2450bb32d40d0,2025-02,South Yorkshire Police,South Yorkshire Police,-1.357236,53.428747,On or near Unity Place,E01007714,Rotherham 017B,Violence and sexual offences,Unable to prosecute suspect,
a3526605d478cc92bca549b42f3d3647f8d33bedaa3c2d1396bdf5b2d64dbeaa,2025-02,South Yorkshire Police,South Yorkshire Police,-1.349652,53.429659,On or near Summerfield,E01007714,Rotherham 017B,Violence and sexual offences,Unable to prosecute suspect,
52cbfd7c95c56255c917f0891911cc4437b9dfafd1290bad3ead6fe1a44c1ba0,2025-02,South Yorkshire Police,South Yorkshire Police,-1.355205,53.428691,On or near The Crofts,E01007714,Rotherham 017B,Violence and sexual offences,Unable to prosecute suspect,
ab40f23010a7dd5e250ccc28556287678a1637c80089eda6b834c37d4a881052,2025-02,South Yorkshire Police,South Yorkshire Police,-1.353592,53.433833,On or near Supermarket,E01007714,Rotherham 017B,Violence and sexual offences,Awaiting court outcome,
c9d9a8da2cd71b185e936cccb579f9226e99fa08bdc411423e58ddcb39eae3d9,2025-02,South Yorkshire Police,South Yorkshire Police,-1.349652,53.429659,On or near Summerfield,E01007714,Rotherham 017B,Violence and sexual offences,Unable to prosecute suspect,
8448b776f7f9a241118d89acd4095579412ceafabfb51abb76a906e7533907ef,2025-02,South Yorkshire Police,South Yorkshire Police,-1.351660,53.433211,On or near Norfolk Street,E01007714,Rotherham 017B,Violence and sexual offences,Unable to prosecute suspect,
262cf990c387e1ba16440957bafbf8c6ffa93611d7d502be6ac8694710b20224,2025-02,South Yorkshire Police,South Yorkshire Police,-1.358392,53.429949,On or near Domine Lane,E01007714,Rotherham 017B,Other crime,Status update unavailable,
7aae23136e544900b3e2e7f141130cbb44a1ed15686d957c4c3e3750d15015f2,2025-02,South Yorkshire Police,South Yorkshire Police,-1.358392,53.429949,On or near Domine Lane,E01007714,Rotherham 017B,Other crime,Unable to prosecute suspect,
74f11d60de69a04e7b7c5def57113422334df10df01f080bfaf14c7bdf2b57d0,2025-02,South Yorkshire Police,South Yorkshire Police,-1.357236,53.428747,On or near Unity Place,E01007714,Rotherham 017B,Other crime,Unable to prosecute suspect,
cfaad4a34603a55e9cf167b1b6f660661bbc7123ae4b867d79b9e5d950165540,2025-02,South Yorkshire Police,South Yorkshire Police,-1.358392,53.429949,On or near Domine Lane,E01007714,Rotherham 017B,Other crime,Status update unavailable,
09ef5a2eeb45bde4f18b841c7b6ddc2a9d432374c44d1d56913148b06427f258,2025-02,South Yorkshire Police,South Yorkshire Police,-1.358392,53.429949,On or near Domine Lane,E01007714,Rotherham 017B,Other crime,Unable to prosecute suspect,
f91ecf10d0557bb7b1b22123c485ea55a096698619e69c9297458bfef4a5546e,2025-02,South Yorkshire Police,South Yorkshire Police,-1.358392,53.429949,On or near Domine Lane,E01007714,Rotherham 017B,Other crime,Awaiting court outcome,
a19931e5f9efcf634ca575e8c508eed573bd53c005783572cc909888c0251781,2025-02,South Yorkshire Police,South Yorkshire Police,-1.358392,53.429949,On or near Domine Lane,E01007714,Rotherham 017B,Other crime,Status update unavailable,
edb912134528f45bd864541f3af626fdc09d66d8536301c63bf66af3ca1504f4,2025-02,South Yorkshire Police,South Yorkshire Police,-1.358392,53.429949,On or near Domine Lane,E01007714,Rotherham 017B,Other crime,Unable to prosecute suspect,
8bcfa3f9547e693d67cc6ecf01f04715719ff41a48318975f44041bf2aceec67,2025-02,South Yorkshire Police,South Yorkshire Police,-1.358392,53.429949,On or near Domine Lane,E01007714,Rotherham 017B,Other crime,Unable to prosecute suspect,
b294b628489196acb7373a6cae9bdd0610f840d4f3b58e72cfd0f7d0d8083a4a,2025-02,South Yorkshire Police,South Yorkshire Police,-1.358392,53.429949,On or near Domine Lane,E01007714,Rotherham 017B,Other crime,Status update unavailable,
12d81d22782b925e107cbaaf66ef901b3a1020df234d1f7205d65722bf271e2c,2025-02,South Yorkshire Police,South Yorkshire Police,-1.358392,53.429949,On or near Domine Lane,E01007714,Rotherham 017B,Other crime,Status update unavailable,
04a7ce481e7c115f8943c64088426f476f3beca624ad719a6eca9b1afbc3f3ee,2025-02,South Yorkshire Police,South Yorkshire Police,-1.358392,53.429949,On or near Domine Lane,E01007714,Rotherham 017B,Other crime,Status update unavailable,
,2025-02,South Yorkshire Police,South Yorkshire Police,-1.345089,53.426928,On or near Carrington Street,E01007767,Rotherham 017C,Anti-social behaviour,,
,2025-02,South Yorkshire Police,South Yorkshire Police,-1.347223,53.429070,On or near Clifton Lane,E01007767,Rotherham 017C,Anti-social behaviour,,
,2025-02,South Yorkshire Police,South Yorkshire Police,-1.346719,53.433463,On or near Ridge Road,E01007767,Rotherham 017C,Anti-social behaviour,,
654105e2890c6cc970f91321d9700b940ac589cb7129ce373e7fbbbdfde4025b,2025-02,South Yorkshire Police,South Yorkshire Police,-1.343550,53.427189,On or near Johnson Court,E01007767,Rotherham 017C,Burglary,Investigation complete; no suspect identified,
ef1d127f08737767bc7768a8f4515416a0330639e73397e978f381f6dc9d56c4,2025-02,South Yorkshire Police,South Yorkshire Police,-1.348725,53.427298,On or near Pinfold Lane,E01007767,Rotherham 017C,Burglary,Investigation complete; no suspect identified,
93296bed2c0a44dfd2e3e7c9ac81bc4f19054fab4c39ecc417ead8d56afab0fb,2025-02,South Yorkshire Police,South Yorkshire Police,-1.338653,53.431414,On or near Middle Lane,E01007767,Rotherham 017C,Criminal damage and arson,Unable to prosecute suspect,
f7375baf6f00a34a8b06ddac9d9d3f20236370cf284e7cf8424cf139fcfd9832,2025-02,South Yorkshire Police,South Yorkshire Police,-1.338653,53.431414,On or near Middle Lane,E01007767,Rotherham 017C,Possession of weapons,Unable to prosecute suspect,
91eafd5332fbf42ae46849723802af78f7ffb0601603763868f02ca61c53853b,2025-02,South Yorkshire Police,South Yorkshire Police,-1.338653,53.431414,On or near Middle Lane,E01007767,Rotherham 017C,Public order,Further action is not in the public interest,
b571144dbe68325cb5b6b38e12e820698c6b46f2fb212a52ef24391448c6a62f,2025-02,South Yorkshire Police,South Yorkshire Police,-1.346719,53.433463,On or near Ridge Road,E01007767,Rotherham 017C,Vehicle crime,Investigation complete; no suspect identified,
a4d92d305be662399eb48e3fdbbe959e57be1389c48d224bca1992e930b08cbe,2025-02,South Yorkshire Police,South Yorkshire Police,-1.344015,53.429232,On or near Parkfield Road,E01007767,Rotherham 017C,Vehicle crime,Investigation complete; no suspect identified,
97bfdf6e6bee97c60160a344acf64fb9edbcff157773a9e0cb102f9348617b48,2025-02,South Yorkshire Police,South Yorkshire Police,-1.341829,53.427476,On or near Gordon Terrace,E01007767,Rotherham 017C,Violence and sexual offences,Unable to prosecute suspect,
51e97b635cb0366044e137cf087685b4428b6a131e95c9d0f0ddadfe324bf86b,2025-02,South Yorkshire Police,South Yorkshire Police,-1.338653,53.431414,On or near Middle Lane,E01007767,Rotherham 017C,Violence and sexual offences,Status update unavailable,
5ba6283a3010d81d1665feffe53c8ee3e1ec076292cb241e3e77137cea9f605b,2025-02,South Yorkshire Police,South Yorkshire Police,-1.338653,53.431414,On or near Middle Lane,E01007767,Rotherham 017C,Violence and sexual offences,Unable to prosecute suspect,
99cfca2067c8b6d79a3cd98a588ee9f6b0d0a27b77496ecb3c77584eca71013c,2025-02,South Yorkshire Police,South Yorkshire Police,-1.338653,53.431414,On or near Middle Lane,E01007767,Rotherham 017C,Violence and sexual offences,Unable to prosecute suspect,
5c2601d8020ffe0e13524a1e68d1c51b680305fb3141813ce9cdf1c8797d07e6,2025-02,South Yorkshire Police,South Yorkshire Police,-1.338653,53.431414,On or near Middle Lane,E01007767,Rotherham 017C,Violence and sexual offences,Unable to prosecute suspect,
ff75b04572cdb2d6c9fc7a163600e47babbdd503a57e3471475b407e4b7d6a25,2025-02,South Yorkshire Police,South Yorkshire Police,-1.338116,53.422413,On or near A6021,E01007767,Rotherham 017C,Violence and sexual offences,Status update unavailable,
00d1923f05cec92612702074c573f59b4d2b0dfd671a3962b8bfe2aaa783038c,2025-02,South Yorkshire Police,South Yorkshire Police,-1.341506,53.427924,On or near Ellesmere Terrace,E01007767,Rotherham 017C,Violence and sexual offences,Unable to prosecute suspect,
ea47c6ca7a6ca491bd497d128fdabd11b376ab069c0e9b6dc8936b51ebbf1c95,2025-02,South Yorkshire Police,South Yorkshire Police,-1.338653,53.431414,On or near Middle Lane,E01007767,Rotherham 017C,Violence and sexual offences,Investigation complete; no suspect identified,
48cbf04f2eb30b24d2b7f64f2505c04b10df3bd0333788abd34c1c4e103d48c9,2025-02,South Yorkshire Police,South Yorkshire Police,-1.332162,53.422075,On or near Parking Area,E01007767,Rotherham 017C,Violence and sexual offences,Status update unavailable,
54e5530684f54aaaae52133944fe83a912c32f754de4a101b72ba4a0731786e2,2025-02,South Yorkshire Police,South Yorkshire Police,-1.338653,53.431414,On or near Middle Lane,E01007767,Rotherham 017C,Violence and sexual offences,Unable to prosecute suspect,
bba219dc92ef7fd0355eb2f0bda1040f7ff5ab0831aca99a247aa072772dabf5,2025-02,South Yorkshire Police,South Yorkshire Police,-1.346719,53.433463,On or near Ridge Road,E01007767,Rotherham 017C,Violence and sexual offences,Unable to prosecute suspect,
8d051a6880fab9b46981cf59438dbad771ef6973bbb2cad81fb681b1646a9cee,2025-02,South Yorkshire Police,South Yorkshire Police,-1.347223,53.429070,On or near Clifton Lane,E01007767,Rotherham 017C,Other crime,Further investigation is not in the public interest,
,2025-02,South Yorkshire Police,South Yorkshire Police,-1.346341,53.437479,On or near Grosvenor Road,E01007769,Rotherham 017D,Anti-social behaviour,,
,2025-02,South Yorkshire Police,South Yorkshire Police,-1.346965,53.437087,On or near Selwyn Street,E01007769,Rotherham 017D,Anti-social behaviour,,
95f871eb8309f16d791d4631021be4ba8d32be73d6a2b138f0b67dca285057d5,2025-02,South Yorkshire Police,South Yorkshire Police,-1.351936,53.438803,On or near A633,E01007769,Rotherham 017D,Burglary,Investigation complete; no suspect identified,
c0b62b79cb93169a8edf7dbbedacc56c92d78c29feefaff5d69f8a8c3c8bc2f3,2025-02,South Yorkshire Police,South Yorkshire Police,-1.349817,53.436626,On or near Lindley Street,E01007769,Rotherham 017D,Criminal damage and arson,Investigation complete; no suspect identified,
c3e6452489d8a11987cbe68745be14ac1620566808121a07ad26b588f4affa25,2025-02,South Yorkshire Police,South Yorkshire Police,-1.350597,53.434805,On or near A630,E01007769,Rotherham 017D,Criminal damage and arson,Investigation complete; no suspect identified,
50abc6ad05263fb08d05a100d87cc33b8b6b1d18ca813e294c0048482a06e0e5,2025-02,South Yorkshire Police,South Yorkshire Police,-1.348982,53.435093,On or near York Road,E01007769,Rotherham 017D,Criminal damage and arson,Investigation complete; no suspect identified,
9a622a56269c08fffbdc636204b7e10f487ddc85c1b764acc8e246b88cab4d1b,2025-02,South Yorkshire Police,South Yorkshire Police,-1.349387,53.436210,On or near Bramwell Street,E01007769,Rotherham 017D,Criminal damage and arson,Investigation complete; no suspect identified,
bd9d1561ccc5c966f35043e611eab6857e4857b9e79a9411b5fae694f1301d1c,2025-02,South Yorkshire Police,South Yorkshire Police,-1.348982,53.435093,On or near York Road,E01007769,Rotherham 017D,Criminal damage and arson,Unable to prosecute suspect,
b4d5183ea880fe80bf8899ee1d250f445b408598cb709fec2cb3d00e56d14078,2025-02,South Yorkshire Police,South Yorkshire Police,-1.346852,53.436565,On or near Petrol Station,E01007769,Rotherham 017D,Drugs,Offender given a drugs possession warning,
910b9a85f46320d3c003a48e4a2ded79d15650d1b727f521d977575261487418,2025-02,South Yorkshire Police,South Yorkshire Police,-1.351936,53.438803,On or near A633,E01007769,Rotherham 017D,Drugs,Awaiting court outcome,
cbb5473f53add6a8280df84cd76632ab484f0fd3bb2d10a7186ba3857a9a525a,2025-02,South Yorkshire Police,South Yorkshire Police,-1.351936,53.438803,On or near A633,E01007769,Rotherham 017D,Public order,Investigation complete; no suspect identified,
b0f386c9b102f1f5782a62f7a93d5d059f67e553b5f87c42e60c55e7c992c7c0,2025-02,South Yorkshire Police,South Yorkshire Police,-1.345065,53.437370,On or near Supermarket,E01007769,Rotherham 017D,Shoplifting,Investigation complete; no suspect identified,
31e71cb8b21a851a5d3ab4f4933420ed9f6acba77e82e8c35797a0e82910d1e0,2025-02,South Yorkshire Police,South Yorkshire Police,-1.346852,53.436565,On or near Petrol Station,E01007769,Rotherham 017D,Theft from the person,Investigation complete; no suspect identified,
75522ea011c53bf724cbe42ad42cfc7711112fad8f033ebbc2d7ac7f737f9ad6,2025-02,South Yorkshire Police,South Yorkshire Police,-1.351936,53.438803,On or near A633,E01007769,Rotherham 017D,Theft from the person,Investigation complete; no suspect identified,
f533954695aecf3e3efc8bf405bbccd55960e845ed27dc3084b55222a52d28be,2025-02,South Yorkshire Police,South Yorkshire Police,-1.348982,53.435093,On or near York Road,E01007769,Rotherham 017D,Vehicle crime,Unable to prosecute suspect,
793d34ef731ed8200891a9f2afb99b0b41a53c5354e609c3493d47741ef83cce,2025-02,South Yorkshire Police,South Yorkshire Police,-1.351936,53.438803,On or near A633,E01007769,Rotherham 017D,Vehicle crime,Investigation complete; no suspect identified,
7208b22f4eb630196c26fe44df489aeb4d0b5f1b2894de8bc9aa283f40b9b353,2025-02,South Yorkshire Police,South Yorkshire Police,-1.350450,53.435542,On or near St Ann'S Road,E01007769,Rotherham 017D,Violence and sexual offences,Awaiting court outcome,
249bb67fb47df72f98f4c83b6e22667ffee4401a8410e84acfc556e7578e9f42,2025-02,South Yorkshire Police,South Yorkshire Police,-1.349733,53.437183,On or near Selborne Street,E01007769,Rotherham 017D,Violence and sexual offences,Awaiting court outcome,
9916f99147db43703959e44a0df407473ff3d9f8cd2503fa93a62480f9f814d3,2025-02,South Yorkshire Police,South Yorkshire Police,-1.345065,53.437370,On or near Supermarket,E01007769,Rotherham 017D,Violence and sexual offences,Unable to prosecute suspect,
aab9a7b8cfe3de1edb320816821641bb5bc27651fe57643edbff963288633731,2025-02,South Yorkshire Police,South Yorkshire Police,-1.350450,53.435542,On or near St Ann'S Road,E01007769,Rotherham 017D,Violence and sexual offences,Awaiting court outcome,
a54d36a7a79ddff72deddd6fd2f47f08782b234c833e031ed8d6860b91fbf60b,2025-02,South Yorkshire Police,South Yorkshire Police,-1.349733,53.437183,On or near Selborne Street,E01007769,Rotherham 017D,Violence and sexual offences,Awaiting court outcome,
489f99a00a59f98061b168d13a2db7f18ef690b69b775f39ddc47b8228c75e81,2025-02,South Yorkshire Police,South Yorkshire Police,-1.349817,53.436626,On or near Lindley Street,E01007769,Rotherham 017D,Violence and sexual offences,Unable to prosecute suspect,
a434b5fafe37530ff591a151f3f0c0a88e90cd62bca6a0cc0c887de0ad645429,2025-02,South Yorkshire Police,South Yorkshire Police,-1.350597,53.434805,On or near A630,E01007769,Rotherham 017D,Other crime,Awaiting court outcome,
,2025-02,South Yorkshire Police,South Yorkshire Police,-1.247652,53.422112,On or near Ridgway Close,E01007685,Rotherham 018A,Anti-social behaviour,,
2ebbc161c8d5f3af5d8d323422b3025a691c3256bd2f727592cb46fbefad3aca,2025-02,South Yorkshire Police,South Yorkshire Police,-1.255733,53.422126,On or near Petrol Station,E01007685,Rotherham 018A,Burglary,Investigation complete; no suspect identified,
7f3773db051d5f0d42249bd20f34625a78d8e92d49ebd78b5b64bc6266073954,2025-02,South Yorkshire Police,South Yorkshire Police,-1.245721,53.422414,On or near Clifford Road,E01007685,Rotherham 018A,Burglary,Unable to prosecute suspect,
a8dd56053a3ed32dea95f9203744fc8499efb075a4280115f6bb6c7c7cbfc519,2025-02,South Yorkshire Police,South Yorkshire Police,-1.245721,53.422414,On or near Clifford Road,E01007685,Rotherham 018A,Burglary,Investigation complete; no suspect identified,
069a6fc70582c369a60f52b3376d6cea415013e4caf25ff10bc79dae749a7868,2025-02,South Yorkshire Police,South Yorkshire Police,-1.245721,53.422414,On or near Clifford Road,E01007685,Rotherham 018A,Other theft,Investigation complete; no suspect identified,
67c27391a5d628f77744a114a80fa6b1ca518b20ef41face9706f5022aa8e378,2025-02,South Yorkshire Police,South Yorkshire Police,-1.255733,53.422126,On or near Petrol Station,E01007685,Rotherham 018A,Other theft,Investigation complete; no suspect identified,
39962786643c8615a34db14e0adad0019e7f4c2608f08ce45d60120ef472a32a,2025-02,South Yorkshire Police,South Yorkshire Police,-1.255733,53.422126,On or near Petrol Station,E01007685,Rotherham 018A,Public order,Unable to prosecute suspect,
871eb804c1fc9e73ac5514f056213da26afad06712ddf33b0a16f0af08bd9a23,2025-02,South Yorkshire Police,South Yorkshire Police,-1.255733,53.422126,On or near Petrol Station,E01007685,Rotherham 018A,Vehicle crime,Investigation complete; no suspect identified,
d27d43660c692160287ea2fdef5e1d438b133d4600bbc944f4f3e9e0671fd4a7,2025-02,South Yorkshire Police,South Yorkshire Police,-1.255733,53.422126,On or near Petrol Station,E01007685,Rotherham 018A,Vehicle crime,Investigation complete; no suspect identified,
5d8c4672d13bb280ce8fe29ccb0e563f6841d0c834fd593c906ea752dcf3e9ea,2025-02,South Yorkshire Police,South Yorkshire Police,-1.245721,53.422414,On or near Clifford Road,E01007685,Rotherham 018A,Vehicle crime,Investigation complete; no suspect identified,
c9029994448e6fd6344f4aace4c342a43f705a790826353f55bd107867e479f8,2025-02,South Yorkshire Police,South Yorkshire Police,-1.245721,53.422414,On or near Clifford Road,E01007685,Rotherham 018A,Violence and sexual offences,Unable to prosecute suspect,
87e03bc950c9d583a78bfe0d5318b2de39f5f7e3f36d87eeb2aee6a60e0df216,2025-02,South Yorkshire Police,South Yorkshire Police,-1.236923,53.422133,On or near Greenhill Avenue,E01007685,Rotherham 018A,Violence and sexual offences,Unable to prosecute suspect,
1b724378812f5b23d438798db29efcb86e6906e7d3a72369e35e1fe929809454,2025-02,South Yorkshire Police,South Yorkshire Police,-1.255733,53.422126,On or near Petrol Station,E01007685,Rotherham 018A,Violence and sexual offences,Awaiting court outcome,
1aa9ad8a634804e97597ad4fc9a58d11b88f0c7a6a87f9d3dc72c290bc8f53ac,2025-02,South Yorkshire Police,South Yorkshire Police,-1.257040,53.417901,On or near Sherbourne Avenue,E01007685,Rotherham 018A,Other crime,Further investigation is not in the public interest,
515bbeb90a788dd7f7a150b358bd0c390ae0ec774c35e1dacb3e49ffac89d3a8,2025-02,South Yorkshire Police,South Yorkshire Police,-1.223721,53.427370,On or near Larch Road,E01007754,Rotherham 018B,Burglary,Investigation complete; no suspect identified,
916b95c937b7fe0ab3e563941fb5e7d3e42f2403b7160b204fecc5ed5255c19e,2025-02,South Yorkshire Police,South Yorkshire Police,-1.217326,53.433000,On or near Huntington Way,E01007754,Rotherham 018B,Other theft,Investigation complete; no suspect identified,
cfab87b3bfe83151f3a9c0b518ef5d398d5a481496b9f77dda0f22c8be359e77,2025-02,South Yorkshire Police,South Yorkshire Police,-1.223849,53.430265,On or near Laxton Close,E01007754,Rotherham 018B,Other theft,Unable to prosecute suspect,
07f57dfe1ab40d39703a6a5aa5e71a69a4ca119c96976fffeafdfca6643efcb3,2025-02,South Yorkshire Police,South Yorkshire Police,-1.215093,53.433318,On or near Amory'S Holt Road,E01007754,Rotherham 018B,Public order,Unable to prosecute suspect,
6c07bb3198a7bc3293decf87c04f38ec730fb873a9ebc35144010c5b1538a2c7,2025-02,South Yorkshire Police,South Yorkshire Police,-1.226141,53.431664,On or near Braeburn Close,E01007754,Rotherham 018B,Violence and sexual offences,Unable to prosecute suspect,
,2025-02,South Yorkshire Police,South Yorkshire Police,-1.216485,53.428006,On or near Tasman Grove,E01007755,Rotherham 018C,Anti-social behaviour,,
,2025-02,South Yorkshire Police,South Yorkshire Police,-1.216485,53.428006,On or near Tasman Grove,E01007755,Rotherham 018C,Anti-social behaviour,,
88859acad480f9be2896cb20e6058b5405f9aa22888738faa71fd9c5345bd24f,2025-02,South Yorkshire Police,South Yorkshire Police,-1.214300,53.431434,On or near Upton Close,E01007755,Rotherham 018C,Burglary,Investigation complete; no suspect identified,
9d1e910c2c3d5346d3251f3d86a4d0c9724444dd7b500922de1d6018d8f54d2a,2025-02,South Yorkshire Police,South Yorkshire Police,-1.210684,53.432462,On or near Haids Close,E01007755,Rotherham 018C,Possession of weapons,Offender given a caution,
84b28ab8633739084cbdc774967d5afbd2293965de401de86a0286026e00cdd6,2025-02,South Yorkshire Police,South Yorkshire Police,-1.214850,53.433451,On or near Amory'S Holt Drive,E01007755,Rotherham 018C,Vehicle crime,Investigation complete; no suspect identified,
c550445898bf92c988c995417011591b061f62d035f8a6bed227491c44194b37,2025-02,South Yorkshire Police,South Yorkshire Police,-1.214129,53.429267,On or near Yarwell Drive,E01007755,Rotherham 018C,Violence and sexual offences,Investigation complete; no suspect identified,
c52616ba0ccc9e753fb2c5a8e38e47c49fe8c9aa045487cf2ea0c83c81c04a57,2025-02,South Yorkshire Police,South Yorkshire Police,-1.215520,53.430561,On or near Trueman Green,E01007755,Rotherham 018C,Violence and sexual offences,Unable to prosecute suspect,
0b7252f1bc20ebfca49840b5f464776ac0b0270ea0c2715446465ff55e7c2f0e,2025-02,South Yorkshire Police,South Yorkshire Police,-1.210684,53.432462,On or near Haids Close,E01007755,Rotherham 018C,Violence and sexual offences,Unable to prosecute suspect,
7b1202c1ff9462ae68e77afe2ad4de70cf5c2ee2846da583c19aee222940b2eb,2025-02,South Yorkshire Police,South Yorkshire Police,-1.218602,53.428271,On or near Cook Avenue,E01007756,Rotherham 018D,Burglary,Investigation complete; no suspect identified,
2375cdb781f9dbd62cb801bd679325b0c0918083e6152a8b42c7488c47a517b2,2025-02,South Yorkshire Police,South Yorkshire Police,-1.211134,53.429256,On or near Avon Close,E01007756,Rotherham 018D,Violence and sexual offences,Unable to prosecute suspect,
d5a062661d3a219d6352f498520138660ea42282f5bca223123b63daa9ea0d4e,2025-02,South Yorkshire Police,South Yorkshire Police,-1.226231,53.425867,On or near Elm Tree Road,E01007761,Rotherham 018E,Burglary,Investigation complete; no suspect identified,
12ec26d63eb95a6901ede28b647e636951c1c08d7c27e5ca3a3400a37e54b2df,2025-02,South Yorkshire Police,South Yorkshire Police,-1.226493,53.425563,On or near Redwood Drive,E01007761,Rotherham 018E,Burglary,Unable to prosecute suspect,
7aa76292c1497792325764c1d56a657aab7921251df5d6c80e71bc52a4e1fca3,2025-02,South Yorkshire Police,South Yorkshire Police,-1.221328,53.422410,On or near Cherry Tree Road,E01007761,Rotherham 018E,Burglary,Investigation complete; no suspect identified,
e2c2351ad49b51aec1104d9bccbabe73970f185ca660a420e4ce03b7fde04c59,2025-02,South Yorkshire Police,South Yorkshire Police,-1.221328,53.422410,On or near Cherry Tree Road,E01007761,Rotherham 018E,Criminal damage and arson,Investigation complete; no suspect identified,
bd33b1f07048ea962162559c575505c9420cca5e8732bb76565c340b4e640036,2025-02,South Yorkshire Police,South Yorkshire Police,-1.223126,53.424516,On or near Laburnum Parade,E01007761,Rotherham 018E,Other theft,Investigation complete; no suspect identified,
f8c7595cf7d3d9df060cf2ef449829bc1da547b872aad1cf62fe4d917275663f,2025-02,South Yorkshire Police,South Yorkshire Police,-1.226493,53.425563,On or near Redwood Drive,E01007761,Rotherham 018E,Possession of weapons,Unable to prosecute suspect,
8ae0b82d2c3bfb144b4db9a538dda61e20babc9d0cd7537b39eda19248cf1b9c,2025-02,South Yorkshire Police,South Yorkshire Police,-1.223866,53.426813,On or near Poplar Rise,E01007761,Rotherham 018E,Vehicle crime,Unable to prosecute suspect,
fc499ddcc45d8456bb37055f87fdac3b219f42cb09a4502c5f0893de11506457,2025-02,South Yorkshire Police,South Yorkshire Police,-1.223866,53.426813,On or near Poplar Rise,E01007761,Rotherham 018E,Vehicle crime,Unable to prosecute suspect,
521ded5b2d3dd85d6ed15ddae7e7b294173af887868f95e981dd2b2c8bbb43fd,2025-02,South Yorkshire Police,South Yorkshire Police,-1.223866,53.426813,On or near Poplar Rise,E01007761,Rotherham 018E,Violence and sexual offences,Unable to prosecute suspect,
98ed3029e0c099ad7b05c8c15396cbcaf6559db8c2edccf741d3fe7760c248ea,2025-02,South Yorkshire Police,South Yorkshire Police,-1.229445,53.422894,On or near Byford Road,E01007761,Rotherham 018E,Violence and sexual offences,Unable to prosecute suspect,
0c110055f02ac3aebcada551ec0b65aed55c29acc105e6bfb70de6e3a460373a,2025-02,South Yorkshire Police,South Yorkshire Police,-1.225809,53.421783,On or near Brooklands,E01007761,Rotherham 018E,Violence and sexual offences,Unable to prosecute suspect,
53ab631d70446227091630774140a1a9af5fc40f7515a4455e3f7c64733e000c,2025-02,South Yorkshire Police,South Yorkshire Police,-1.225809,53.421783,On or near Brooklands,E01007761,Rotherham 018E,Violence and sexual offences,Unable to prosecute suspect,
ec5beea088d9c222a1dc6a7ee4dc1186ae17e20f845da51676b61bec9eb997b2,2025-02,South Yorkshire Police,South Yorkshire Police,-1.225809,53.421783,On or near Brooklands,E01007761,Rotherham 018E,Violence and sexual offences,Unable to prosecute suspect,
,2025-02,South Yorkshire Police,South Yorkshire Police,-1.217432,53.425630,On or near Lilly Hall Road,E01007762,Rotherham 018F,Anti-social behaviour,,
50ac8973bce8981625f4121a00a8af55655f54414e393dad59982d4e167eb2db,2025-02,South Yorkshire Police,South Yorkshire Police,-1.205387,53.425110,On or near Limesway,E01007762,Rotherham 018F,Burglary,Investigation complete; no suspect identified,
c4231f89021edff69b57b6cc66f24537476dcdc9ca8906358a60a35b6fc5bc7c,2025-02,South Yorkshire Police,South Yorkshire Police,-1.216531,53.422253,On or near Dunstan Road,E01007762,Rotherham 018F,Burglary,Investigation complete; no suspect identified,
3db81622fc60382e8a49007b8bd0291761b7afba437059928dc7027323768371,2025-02,South Yorkshire Police,South Yorkshire Police,-1.210074,53.425572,On or near Little Haynooking Lane,E01007762,Rotherham 018F,Criminal damage and arson,Investigation complete; no suspect identified,
c1d79e3b20e61c59e0dde569438d1b057e782f166f780d5db4ef732c09c88c42,2025-02,South Yorkshire Police,South Yorkshire Police,-1.216531,53.422253,On or near Dunstan Road,E01007762,Rotherham 018F,Other theft,Unable to prosecute suspect,
b4f4a4cfafe8246df2baa870a6fc99dcc7a938f281ba78c0d903b08c88609fc7,2025-02,South Yorkshire Police,South Yorkshire Police,-1.206968,53.425057,On or near Manor Close,E01007762,Rotherham 018F,Vehicle crime,Investigation complete; no suspect identified,
51a3c80e8d63ca55f875cf7522b5003938b76d300cf24f06ea372d2d1943217f,2025-02,South Yorkshire Police,South Yorkshire Police,-1.210074,53.425572,On or near Little Haynooking Lane,E01007762,Rotherham 018F,Vehicle crime,Investigation complete; no suspect identified,
18a6d2e7d02a3c11dbb8f3ff1b799ff999a9cb30df40c7812c938d574d803cfb,2025-02,South Yorkshire Police,South Yorkshire Police,-1.206968,53.425057,On or near Manor Close,E01007762,Rotherham 018F,Violence and sexual offences,Investigation complete; no suspect identified,
637ffb4f7a5575e617b0a07e4e7dab2eed230ab8fc2536e8ea61c5627c3d3e6d,2025-02,South Yorkshire Police,South Yorkshire Police,-1.211293,53.421464,On or near Milton Street,E01007762,Rotherham 018F,Violence and sexual offences,Unable to prosecute suspect,
08cba370e59819cba666a645c8b07eeacbed017988bd409f95b03070bdac2ff3,2025-02,South Yorkshire Police,South Yorkshire Police,-1.214533,53.421206,On or near St Barbara'S Close,E01007762,Rotherham 018F,Violence and sexual offences,Unable to prosecute suspect,
98e30e6a22672aa67f7d9fdbfaed1ec1f26afad16a46fb13c14b82c1ebcaff0e,2025-02,South Yorkshire Police,South Yorkshire Police,-1.276961,53.425951,On or near Sycamore Avenue,E01007682,Rotherham 019A,Other theft,Unable to prosecute suspect,
2fc4ac9448fd43a0573578047330093b3897088513a4ee3071415fb5abbddc5d,2025-02,South Yorkshire Police,South Yorkshire Police,-1.274326,53.427796,On or near Linden Avenue,E01007682,Rotherham 019A,Other theft,Investigation complete; no suspect identified,
f19d2cd565eb4dd9bf9d2b2b321b912b4955d2ffe73036827010a8dfd1376a45,2025-02,South Yorkshire Police,South Yorkshire Police,-1.278246,53.425572,On or near Myrtle Crescent,E01007682,Rotherham 019A,Vehicle crime,Investigation complete; no suspect identified,
407abf170d48c317875371d5fbadfb9a6a404f8c1fc199fa73d798a8d5a4629f,2025-02,South Yorkshire Police,South Yorkshire Police,-1.276791,53.426229,On or near Sycamore Avenue,E01007682,Rotherham 019A,Vehicle crime,Investigation complete; no suspect identified,
987365f2d33364fa9e5af36ae2b439a7ee1f81d542c8d7c0586056e312345d46,2025-02,South Yorkshire Police,South Yorkshire Police,-1.269738,53.428550,On or near Frogmore Close,E01007683,Rotherham 019B,Burglary,Investigation complete; no suspect identified,
239e862eb56cabd752dd9035610490413ae71b58f4f08596b3224d282d225bc9,2025-02,South Yorkshire Police,South Yorkshire Police,-1.274701,53.428733,On or near Sycamore Avenue,E01007683,Rotherham 019B,Criminal damage and arson,Unable to prosecute suspect,
b2a379bd491d208ca0f3ebf81268348579703c8901b390573bd154dbd9a4b994,2025-02,South Yorkshire Police,South Yorkshire Police,-1.274701,53.428733,On or near Sycamore Avenue,E01007683,Rotherham 019B,Vehicle crime,Investigation complete; no suspect identified,
bf7fc54f87bdf7a2183b3c6920f4ea4f28e409f77934f97f08bebcb673bb272a,2025-02,South Yorkshire Police,South Yorkshire Police,-1.269703,53.427057,On or near Cambron Gardens,E01007683,Rotherham 019B,Violence and sexual offences,Unable to prosecute suspect,
0eb81a91c6a71cb86ae3e88d732d9173ec61bad630d639ffe63e764c6f9fda95,2025-02,South Yorkshire Police,South Yorkshire Police,-1.272197,53.430848,On or near Belvedere Parade,E01007683,Rotherham 019B,Violence and sexual offences,Unable to prosecute suspect,
,2025-02,South Yorkshire Police,South Yorkshire Police,-1.283400,53.420695,On or near Tanfield Way,E01007686,Rotherham 019C,Anti-social behaviour,,
7a1c717b7846c10ba412c303f785c0911d7a9d42c94ae75fe66dbaa4874437e6,2025-02,South Yorkshire Police,South Yorkshire Police,-1.284265,53.422022,On or near The Grove,E01007686,Rotherham 019C,Burglary,Investigation complete; no suspect identified,
528d00c078da84301e7c045ca1de61c471d3ad5b9456ea20ca706fd98b2b0eef,2025-02,South Yorkshire Police,South Yorkshire Police,-1.283400,53.420695,On or near Tanfield Way,E01007686,Rotherham 019C,Criminal damage and arson,Investigation complete; no suspect identified,
6a2158cc881df5738f59513b5ac5326cb0d8dda01d2b921a3e949d6e7d7b8cff,2025-02,South Yorkshire Police,South Yorkshire Police,-1.283400,53.420695,On or near Tanfield Way,E01007686,Rotherham 019C,Criminal damage and arson,Investigation complete; no suspect identified,
1fbcb1117abfc8c612e9c1cd12a67b61da44f9d7845ce9f0905d71bae5172ac9,2025-02,South Yorkshire Police,South Yorkshire Police,-1.283318,53.417513,On or near Churchfield Drive,E01007686,Rotherham 019C,Other theft,Investigation complete; no suspect identified,
aabeb26c9c1291be24875f140e929d73443a01c0e21fad25b743640c0b4f4942,2025-02,South Yorkshire Police,South Yorkshire Police,-1.280469,53.422278,On or near Northfield Court,E01007686,Rotherham 019C,Other theft,Investigation complete; no suspect identified,
c1d548e0fc12674057195fc93000797469a330be38095771fa959a4c41917c61,2025-02,South Yorkshire Police,South Yorkshire Police,-1.284911,53.420327,On or near Fairways,E01007686,Rotherham 019C,Shoplifting,Investigation complete; no suspect identified,
d3c7f4b4acae8775131fec0115a375a206aae0e4a813309b17bb54069881450d,2025-02,South Yorkshire Police,South Yorkshire Police,-1.283400,53.420695,On or near Tanfield Way,E01007686,Rotherham 019C,Violence and sexual offences,Unable to prosecute suspect,
14a0d9a88b9a02ed9d67d4d3f10df1180c99b4f3e7544d57c8dbce90d459df71,2025-02,South Yorkshire Police,South Yorkshire Police,-1.283400,53.420695,On or near Tanfield Way,E01007686,Rotherham 019C,Violence and sexual offences,Unable to prosecute suspect,
a80ef12aee51f1f39baecfe0335534e9e0200b9d9c7218ae38d15496a58ab40b,2025-02,South Yorkshire Police,South Yorkshire Police,-1.284265,53.422022,On or near The Grove,E01007686,Rotherham 019C,Violence and sexual offences,Investigation complete; no suspect identified,
5eb2f399005ceebb96c2a59e23b6a8a4c21614478e58f304a86da12cd1f48603,2025-02,South Yorkshire Police,South Yorkshire Police,-1.282542,53.422470,On or near Willow Court,E01007686,Rotherham 019C,Violence and sexual offences,Unable to prosecute suspect,
f41e535e0d183e8025f78d1f958530a9a0b638370bc95c93bfcc83fa207a9919,2025-02,South Yorkshire Police,South Yorkshire Police,-1.289848,53.422055,On or near Springfield Road,E01007688,Rotherham 019D,Vehicle crime,Investigation complete; no suspect identified,
cc44540093043742ae1773efcb0bf95c5ac023f9fa1b89427107c575a75616d7,2025-02,South Yorkshire Police,South Yorkshire Police,-1.273857,53.431451,On or near Belford Drive,E01007725,Rotherham 019E,Vehicle crime,Investigation complete; no suspect identified,
bf55e1fb74c9d856aa9d2c5dea92a1bb6c1a0ffa67922bc863a2cf18fc9dc028,2025-02,South Yorkshire Police,South Yorkshire Police,-1.275927,53.432758,On or near St Andrews Close,E01007725,Rotherham 019E,Violence and sexual offences,Unable to prosecute suspect,
,2025-02,South Yorkshire Police,South Yorkshire Police,-1.288021,53.429799,On or near Sports/Recreation Area,E01007726,Rotherham 019F,Anti-social behaviour,,
09ee6907bda59d639b9b359723edd799b5cce1bd182162d07782d1c68c2bfb17,2025-02,South Yorkshire Police,South Yorkshire Police,-1.282504,53.426533,On or near Gainsborough Close,E01007726,Rotherham 019F,Criminal damage and arson,Investigation complete; no suspect identified,
17c37227369591ff4ef6d32b3dd62f8313e09c1339e3485b7699537ddd418671,2025-02,South Yorkshire Police,South Yorkshire Police,-1.283042,53.427686,On or near Romney Close,E01007726,Rotherham 019F,Other theft,Unable to prosecute suspect,
efd3ae384feee6eb4803bacbc2e779b89eebd74ca93850b0fed45dd34dbbb56b,2025-02,South Yorkshire Police,South Yorkshire Police,-1.282504,53.426533,On or near Gainsborough Close,E01007726,Rotherham 019F,Public order,Investigation complete; no suspect identified,
017ffd8726cd9570a5071f6bee50ec221624c55eb77e61e3e3f9f052a413954b,2025-02,South Yorkshire Police,South Yorkshire Police,-1.285464,53.428636,On or near Fleming Gardens,E01007726,Rotherham 019F,Shoplifting,Unable to prosecute suspect,
137114cc53f62b133fe29023816bd591e0939cc9d4124f6d0c8c27b4b1d2bb55,2025-02,South Yorkshire Police,South Yorkshire Police,-1.285464,53.428636,On or near Fleming Gardens,E01007726,Rotherham 019F,Shoplifting,Investigation complete; no suspect identified,
4f7b1d03bf836711db92efa0287070503d165772aee36f442fb5f4b52bc79f6a,2025-02,South Yorkshire Police,South Yorkshire Police,-1.278407,53.427632,On or near Willow Close,E01007726,Rotherham 019F,Vehicle crime,Unable to prosecute suspect,
293770c02c57eb9d8c96779a9e7b6ab9ea3fd68864841bd345874bdd508364c5,2025-02,South Yorkshire Police,South Yorkshire Police,-1.279668,53.428709,On or near Oak Close,E01007726,Rotherham 019F,Violence and sexual offences,Unable to prosecute suspect,
33035987246cc1c5d8c87c11bd77c4a5605fe35bb942fbfcb9cecab2deb9e4bc,2025-02,South Yorkshire Police,South Yorkshire Police,-1.283042,53.427686,On or near Romney Close,E01007726,Rotherham 019F,Violence and sexual offences,Investigation complete; no suspect identified,
7db3563d095f50057130eff8f4d6d7fb4973aed177a2cbab9ee58f5b863670f1,2025-02,South Yorkshire Police,South Yorkshire Police,-1.285464,53.428636,On or near Fleming Gardens,E01007726,Rotherham 019F,Violence and sexual offences,Unable to prosecute suspect,
f1d1457e518bb2df3e32537fd972615200ed8947014d65e27202f22cce7e5311,2025-02,South Yorkshire Police,South Yorkshire Police,-1.283042,53.427686,On or near Romney Close,E01007726,Rotherham 019F,Violence and sexual offences,Unable to prosecute suspect,
d0fc1aa89a92b5027b8f0766ebb03bd59ba7ef736dc53b5d668126345a91a766,2025-02,South Yorkshire Police,South Yorkshire Police,-1.283042,53.427686,On or near Romney Close,E01007726,Rotherham 019F,Violence and sexual offences,Investigation complete; no suspect identified,
59371fab9bf0f0972d13ec7bb9436914fa4b66569c4a05fb5a4caf6156a0253f,2025-02,South Yorkshire Police,South Yorkshire Police,-1.279803,53.427847,On or near Hornbeam Road,E01007726,Rotherham 019F,Violence and sexual offences,Awaiting court outcome,
5068ab0cba0aea2483a2d7f214e04cbee72a22d60c58d2cfa1253a35f7057b55,2025-02,South Yorkshire Police,South Yorkshire Police,-1.281393,53.427290,On or near Reynolds Close,E01007726,Rotherham 019F,Violence and sexual offences,Unable to prosecute suspect,
4d82253a5d639bca10be3ae0634a5b1754213ad97b92b59f69be5c4656caffa5,2025-02,South Yorkshire Police,South Yorkshire Police,-1.279803,53.427847,On or near Hornbeam Road,E01007726,Rotherham 019F,Violence and sexual offences,Unable to prosecute suspect,
,2025-02,South Yorkshire Police,South Yorkshire Police,-1.190456,53.433944,On or near Parking Area,E01007757,Rotherham 020A,Anti-social behaviour,,
fddd398086ea090993cb2e7622c25c26f726322d0755e8804004dd37c65bf291,2025-02,South Yorkshire Police,South Yorkshire Police,-1.191686,53.430213,On or near Nookery Close,E01007757,Rotherham 020A,Burglary,Investigation complete; no suspect identified,
5caad4dee2a4237a459f7258d4bfa71af30a949a4289790516bb3fb4902d5bbd,2025-02,South Yorkshire Police,South Yorkshire Police,-1.198443,53.429459,On or near Clarence Place,E01007757,Rotherham 020A,Violence and sexual offences,Action to be taken by another organisation,
04e0a7128fec267fb0f2b01ac59ac686f1acf0a5c18ad8804f2670ee747b5592,2025-02,South Yorkshire Police,South Yorkshire Police,-1.208673,53.430480,On or near Springvale Close,E01007758,Rotherham 020B,Burglary,Investigation complete; no suspect identified,
ff477141a20bb036eb8d156bacef646148c24e4345bba28d5d2f58021eaa197e,2025-02,South Yorkshire Police,South Yorkshire Police,-1.204682,53.429006,On or near Plantation Close,E01007758,Rotherham 020B,Burglary,Investigation complete; no suspect identified,
0e3236d6336b22ae8ec399297deee0425e5bde2371f399d55073561ada29de95,2025-02,South Yorkshire Police,South Yorkshire Police,-1.204682,53.429006,On or near Plantation Close,E01007758,Rotherham 020B,Burglary,Investigation complete; no suspect identified,
86971bc96c41e381ff6bc3d59cac0d50c6ccf936ec216d1c413f5e91c74fc93f,2025-02,South Yorkshire Police,South Yorkshire Police,-1.208856,53.428728,On or near Waterstone Close,E01007758,Rotherham 020B,Public order,Unable to prosecute suspect,
71a2de64e351b3c6ed47693f441ee6a2381f6e5b6cc1c82081f19d792e6ca0f1,2025-02,South Yorkshire Police,South Yorkshire Police,-1.208673,53.430480,On or near Springvale Close,E01007758,Rotherham 020B,Vehicle crime,Investigation complete; no suspect identified,
cb9d673e63be519e972a540e7bab604cca3c213411866d1243b4b755130e828a,2025-02,South Yorkshire Police,South Yorkshire Police,-1.206061,53.426921,On or near Norwood Close,E01007758,Rotherham 020B,Violence and sexual offences,Unable to prosecute suspect,
3cf223ced66e847bf0dcb92a8c5fb50d91f4853fb814b4b8fe3c575e078c1fee,2025-02,South Yorkshire Police,South Yorkshire Police,-1.206061,53.426921,On or near Norwood Close,E01007758,Rotherham 020B,Other crime,Unable to prosecute suspect,
f4c7dbd6a8c76fc5d3bf52f4493c47ddef33b493a8ca5ff569f395fbb57f4ed5,2025-02,South Yorkshire Police,South Yorkshire Police,-1.202310,53.431121,On or near Morrison Avenue,E01007758,Rotherham 020B,Other crime,Unable to prosecute suspect,
ab17977f6b9f723cfc9618de3e32ca0dadf41c6c4e14a9d28059882387e6cf1b,2025-02,South Yorkshire Police,South Yorkshire Police,-1.204682,53.429006,On or near Plantation Close,E01007758,Rotherham 020B,Other crime,Status update unavailable,
,2025-02,South Yorkshire Police,South Yorkshire Police,-1.192279,53.425939,On or near Birchfield Road,E01007759,Rotherham 020C,Anti-social behaviour,,
,2025-02,South Yorkshire Police,South Yorkshire Police,-1.191994,53.428247,On or near Thicket Drive,E01007759,Rotherham 020C,Anti-social behaviour,,
f7d5a6fdd5cb79c1bc97db65ff11e799eca8e4850312b7dbacc644d228dad48b,2025-02,South Yorkshire Police,South Yorkshire Police,-1.194696,53.427025,On or near Haslam Place,E01007759,Rotherham 020C,Burglary,Investigation complete; no suspect identified,
8360c412708623e66db3ba5a94e42bc3384c1c8c124f99d170efc62d13c4275f,2025-02,South Yorkshire Police,South Yorkshire Police,-1.190872,53.428689,On or near Leaf Close,E01007759,Rotherham 020C,Drugs,Local resolution,
af1bbec2da374f80bd8db969d44e3ef7ba14f119b3a8ef23334c0d621471a04f,2025-02,South Yorkshire Police,South Yorkshire Police,-1.191405,53.424405,On or near Heatherdale Road,E01007759,Rotherham 020C,Vehicle crime,Investigation complete; no suspect identified,
e7a2c1dfdf3a1a4d793df95f5cc23ec7dd8b1db0450f583990fef865b61869f3,2025-02,South Yorkshire Police,South Yorkshire Police,-1.191405,53.424405,On or near Heatherdale Road,E01007759,Rotherham 020C,Violence and sexual offences,Unable to prosecute suspect,
2f39b5e7f04fc6f9bab1d405256758eb6e45d33d49047ccc94048522e5245095,2025-02,South Yorkshire Police,South Yorkshire Police,-1.191405,53.424405,On or near Heatherdale Road,E01007759,Rotherham 020C,Violence and sexual offences,Unable to prosecute suspect,
5c6ae5f1fc7b9378adaa4cb8a587047383f267a66ae402b44fa84042b9a2d671,2025-02,South Yorkshire Police,South Yorkshire Police,-1.191405,53.424405,On or near Heatherdale Road,E01007759,Rotherham 020C,Violence and sexual offences,Unable to prosecute suspect,
,2025-02,South Yorkshire Police,South Yorkshire Police,-1.194419,53.419374,On or near Somerset Street,E01007760,Rotherham 020D,Anti-social behaviour,,
,2025-02,South Yorkshire Police,South Yorkshire Police,-1.188061,53.420598,On or near Purcell Close,E01007760,Rotherham 020D,Anti-social behaviour,,
775bcb0c545b3caed402dc27251a61559353f1cc71eee0ecd0ab058b8e37f020,2025-02,South Yorkshire Police,South Yorkshire Police,-1.194419,53.419374,On or near Somerset Street,E01007760,Rotherham 020D,Burglary,Investigation complete; no suspect identified,
ab668d17434ac3266999a70fb6e8653a201a6553f275ae70fbf07dd9f131eb2e,2025-02,South Yorkshire Police,South Yorkshire Police,-1.194976,53.419350,On or near Albert Street,E01007760,Rotherham 020D,Criminal damage and arson,Investigation complete; no suspect identified,
bbfebab2d585d92e6735e6a58c81fdf91222e22ff8e57b518944467d03cfc42f,2025-02,South Yorkshire Police,South Yorkshire Police,-1.197221,53.417604,On or near Millicent Square,E01007760,Rotherham 020D,Criminal damage and arson,Investigation complete; no suspect identified,
228df0d9714a6d80fd69d90a5d5b0db06e82b208a4746b53f7aa083225803c42,2025-02,South Yorkshire Police,South Yorkshire Police,-1.193010,53.418330,On or near Attlee Close,E01007760,Rotherham 020D,Criminal damage and arson,Unable to prosecute suspect,
8a7831384f33b86d6e990244028b4aa06e2bb0b10958ebcc1c2a6e79efeeef16,2025-02,South Yorkshire Police,South Yorkshire Police,-1.191131,53.421392,On or near Tickhill Road,E01007760,Rotherham 020D,Other theft,Unable to prosecute suspect,
513ca7d870177a5d7122055f30940d2007cc863e1cfc5957a043957f0cd6b30a,2025-02,South Yorkshire Police,South Yorkshire Police,-1.193562,53.420941,On or near Hamilton Road,E01007760,Rotherham 020D,Public order,Awaiting court outcome,
136934d550fb4bd85f5b162f7d094aa1ce7cf508efb4899da23528c1c54dfde2,2025-02,South Yorkshire Police,South Yorkshire Police,-1.194293,53.422078,On or near Hoyland Street,E01007760,Rotherham 020D,Public order,Unable to prosecute suspect,
6a61ae3f0fe0d7b8f24a35452d9246028b209a73849a75ab4700b49f8c35eb6d,2025-02,South Yorkshire Police,South Yorkshire Police,-1.193562,53.420941,On or near Hamilton Road,E01007760,Rotherham 020D,Shoplifting,Awaiting court outcome,
f94e610da222ee7763d98b3c41028cec881aabee31fa74b9316a6a7c7a086dc4,2025-02,South Yorkshire Police,South Yorkshire Police,-1.193562,53.420941,On or near Hamilton Road,E01007760,Rotherham 020D,Shoplifting,Awaiting court outcome,
bbb79d14f3fe90843d0294242989003114071fb35de5903d0ae28e10b80fa4f9,2025-02,South Yorkshire Police,South Yorkshire Police,-1.193562,53.420941,On or near Hamilton Road,E01007760,Rotherham 020D,Shoplifting,Local resolution,
bcd4caffef379b964da456cd9170758d7fdcca64184f26c4df4a1650b48c325d,2025-02,South Yorkshire Police,South Yorkshire Police,-1.193562,53.420941,On or near Hamilton Road,E01007760,Rotherham 020D,Shoplifting,Awaiting court outcome,
c30d17790a6c495168bf7c6d81e8029cbe3550b8709dcd331da94cb3c85041af,2025-02,South Yorkshire Police,South Yorkshire Police,-1.193562,53.420941,On or near Hamilton Road,E01007760,Rotherham 020D,Shoplifting,Awaiting court outcome,
40a82b3e54e7104950e8d40e5aecad5771960557baa75243764d21f19035ec57,2025-02,South Yorkshire Police,South Yorkshire Police,-1.194971,53.418038,On or near Duke Avenue,E01007760,Rotherham 020D,Theft from the person,Investigation complete; no suspect identified,
c5f1db839ed746abe36b40c83e00cdd97200894c1ad7d9de703d05f86ca372b2,2025-02,South Yorkshire Police,South Yorkshire Police,-1.193562,53.420941,On or near Hamilton Road,E01007760,Rotherham 020D,Violence and sexual offences,Unable to prosecute suspect,
6c93c4cfd63fd4744e6529336ea6f146e501b46b290a870f368059026889d812,2025-02,South Yorkshire Police,South Yorkshire Police,-1.196502,53.417428,On or near Queen Mary Street,E01007760,Rotherham 020D,Violence and sexual offences,Unable to prosecute suspect,
3aa00b2198edcb82d0729c997c8c10228698def025afe73b62eb3cc31e173bf7,2025-02,South Yorkshire Police,South Yorkshire Police,-1.196502,53.417428,On or near Queen Mary Street,E01007760,Rotherham 020D,Violence and sexual offences,Unable to prosecute suspect,
1cdf5abae02bbd2246f73fb822dadc499aaedd60e7246f9ef6cf719fb64eec23,2025-02,South Yorkshire Police,South Yorkshire Police,-1.194293,53.422078,On or near Hoyland Street,E01007760,Rotherham 020D,Violence and sexual offences,Unable to prosecute suspect,
2ed867d06a984ddf70308ed2b977c1f85c4e8f4c9fc5e2ec40d62861f995ab8a,2025-02,South Yorkshire Police,South Yorkshire Police,-1.191505,53.422275,On or near Seymour Road,E01007760,Rotherham 020D,Other crime,Investigation complete; no suspect identified,
,2025-02,South Yorkshire Police,South Yorkshire Police,-1.196805,53.423731,On or near B6427,E01007763,Rotherham 020E,Anti-social behaviour,,
,2025-02,South Yorkshire Police,South Yorkshire Police,-1.205568,53.421875,On or near Meadow Spring View,E01007763,Rotherham 020E,Anti-social behaviour,,
,2025-02,South Yorkshire Police,South Yorkshire Police,-1.202019,53.422535,On or near Supermarket,E01007763,Rotherham 020E,Anti-social behaviour,,
,2025-02,South Yorkshire Police,South Yorkshire Police,-1.196805,53.423731,On or near B6427,E01007763,Rotherham 020E,Anti-social behaviour,,
,2025-02,South Yorkshire Police,South Yorkshire Police,-1.205568,53.421875,On or near Meadow Spring View,E01007763,Rotherham 020E,Anti-social behaviour,,
,2025-02,South Yorkshire Police,South Yorkshire Police,-1.196805,53.423731,On or near B6427,E01007763,Rotherham 020E,Anti-social behaviour,,
,2025-02,South Yorkshire Police,South Yorkshire Police,-1.205568,53.421875,On or near Meadow Spring View,E01007763,Rotherham 020E,Anti-social behaviour,,
,2025-02,South Yorkshire Police,South Yorkshire Police,-1.202685,53.421505,On or near Foxcroft Meadows,E01007763,Rotherham 020E,Anti-social behaviour,,
b1b8c8138c3626bcf433bdc70dba0e55082225146f79b8831000b7e1fd09cf81,2025-02,South Yorkshire Police,South Yorkshire Police,-1.199816,53.420443,On or near Carlyle Court,E01007763,Rotherham 020E,Burglary,Investigation complete; no suspect identified,
7677cda1d430613910e26020a2c5a3d6338c2b144997070068d38e6cedc3b7c1,2025-02,South Yorkshire Police,South Yorkshire Police,-1.193170,53.423374,On or near Stone Park Close,E01007763,Rotherham 020E,Drugs,Investigation complete; no suspect identified,
34ac31d1763635a86ed19bedd4e79e538bcfc2a10e6b89de21c8488469f4a23c,2025-02,South Yorkshire Police,South Yorkshire Police,-1.191896,53.423087,On or near Farquhar Road,E01007763,Rotherham 020E,Drugs,Status update unavailable,
09038306d975ab555e074726dfd7d19eb79da116a8e788f0b03b1d529a461e4f,2025-02,South Yorkshire Police,South Yorkshire Police,-1.205568,53.421875,On or near Meadow Spring View,E01007763,Rotherham 020E,Other theft,Investigation complete; no suspect identified,
4481f57d59585470cc0db838f041eb0663595d90d0c7b5392b75ffcb269cc651,2025-02,South Yorkshire Police,South Yorkshire Police,-1.198217,53.418266,On or near Queen Avenue,E01007763,Rotherham 020E,Other theft,Investigation complete; no suspect identified,
cf4d9d948bac645c6ff8ea22f6035ca4abb11d38648bfd6b741c0426af6abdc1,2025-02,South Yorkshire Police,South Yorkshire Police,-1.205568,53.421875,On or near Meadow Spring View,E01007763,Rotherham 020E,Public order,Investigation complete; no suspect identified,
0bc7abb03af582c776e8c5a684788cb9a0d97fd58fc1e60aec32c3f7d166c47e,2025-02,South Yorkshire Police,South Yorkshire Police,-1.202685,53.421505,On or near Foxcroft Meadows,E01007763,Rotherham 020E,Public order,Investigation complete; no suspect identified,
553fbccf30439bdae87615b6df5df565b1ad76ea9705d64d0274875ab97a054a,2025-02,South Yorkshire Police,South Yorkshire Police,-1.207028,53.421858,On or near Church Lane,E01007763,Rotherham 020E,Violence and sexual offences,Investigation complete; no suspect identified,
f30bd2cf8fa9616bae98897e5d85bd8efea98334b00ddde746b554c1b8eef419,2025-02,South Yorkshire Police,South Yorkshire Police,-1.205568,53.421875,On or near Meadow Spring View,E01007763,Rotherham 020E,Violence and sexual offences,Unable to prosecute suspect,
7d38a2a89958a4d23d7134db2bc0e7a5ff132ce4b9101fe0d0d9f24a7fb41836,2025-02,South Yorkshire Police,South Yorkshire Police,-1.196805,53.423731,On or near B6427,E01007763,Rotherham 020E,Violence and sexual offences,Offender given a caution,
6ec5a36c2235a932d3a9662381ed2376e4035227386c0a4b0ffda253ecaa1eb3,2025-02,South Yorkshire Police,South Yorkshire Police,-1.202685,53.421505,On or near Foxcroft Meadows,E01007763,Rotherham 020E,Violence and sexual offences,Unable to prosecute suspect,
a61ee618b8f3c3fb3409906372f8a0f3dc2c417a08b01d92f83fe78ff347f387,2025-02,South Yorkshire Police,South Yorkshire Police,-1.202019,53.422535,On or near Supermarket,E01007763,Rotherham 020E,Violence and sexual offences,Unable to prosecute suspect,
fc816924e3e669d97eb5fec08f624e5837d08fccf7e59bde7de1843364ba65bf,2025-02,South Yorkshire Police,South Yorkshire Police,-1.205568,53.421875,On or near Meadow Spring View,E01007763,Rotherham 020E,Violence and sexual offences,Unable to prosecute suspect,
acab76241c787f6af5edabb165b761f88bd55e054816fd8c40334e29d2c36515,2025-02,South Yorkshire Police,South Yorkshire Police,-1.201948,53.423127,On or near High Street,E01007763,Rotherham 020E,Violence and sexual offences,Local resolution,
0971249f538dbb0ee858d3de0867fdce2664f71291796e963315378b0f005503,2025-02,South Yorkshire Police,South Yorkshire Police,-1.202685,53.421505,On or near Foxcroft Meadows,E01007763,Rotherham 020E,Violence and sexual offences,Unable to prosecute suspect,
a2e7949f45820a970734055aa8744cd08265ca4d9bbbfcba9ec581877ae345d1,2025-02,South Yorkshire Police,South Yorkshire Police,-1.198595,53.424570,On or near Charnell Avenue,E01007763,Rotherham 020E,Violence and sexual offences,Unable to prosecute suspect,
8e9387308a90dedc63da4b9ea4124012453e720f9604dcccfb1a7a1fd0583266,2025-02,South Yorkshire Police,South Yorkshire Police,-1.207028,53.421858,On or near Church Lane,E01007763,Rotherham 020E,Violence and sexual offences,Unable to prosecute suspect,
d5852a48ca418fd9272fbe078e8d5f95057c4dca7dd3494a463831fb5c2f4931,2025-02,South Yorkshire Police,South Yorkshire Police,-1.192041,53.422593,On or near Nelson Road,E01007763,Rotherham 020E,Violence and sexual offences,Unable to prosecute suspect,
,2025-02,South Yorkshire Police,South Yorkshire Police,-1.187566,53.406302,On or near Gipsy Lane,E01007764,Rotherham 020F,Anti-social behaviour,,
,2025-02,South Yorkshire Police,South Yorkshire Police,-1.190559,53.422179,On or near Fisher Road,E01007764,Rotherham 020F,Anti-social behaviour,,
dfe3849660e3c9b5e07bfe38008fc0d7b7ae4a14d4e859f46e7ae2deb3aef967,2025-02,South Yorkshire Police,South Yorkshire Police,-1.188255,53.417543,On or near Lee Croft,E01007764,Rotherham 020F,Criminal damage and arson,Investigation complete; no suspect identified,
402cbd441d6f53f5afe85af11bbec96eb776cd5368fa62fc8038b0b55df74c12,2025-02,South Yorkshire Police,South Yorkshire Police,-1.195919,53.416471,On or near Parking Area,E01007764,Rotherham 020F,Drugs,Unable to prosecute suspect,
8f123ce09bf0f9b8292447f2a5439ca83d8302a48c826a73d379a406466dbc40,2025-02,South Yorkshire Police,South Yorkshire Police,-1.189629,53.422047,On or near Glencairn Close,E01007764,Rotherham 020F,Other theft,Unable to prosecute suspect,
11cc47a165299c9a03791a60d938ed8380db43e1c143c0af465ca8969ea9517e,2025-02,South Yorkshire Police,South Yorkshire Police,-1.187826,53.416363,On or near Birks Holt Drive,E01007764,Rotherham 020F,Vehicle crime,Investigation complete; no suspect identified,
44524e0cab7495b9eaa4d01075fde089da6e39cc5ed33fd1fab314dbb5ea7c2b,2025-02,South Yorkshire Police,South Yorkshire Police,-1.190559,53.422179,On or near Fisher Road,E01007764,Rotherham 020F,Violence and sexual offences,Unable to prosecute suspect,
b1c82b9aca5d910c0a0c77e555020cc311122c09f71da0daf9f792329fddff18,2025-02,South Yorkshire Police,South Yorkshire Police,-1.186209,53.419102,On or near Sousa Street,E01007764,Rotherham 020F,Violence and sexual offences,Unable to prosecute suspect,
f6d2307028df6c5226cdb1a15eb8d81c484a9c7ef15cfc2b5174f4551247ecfd,2025-02,South Yorkshire Police,South Yorkshire Police,-1.188255,53.417543,On or near Lee Croft,E01007764,Rotherham 020F,Violence and sexual offences,Unable to prosecute suspect,
929a7c2a9f184757951f34f809567a8e6ffe0a4acd0944f8503a0c1706bb8ea9,2025-02,South Yorkshire Police,South Yorkshire Police,-1.190125,53.422050,On or near Beresford Road,E01007764,Rotherham 020F,Violence and sexual offences,Unable to prosecute suspect,
,2025-02,South Yorkshire Police,South Yorkshire Police,-1.326613,53.424713,On or near Swinburne Place,E01007708,Rotherham 021A,Anti-social behaviour,,
,2025-02,South Yorkshire Police,South Yorkshire Police,-1.329965,53.422080,On or near Chatterton Drive,E01007708,Rotherham 021A,Anti-social behaviour,,
45f98bd1760dedddbaa92599846723e75dfaefb2a6fd4047276f5d9c1830b626,2025-02,South Yorkshire Police,South Yorkshire Police,-1.327180,53.423116,On or near Beaumont Drive,E01007708,Rotherham 021A,Criminal damage and arson,Unable to prosecute suspect,
7ca656c5bc7e8df8f4558e51bac03430cda5e0a42b6fc80fb8580175ce17dbe9,2025-02,South Yorkshire Police,South Yorkshire Police,-1.326613,53.424713,On or near Swinburne Place,E01007708,Rotherham 021A,Criminal damage and arson,Investigation complete; no suspect identified,
2979ece5a0148de3b3e85879f5ab11ca37ec5493b80cfa3b6379825db3b087f4,2025-02,South Yorkshire Police,South Yorkshire Police,-1.330390,53.420905,On or near Durham Place,E01007708,Rotherham 021A,Drugs,Investigation complete; no suspect identified,
aaced243e053740a835f8de6829925df27aa62bc3fb688eee5f109961f60707f,2025-02,South Yorkshire Police,South Yorkshire Police,-1.326146,53.425645,On or near Parking Area,E01007708,Rotherham 021A,Other theft,Awaiting court outcome,
51a5b0600a9a5124ef95b78b65fd07e56cee673bbbb3fb60edcf4bbdd5c8e253,2025-02,South Yorkshire Police,South Yorkshire Police,-1.330390,53.420905,On or near Durham Place,E01007708,Rotherham 021A,Other theft,Unable to prosecute suspect,
854dc37fccff20b73386cb099fd6b3a4f8f1d50219d002c65229e8c1dc10a6e7,2025-02,South Yorkshire Police,South Yorkshire Police,-1.324760,53.422923,On or near Dukes Place,E01007708,Rotherham 021A,Vehicle crime,Investigation complete; no suspect identified,
cd49f4c0bce3c41fe321c70be956f3c1583c4b8ebed472844c59dd3de27760ff,2025-02,South Yorkshire Police,South Yorkshire Police,-1.324651,53.423156,On or near Herringthorpe Close,E01007708,Rotherham 021A,Violence and sexual offences,Unable to prosecute suspect,
70166a6df79bf4938f030f0e36fd550548cf3755519fc1809836e40de89321e0,2025-02,South Yorkshire Police,South Yorkshire Police,-1.327224,53.422236,On or near Shenstone Road,E01007708,Rotherham 021A,Violence and sexual offences,Investigation complete; no suspect identified,
8b91d542d253c19b81ce07c264eaa41c6c908f31d646e9f620c6149d50e57188,2025-02,South Yorkshire Police,South Yorkshire Police,-1.330390,53.420905,On or near Durham Place,E01007708,Rotherham 021A,Violence and sexual offences,Unable to prosecute suspect,
c1b1b2d18aeb57e3e0a5dc61c69dbc32dca43f9f429428dea990ea3f4b18723a,2025-02,South Yorkshire Police,South Yorkshire Police,-1.326613,53.424713,On or near Swinburne Place,E01007708,Rotherham 021A,Violence and sexual offences,Investigation complete; no suspect identified,
55ea0f7b1360e8d014ae9d83979cee8c53f0ae93814723fbed678f301ca6c592,2025-02,South Yorkshire Police,South Yorkshire Police,-1.330390,53.420905,On or near Durham Place,E01007708,Rotherham 021A,Violence and sexual offences,Investigation complete; no suspect identified,
57409275427ef7fd23bba9b4030c68c862ce60ed91cd4ec41d15e34fb481ea84,2025-02,South Yorkshire Police,South Yorkshire Police,-1.326613,53.424713,On or near Swinburne Place,E01007708,Rotherham 021A,Violence and sexual offences,Investigation complete; no suspect identified,
4f63a2b22ae46a1eb9f851ea4b1feff1b67494c8927a750b34e539f2b22ee3ec,2025-02,South Yorkshire Police,South Yorkshire Police,-1.328312,53.423806,On or near Chaucer Road,E01007708,Rotherham 021A,Other crime,Unable to prosecute suspect,
fde6fb8b960dc214f24437d8755309d0dab3f393abeff74e185c252fd554fb81,2025-02,South Yorkshire Police,South Yorkshire Police,-1.322004,53.426844,On or near Herringthorpe Lane,E01007710,Rotherham 021C,Drugs,Local resolution,
0deda4a7f5c6b5654c4d7ef60e71707e1250864ba734aaa42996606bb6e87a66,2025-02,South Yorkshire Police,South Yorkshire Police,-1.316959,53.423283,On or near The Gorse,E01007710,Rotherham 021C,Violence and sexual offences,Unable to prosecute suspect,
,2025-02,South Yorkshire Police,South Yorkshire Police,-1.324408,53.416638,On or near Stag Lane,E01007711,Rotherham 021D,Anti-social behaviour,,
4344d548427b3852c9f048fffed9ff8ecd5f1bb419fa9a10477e15df79dd5d9b,2025-02,South Yorkshire Police,South Yorkshire Police,-1.322698,53.415343,On or near Stag Close,E01007711,Rotherham 021D,Criminal damage and arson,Unable to prosecute suspect,
90e55cc5eb298094539c30aeb25ca8069d740245b0c659f1baa4a21711d26f80,2025-02,South Yorkshire Police,South Yorkshire Police,-1.322698,53.415343,On or near Stag Close,E01007711,Rotherham 021D,Drugs,Unable to prosecute suspect,
5180ff02161142a1be66c02ea260de114eae6c1feab9f845b0efc06f4bb88421,2025-02,South Yorkshire Police,South Yorkshire Police,-1.320720,53.412994,On or near East Bawtry Road,E01007711,Rotherham 021D,Drugs,Unable to prosecute suspect,
9a5918312cc856f5c95a61c0bb869051c8a6c7f46870e116b75dd1411ef823d4,2025-02,South Yorkshire Police,South Yorkshire Police,-1.307423,53.419300,On or near Petrol Station,E01007711,Rotherham 021D,Shoplifting,Investigation complete; no suspect identified,
2c757d75ebd3133f6dfa5c473bf9cfb841a0d3e5819201136b06bbe770c8f8b5,2025-02,South Yorkshire Police,South Yorkshire Police,-1.319257,53.416015,On or near Bent Lathes Avenue,E01007711,Rotherham 021D,Violence and sexual offences,Unable to prosecute suspect,
450a63b12fdde1ad40641c3d5aa97e79b84a98ddc857655c86a49e9141c4cec0,2025-02,South Yorkshire Police,South Yorkshire Police,-1.322698,53.415343,On or near Stag Close,E01007711,Rotherham 021D,Violence and sexual offences,Awaiting court outcome,
9724a431576785090b1e52c2b7420e227b20e4f69f1541cc6bf5f2415509e1cc,2025-02,South Yorkshire Police,South Yorkshire Police,-1.322698,53.415343,On or near Stag Close,E01007711,Rotherham 021D,Violence and sexual offences,Unable to prosecute suspect,
d6db7ebd6a66b759e568093b0bf243ad4246bd8298001e6eb91c0833ea1c4f89,2025-02,South Yorkshire Police,South Yorkshire Police,-1.322698,53.415343,On or near Stag Close,E01007711,Rotherham 021D,Violence and sexual offences,Unable to prosecute suspect,
3d68216c1080956c677a25eefee475fb69478176dadf232e64bc83daeb8aff62,2025-02,South Yorkshire Police,South Yorkshire Police,-1.322698,53.415343,On or near Stag Close,E01007711,Rotherham 021D,Violence and sexual offences,Awaiting court outcome,
e3f60a817a0efc1504bd96c1dbdf95a85e0402ab90297724ab11c8c1713a09bb,2025-02,South Yorkshire Police,South Yorkshire Police,-1.320720,53.412994,On or near East Bawtry Road,E01007711,Rotherham 021D,Violence and sexual offences,Investigation complete; no suspect identified,
54b81fea342225437c3902df078b0bd28e8de9440d6c78bdad30b5480324c72f,2025-02,South Yorkshire Police,South Yorkshire Police,-1.322698,53.415343,On or near Stag Close,E01007711,Rotherham 021D,Violence and sexual offences,Awaiting court outcome,
,2025-02,South Yorkshire Police,South Yorkshire Police,-1.287996,53.426575,On or near Fleming Way,E01007724,Rotherham 021E,Anti-social behaviour,,
1935a05f166943f4d253bcfbabe2927ce4116587a9c83bc7e9bf43f1d6867cc0,2025-02,South Yorkshire Police,South Yorkshire Police,-1.288071,53.427528,On or near Magna Crescent,E01007724,Rotherham 021E,Burglary,Investigation complete; no suspect identified,
eef2f9d0d0144f44cd6c970956c7c6d34e41e0a1cba60270d77f051f4d9a044a,2025-02,South Yorkshire Police,South Yorkshire Police,-1.305613,53.422373,On or near Gibbing Greaves Road,E01007724,Rotherham 021E,Criminal damage and arson,Investigation complete; no suspect identified,
16f7caf2267ed820a081f39e6df4bb2f3d43199ec6f19a545eb8eb7b686aee03,2025-02,South Yorkshire Police,South Yorkshire Police,-1.306159,53.420249,On or near Shopping Area,E01007724,Rotherham 021E,Shoplifting,Unable to prosecute suspect,
ded1eb61e74e53d93a967f79c99cbffc9331e900988cbb7d81bf9d41e7ea918d,2025-02,South Yorkshire Police,South Yorkshire Police,-1.306159,53.420249,On or near Shopping Area,E01007724,Rotherham 021E,Shoplifting,Investigation complete; no suspect identified,
bd7dfeb3384fa35277accd554beba9b8f36419ee2f84fcac1a5822bd1b67f63a,2025-02,South Yorkshire Police,South Yorkshire Police,-1.306159,53.420249,On or near Shopping Area,E01007724,Rotherham 021E,Shoplifting,Investigation complete; no suspect identified,
8045a4d14309ae2899011e8449805050440cde3ad123a89bed951c0ff3b41bcd,2025-02,South Yorkshire Police,South Yorkshire Police,-1.306159,53.420249,On or near Shopping Area,E01007724,Rotherham 021E,Shoplifting,Investigation complete; no suspect identified,
5daf6934f85f0ac1e190cca45b362f52553f54fa4d446d66301934552937a9ca,2025-02,South Yorkshire Police,South Yorkshire Police,-1.308115,53.420239,On or near Butterfly Nook,E01007724,Rotherham 021E,Vehicle crime,Unable to prosecute suspect,
f662412c437d13429c1a010827c01c2b932d890428d02e05e06073aaa57c6d2d,2025-02,South Yorkshire Police,South Yorkshire Police,-1.288071,53.427528,On or near Magna Crescent,E01007724,Rotherham 021E,Vehicle crime,Investigation complete; no suspect identified,
a42ab0f03d8b4c3760f7630c778731dc21d37cc4c6ee72101578840d93fc18df,2025-02,South Yorkshire Police,South Yorkshire Police,-1.308115,53.420239,On or near Butterfly Nook,E01007724,Rotherham 021E,Vehicle crime,Investigation complete; no suspect identified,
7ac7035cac803cdbf46efec0edde1df94b029fd4fcae0182f04f90d8d7a8ed03,2025-02,South Yorkshire Police,South Yorkshire Police,-1.307245,53.421951,On or near Brecks Crescent,E01007724,Rotherham 021E,Vehicle crime,Investigation complete; no suspect identified,
7ac1ce112a7d165b3faac32f5425b7aa0b2b54ee6288d2a83cecc46f970d7045,2025-02,South Yorkshire Police,South Yorkshire Police,-1.308115,53.420239,On or near Butterfly Nook,E01007724,Rotherham 021E,Vehicle crime,Investigation complete; no suspect identified,
dd7e600c6a60bddcd9a03d79009d885aae46b9a9d2a1ed432237a083cf4b6d38,2025-02,South Yorkshire Police,South Yorkshire Police,-1.309660,53.422423,On or near Belcourt Road,E01007724,Rotherham 021E,Vehicle crime,Investigation complete; no suspect identified,
347bddaf47a8379b1859c950c39f9a86a74bf7dcc744298cca80fd7c97489351,2025-02,South Yorkshire Police,South Yorkshire Police,-1.305613,53.422373,On or near Gibbing Greaves Road,E01007724,Rotherham 021E,Violence and sexual offences,Unable to prosecute suspect,
60589ea36cb5b577754f2aaaeb69ac07a14dcdc078eb21e5de793b2926854162,2025-02,South Yorkshire Police,South Yorkshire Police,-1.305613,53.422373,On or near Gibbing Greaves Road,E01007724,Rotherham 021E,Violence and sexual offences,Unable to prosecute suspect,
1e3db59613e95aba835a129d69aefe38de878be1f642f48953634abdcdbf337b,2025-02,South Yorkshire Police,South Yorkshire Police,-1.306159,53.420249,On or near Shopping Area,E01007724,Rotherham 021E,Violence and sexual offences,Investigation complete; no suspect identified,
c6469bde8547eca76fce4d429fd8e41837733f378f382bf169bb85c1a541b2de,2025-02,South Yorkshire Police,South Yorkshire Police,-1.324588,53.426185,On or near Canterbury Close,E01007734,Rotherham 021F,Drugs,Status update unavailable,
bb4a2b32ab85cc3b33b3802eec7ecd16cce75e05b6bb9a73ba465851df2fe4c1,2025-02,South Yorkshire Police,South Yorkshire Police,-1.329319,53.426751,On or near Longfellow Fold,E01007734,Rotherham 021F,Other theft,Unable to prosecute suspect,
68b769a7960ca62ae15eb4a416966b34756d69356cf70df4f762ce91cdebe0e5,2025-02,South Yorkshire Police,South Yorkshire Police,-1.331743,53.428634,On or near Burns Road,E01007734,Rotherham 021F,Possession of weapons,Unable to prosecute suspect,
b773dcf1187d6b2b3211c95c612d6327252e55a6db686368c684eff304aa99e8,2025-02,South Yorkshire Police,South Yorkshire Police,-1.335093,53.429057,On or near Badsley Moor Lane,E01007734,Rotherham 021F,Violence and sexual offences,Unable to prosecute suspect,
a28e6f44c311d820d64b55524383c111dee8bac530606aefdd772a6ca1d42a46,2025-02,South Yorkshire Police,South Yorkshire Police,-1.331743,53.428634,On or near Burns Road,E01007734,Rotherham 021F,Violence and sexual offences,Unable to prosecute suspect,
16116298ae6d7b9600999733f930d129ed2280c8354966ff613e27e859b3a7ca,2025-02,South Yorkshire Police,South Yorkshire Police,-1.331743,53.428634,On or near Burns Road,E01007734,Rotherham 021F,Violence and sexual offences,Unable to prosecute suspect,
a73bb9f35d7c2364c4a55a4948703eeb2190f51e0b6488786a2ad0e75c7984f0,2025-02,South Yorkshire Police,South Yorkshire Police,-1.331743,53.428634,On or near Burns Road,E01007734,Rotherham 021F,Violence and sexual offences,Status update unavailable,
bfedfd3ecb2fa3480191e3f8255cdc2a9f435f37b15f571083dde64098fd1e7a,2025-02,South Yorkshire Police,South Yorkshire Police,-1.330451,53.428465,On or near Burns Drive,E01007734,Rotherham 021F,Violence and sexual offences,Unable to prosecute suspect,
fa0c67a27080113a39ab62d9b0f180602ed79d58c064fcc7417f0950b2b4bb1b,2025-02,South Yorkshire Police,South Yorkshire Police,-1.329319,53.426751,On or near Longfellow Fold,E01007734,Rotherham 021F,Violence and sexual offences,Unable to prosecute suspect,
,2025-02,South Yorkshire Police,South Yorkshire Police,-1.348986,53.421062,On or near Moorgate Lane,E01007675,Rotherham 023A,Anti-social behaviour,,
99519159ca45c16940d2f9faef76577c60dfaa546fbe60feab3a60303ea7ee8e,2025-02,South Yorkshire Police,South Yorkshire Police,-1.348986,53.421062,On or near Moorgate Lane,E01007675,Rotherham 023A,Burglary,Investigation complete; no suspect identified,
58f867e5fc47f9b558b50c8d942fa28087ceffa0a2c28dd2d4c1b58c8278fc65,2025-02,South Yorkshire Police,South Yorkshire Police,-1.348986,53.421062,On or near Moorgate Lane,E01007675,Rotherham 023A,Drugs,Local resolution,
43d83140d3f9835c5e9226d7dc302dc9d2c59a9f1fa470c3d84ff811c1b69360,2025-02,South Yorkshire Police,South Yorkshire Police,-1.348986,53.421062,On or near Moorgate Lane,E01007675,Rotherham 023A,Shoplifting,Unable to prosecute suspect,
fee68b8d4b19dfa6ef9afb9bd35ca67f46ad3433467fcf15b83729c97499f456,2025-02,South Yorkshire Police,South Yorkshire Police,-1.348986,53.421062,On or near Moorgate Lane,E01007675,Rotherham 023A,Shoplifting,Unable to prosecute suspect,
c065fe13b41a1b54affb17c230921f3f2f5a19ae89c6f5c17f625c42adbca261,2025-02,South Yorkshire Police,South Yorkshire Police,-1.343268,53.423943,On or near Fraser Road,E01007675,Rotherham 023A,Vehicle crime,Investigation complete; no suspect identified,
9ed18ac84b54f0d3ccbc189e192701ac633fbbd89dc3f0bd43be55fddf76c4fc,2025-02,South Yorkshire Police,South Yorkshire Police,-1.343493,53.420115,On or near Oxley Grove,E01007675,Rotherham 023A,Violence and sexual offences,Unable to prosecute suspect,
22abb292d0c00491c2ebe258fb44c469411267f67d5e90c345fb385bed03095b,2025-02,South Yorkshire Police,South Yorkshire Police,-1.343172,53.421389,On or near Broom Valley Road,E01007675,Rotherham 023A,Violence and sexual offences,Unable to prosecute suspect,
b02fd4f9fbe1db0cc3942452304415d6b2b91b7e1cfb6f74e66b730060351470,2025-02,South Yorkshire Police,South Yorkshire Police,-1.347385,53.418518,On or near College Park Close,E01007675,Rotherham 023A,Violence and sexual offences,Awaiting court outcome,
834ca776605e0260796c12e3de3548d5c2d9f8ce59c877f9f171b88a00dcafb4,2025-02,South Yorkshire Police,South Yorkshire Police,-1.343172,53.421389,On or near Broom Valley Road,E01007675,Rotherham 023A,Violence and sexual offences,Unable to prosecute suspect,
aadf9b88725666fde05f68eaebe0523f77739607cf22d5c83227b505c528c6d7,2025-02,South Yorkshire Police,South Yorkshire Police,-1.343493,53.420115,On or near Oxley Grove,E01007675,Rotherham 023A,Violence and sexual offences,Unable to prosecute suspect,
,2025-02,South Yorkshire Police,South Yorkshire Police,-1.340591,53.414166,On or near Baker Street,E01007678,Rotherham 023B,Anti-social behaviour,,
1ddbab7c645f5de3829b904ba61e20d5c0a78607e45cceeca55ef6830df9d183,2025-02,South Yorkshire Police,South Yorkshire Police,-1.343433,53.405454,On or near Haworth Bank,E01007678,Rotherham 023B,Criminal damage and arson,Investigation complete; no suspect identified,
6de7044d962eae7a3e648ece44201ba6d2f3115d9b7cf5e6bf414e16ce858ac1,2025-02,South Yorkshire Police,South Yorkshire Police,-1.343433,53.405454,On or near Haworth Bank,E01007678,Rotherham 023B,Criminal damage and arson,Investigation complete; no suspect identified,
67eb85d538d33114b4ab804c2ddaa260c187284e06b00adf25229eafaa9857e1,2025-02,South Yorkshire Police,South Yorkshire Police,-1.342829,53.416363,On or near A618,E01007678,Rotherham 023B,Criminal damage and arson,Investigation complete; no suspect identified,
9bd793ba15dc0f2a6e7f7930432b92354f84318a598c02e5c029ef2615aabd17,2025-02,South Yorkshire Police,South Yorkshire Police,-1.342734,53.406879,On or near Shoreham Drive,E01007678,Rotherham 023B,Criminal damage and arson,Unable to prosecute suspect,
e7f8c4a55ffc81be3b778dbdb06d23a4f73b0fbd0f09ac452195e3a4b50e59ba,2025-02,South Yorkshire Police,South Yorkshire Police,-1.344319,53.417288,On or near Moorgate Road,E01007678,Rotherham 023B,Other theft,Investigation complete; no suspect identified,
051ffc73e298299cdf91835336363c78623989d8aace300eb9f552a2949d7be6,2025-02,South Yorkshire Police,South Yorkshire Police,-1.340591,53.414166,On or near Baker Street,E01007678,Rotherham 023B,Other theft,Investigation complete; no suspect identified,
bf90824fc4ef042d0345965bf844ef187d7f7340305f5d0cbd0735c1256efad0,2025-02,South Yorkshire Police,South Yorkshire Police,-1.340591,53.414166,On or near Baker Street,E01007678,Rotherham 023B,Other theft,Status update unavailable,
4e0d171aa2b6aefb140f3ded55045138b403c7d1a9f6d7a286714cc24f00d8ad,2025-02,South Yorkshire Police,South Yorkshire Police,-1.340591,53.414166,On or near Baker Street,E01007678,Rotherham 023B,Public order,Unable to prosecute suspect,
154d240d43f37b76a8b38148fd2ca57d73f756e6af3d0d5e5bcf51144b4b564d,2025-02,South Yorkshire Police,South Yorkshire Police,-1.340591,53.414166,On or near Baker Street,E01007678,Rotherham 023B,Public order,Local resolution,
aefe301263622d70bf0944dbd7befe6435eccb5ef867ea857e74f2983863a2e4,2025-02,South Yorkshire Police,South Yorkshire Police,-1.340591,53.414166,On or near Baker Street,E01007678,Rotherham 023B,Public order,Unable to prosecute suspect,
307a54a260db713b135eff5fb8bdad6f8c4a57d2fc225fa4cc7ddf581df078f3,2025-02,South Yorkshire Police,South Yorkshire Police,-1.343372,53.412348,On or near Oakwood Hall Drive,E01007678,Rotherham 023B,Public order,Unable to prosecute suspect,
cc6f931e9db46c9230bda84b9598eac3cdab569ef6f0b2d3d5235a41fbbe9d9e,2025-02,South Yorkshire Police,South Yorkshire Police,-1.339279,53.409485,On or near Hallam Road,E01007678,Rotherham 023B,Vehicle crime,Investigation complete; no suspect identified,
8214851ea5ce681fedf1f2b937e3944b4bba1e6f8aabe49948d61a4d227102c7,2025-02,South Yorkshire Police,South Yorkshire Police,-1.339545,53.409783,On or near Norfolk Way,E01007678,Rotherham 023B,Vehicle crime,Investigation complete; no suspect identified,
f0f489869c384f980d44695ed25859998d9737c25c26a09848695d5fe8ddaf27,2025-02,South Yorkshire Police,South Yorkshire Police,-1.339545,53.409783,On or near Norfolk Way,E01007678,Rotherham 023B,Vehicle crime,Investigation complete; no suspect identified,
629d4905f5a75edbfbd96feebf59f9756eaa5a8054b92d4d296a1f19c1d28319,2025-02,South Yorkshire Police,South Yorkshire Police,-1.340591,53.414166,On or near Baker Street,E01007678,Rotherham 023B,Violence and sexual offences,Unable to prosecute suspect,
25b435cd73004c90816f86a859b798d309d99067a9364b168609d4932af83235,2025-02,South Yorkshire Police,South Yorkshire Police,-1.340591,53.414166,On or near Baker Street,E01007678,Rotherham 023B,Violence and sexual offences,Unable to prosecute suspect,
b8be4b498788c6358d2e4b4a5680767aca79cc819ac635d81f8e7737ec3415a8,2025-02,South Yorkshire Police,South Yorkshire Police,-1.340591,53.414166,On or near Baker Street,E01007678,Rotherham 023B,Violence and sexual offences,Local resolution,
f4c9dda32112634b48beeab89fa770d24d8a85da8f2f03e32edd260a9088c07b,2025-02,South Yorkshire Police,South Yorkshire Police,-1.340591,53.414166,On or near Baker Street,E01007678,Rotherham 023B,Violence and sexual offences,Unable to prosecute suspect,
,2025-02,South Yorkshire Police,South Yorkshire Police,-1.339746,53.415285,On or near Mile Oak Road,E01007679,Rotherham 023C,Anti-social behaviour,,
bf5dfe13e7fddaafd130383b0ac061eff90861fcdb91798ba9fa42c580c17b72,2025-02,South Yorkshire Police,South Yorkshire Police,-1.339746,53.415285,On or near Mile Oak Road,E01007679,Rotherham 023C,Criminal damage and arson,Investigation complete; no suspect identified,
c2fcdddcac1c7ed3d6f99460f2c0e5e389161b494668f58f0523b639c5416948,2025-02,South Yorkshire Police,South Yorkshire Police,-1.337920,53.417558,On or near Carlingford Road,E01007679,Rotherham 023C,Other theft,Investigation complete; no suspect identified,
4b2658124c882de729a89c86cf7edef88c300b59b007e9be1ce82e8b7627eb08,2025-02,South Yorkshire Police,South Yorkshire Police,-1.339746,53.415285,On or near Mile Oak Road,E01007679,Rotherham 023C,Other theft,Unable to prosecute suspect,
cdd8c8536fdbbed20b02965aeb2118f9ebe1d6e5b2fe87ac343427796fc53d93,2025-02,South Yorkshire Police,South Yorkshire Police,-1.332168,53.419764,On or near Beechwood Road,E01007679,Rotherham 023C,Public order,Investigation complete; no suspect identified,
109a3cb05c5a589936b7cca9dbcb73b93b1e8ecf4bba695687c231e17d7ab033,2025-02,South Yorkshire Police,South Yorkshire Police,-1.336342,53.417415,On or near Renway Road,E01007679,Rotherham 023C,Vehicle crime,Investigation complete; no suspect identified,
f98c347d1e77be54895a277fd4ea1aa128be9a5fa3c3c7056ffd1371f44e35e6,2025-02,South Yorkshire Police,South Yorkshire Police,-1.335742,53.418283,On or near Oakwood Grove,E01007679,Rotherham 023C,Vehicle crime,Investigation complete; no suspect identified,
d376addef9795354c4e47c110d77f55f8ce3b25528cfaace2a7c861a6f142eb9,2025-02,South Yorkshire Police,South Yorkshire Police,-1.340269,53.417427,On or near The Green,E01007679,Rotherham 023C,Violence and sexual offences,Awaiting court outcome,
b4dd77735cfb8d1697ea2d5d4579e830ac2361fa32c8c6c9b1d6b7bdd04330d9,2025-02,South Yorkshire Police,South Yorkshire Police,-1.342690,53.419508,On or near Guest Road,E01007679,Rotherham 023C,Violence and sexual offences,Status update unavailable,
b7d24bdf3f566fe8a5de3b597433da84c7890f247a984c9b9c2ce097f1d07ccf,2025-02,South Yorkshire Police,South Yorkshire Police,-1.340634,53.416252,On or near Oakwood Road West,E01007679,Rotherham 023C,Violence and sexual offences,Investigation complete; no suspect identified,
b24b9aff2ab423b782f0c3bb5cbde48f84c6f4d883adf2c18e7b75d9787bdab1,2025-02,South Yorkshire Police,South Yorkshire Police,-1.340807,53.417673,On or near Green Croft Close,E01007679,Rotherham 023C,Violence and sexual offences,Offender given a caution,
ba48e3cf92dec777792352ca6847bf02305f58fa6f13114ae993582ab186d896,2025-02,South Yorkshire Police,South Yorkshire Police,-1.342690,53.419508,On or near Guest Road,E01007679,Rotherham 023C,Violence and sexual offences,Investigation complete; no suspect identified,
981a70b4f80dbfe94a852b7e56cd6dc09ea204334eb35a31dbb22cfb8ab8fec6,2025-02,South Yorkshire Police,South Yorkshire Police,-1.334258,53.417906,On or near Oakwood Road East,E01007679,Rotherham 023C,Violence and sexual offences,Unable to prosecute suspect,
77351f7fc28ccbf748c531184a19936a39b4a6d50f74d673502a862b804f2c05,2025-02,South Yorkshire Police,South Yorkshire Police,-1.340269,53.417427,On or near The Green,E01007679,Rotherham 023C,Other crime,Unable to prosecute suspect,
,2025-02,South Yorkshire Police,South Yorkshire Police,-1.346838,53.425715,On or near Harehills Road,E01007680,Rotherham 023D,Anti-social behaviour,,
,2025-02,South Yorkshire Police,South Yorkshire Police,-1.350513,53.426508,On or near Warwick Street,E01007680,Rotherham 023D,Anti-social behaviour,,
,2025-02,South Yorkshire Police,South Yorkshire Police,-1.346838,53.425715,On or near Harehills Road,E01007680,Rotherham 023D,Anti-social behaviour,,
,2025-02,South Yorkshire Police,South Yorkshire Police,-1.348528,53.426381,On or near Lilian Street South,E01007680,Rotherham 023D,Anti-social behaviour,,
cd3463ca6ac932cbdb4e234c429d51ebb90e19afde4aed35e6270c47a723fa17,2025-02,South Yorkshire Police,South Yorkshire Police,-1.352191,53.426985,On or near Hollowgate,E01007680,Rotherham 023D,Drugs,Further investigation is not in the public interest,
28e1e93d787e704d5bc474e99392e074e1946b17907c6c2da5edbaaf6425c6ff,2025-02,South Yorkshire Police,South Yorkshire Police,-1.349641,53.426423,On or near Horace Street,E01007680,Rotherham 023D,Public order,Unable to prosecute suspect,
4dc1e3497384515990d67973d1ec2032bb0139fdd086a34530c6bd651f726236,2025-02,South Yorkshire Police,South Yorkshire Police,-1.352191,53.426985,On or near Hollowgate,E01007680,Rotherham 023D,Vehicle crime,Investigation complete; no suspect identified,
01193b0e4b2a1c15c1eb14d532244d2f6fd77280403f12d1f372d2883027bbc5,2025-02,South Yorkshire Police,South Yorkshire Police,-1.346495,53.426459,On or near Mabel Street,E01007680,Rotherham 023D,Violence and sexual offences,Unable to prosecute suspect,
3dcb886767ecccffc1aad9cd68e8fe080573dbe1d7315a46dc17d38a3b777ea9,2025-02,South Yorkshire Police,South Yorkshire Police,-1.346495,53.426459,On or near Mabel Street,E01007680,Rotherham 023D,Violence and sexual offences,Unable to prosecute suspect,
e43d8b8051daddc120a691063d558e9636bd16cd6a128854beefbe07f50afc04,2025-02,South Yorkshire Police,South Yorkshire Police,-1.346495,53.426459,On or near Mabel Street,E01007680,Rotherham 023D,Violence and sexual offences,Unable to prosecute suspect,
f9ae843e45da2ae7f9891150147353f169f5a9057b884c9abe132ce01b8a3581,2025-02,South Yorkshire Police,South Yorkshire Police,-1.346495,53.426459,On or near Mabel Street,E01007680,Rotherham 023D,Violence and sexual offences,Unable to prosecute suspect,
e80f84e982633998b43fdb02d3175713d54041cc2781b6aaba5fc029cf2d9ce7,2025-02,South Yorkshire Police,South Yorkshire Police,-1.349641,53.426423,On or near Horace Street,E01007680,Rotherham 023D,Violence and sexual offences,Unable to prosecute suspect,
ab11205d717724981f2ef8247d832d9f45abf939b8fa8d152a5fc5b5c063a34b,2025-02,South Yorkshire Police,South Yorkshire Police,-1.353679,53.422148,On or near Reneville Close,E01007680,Rotherham 023D,Violence and sexual offences,Unable to prosecute suspect,
7b139b03b85e03dc8b1c14bf90899c766bffbc121181651a1c92a3f951bd2d50,2025-02,South Yorkshire Police,South Yorkshire Police,-1.349449,53.427168,On or near Bernard Street,E01007680,Rotherham 023D,Other crime,Unable to prosecute suspect,
b1d86a82775d9ccf3b1c8bada23f84b7149fb2cc15a8ff63b7a5d90a238db81e,2025-02,South Yorkshire Police,South Yorkshire Police,-1.329099,53.413042,On or near Hall Crescent,E01007712,Rotherham 023E,Burglary,Investigation complete; no suspect identified,
92be59abc98faf644de1270f75f95961f60d917f25783956c613944f37aaf897,2025-02,South Yorkshire Police,South Yorkshire Police,-1.331827,53.416536,On or near Lynton Avenue,E01007712,Rotherham 023E,Vehicle crime,Investigation complete; no suspect identified,
5a7b9d4d01c66af54baac2212566fa1ba91f318e6d5611c7ce205b2087fbb841,2025-02,South Yorkshire Police,South Yorkshire Police,-1.333679,53.414515,On or near Lane End View,E01007712,Rotherham 023E,Violence and sexual offences,Unable to prosecute suspect,
e9240f855102b5c6823527d359d47e2842a0a0d5e50b522d9239b0a543f8e8c8,2025-02,South Yorkshire Police,South Yorkshire Police,-1.335895,53.410410,On or near Newman Court,E01007713,Rotherham 023F,Other theft,Investigation complete; no suspect identified,
673b35a0daf699721c27d21d64394e3ad8be6dd53c85dbfe1f0ebf24866e4afd,2025-02,South Yorkshire Police,South Yorkshire Police,-1.330300,53.414154,On or near Grange Road,E01007713,Rotherham 023F,Violence and sexual offences,Unable to prosecute suspect,
c7562182e668fd05642170938d515b9b092f9f740bcf76473b4aad2a6cf37165,2025-02,South Yorkshire Police,South Yorkshire Police,-1.333687,53.409193,On or near Mair Court,E01007713,Rotherham 023F,Violence and sexual offences,Action to be taken by another organisation,
d982fdbbb34552b29d08ac3be2a02f35ad6adb096a30354b32a97d10e5a7a229,2025-02,South Yorkshire Police,South Yorkshire Police,-1.332038,53.409786,On or near Redrock Road,E01007713,Rotherham 023F,Violence and sexual offences,Unable to prosecute suspect,
e8328f82f35b809c4c3b4432a4e3023d468b0e52bb7755d584e71e6f4ddeffa8,2025-02,South Yorkshire Police,South Yorkshire Police,-1.330998,53.411857,On or near Newman Road,E01007713,Rotherham 023F,Violence and sexual offences,Unable to prosecute suspect,
c9438b28d3f9dda9bafb369d7044f0118e706af563b77b39a3cbad91a9bb753c,2025-02,South Yorkshire Police,South Yorkshire Police,-1.331994,53.412608,On or near Weetwood Road,E01007713,Rotherham 023F,Violence and sexual offences,Unable to prosecute suspect,
01d3ad47f750eaf598da254788315c5c9cc955282ffbb763122c744ca4e2f05f,2025-02,South Yorkshire Police,South Yorkshire Police,-1.332038,53.409786,On or near Redrock Road,E01007713,Rotherham 023F,Violence and sexual offences,Unable to prosecute suspect,
08724c41b318b867cf2a52d7153f4745ab3cbeaaf9830db865def0bc967a7380,2025-02,South Yorkshire Police,South Yorkshire Police,-1.329291,53.410409,On or near Shafton Road,E01007713,Rotherham 023F,Other crime,Investigation complete; no suspect identified,
,2025-02,South Yorkshire Police,South Yorkshire Police,-1.358107,53.415871,On or near Oak Tree Court,E01007676,Rotherham 025A,Anti-social behaviour,,
cec15f72779ed9d7063fd8257900d9b5ef1ea806cc2ab5d155ff40c8908820e3,2025-02,South Yorkshire Police,South Yorkshire Police,-1.385053,53.418044,On or near Sheffield Road,E01007676,Rotherham 025A,Burglary,Investigation complete; no suspect identified,
96daf22ac1ff1fb4b8f01abd571ee5eebc91c468bde94bebad525781b799afeb,2025-02,South Yorkshire Police,South Yorkshire Police,-1.362239,53.409214,On or near Petrol Station,E01007676,Rotherham 025A,Criminal damage and arson,Investigation complete; no suspect identified,
bf08ae0d6c83fe2cb1e896cb500a4aecc71f8f07c1c6ea5617136ce73ce2ff60,2025-02,South Yorkshire Police,South Yorkshire Police,-1.373689,53.418317,On or near Ickles Way,E01007676,Rotherham 025A,Other theft,Investigation complete; no suspect identified,
4047006d4af625057204188a61a8e1160ffd9acaa78cba2f464ad0fcc92d00d1,2025-02,South Yorkshire Police,South Yorkshire Police,-1.361300,53.414674,On or near Wood Lane,E01007676,Rotherham 025A,Possession of weapons,Awaiting court outcome,
10ec30498925894b21443f40964f3cd14ed98189deb0cef1d7a19984af679753,2025-02,South Yorkshire Police,South Yorkshire Police,-1.362239,53.409214,On or near Petrol Station,E01007676,Rotherham 025A,Public order,Investigation complete; no suspect identified,
9a3123bb1ad61a8db203bde6672b3de0e10587adfcf517c9bed1c9afef69dbc4,2025-02,South Yorkshire Police,South Yorkshire Police,-1.360625,53.415525,On or near Rother Road,E01007676,Rotherham 025A,Violence and sexual offences,Unable to prosecute suspect,
581a25d6663ee258ee1936b3ffa1628636d3b15b386c023dc5765d356deb1571,2025-02,South Yorkshire Police,South Yorkshire Police,-1.361300,53.414674,On or near Wood Lane,E01007676,Rotherham 025A,Violence and sexual offences,Unable to prosecute suspect,
94d9a5174dfb6304a65d1f7d8978be1dc4c6c3440347f53da9a405db5cfcddfe,2025-02,South Yorkshire Police,South Yorkshire Police,-1.361300,53.414674,On or near Wood Lane,E01007676,Rotherham 025A,Violence and sexual offences,Unable to prosecute suspect,
71d565452c018996bec14dc734366314c6a68d7efccf3aa20ccc41dce1fc7564,2025-02,South Yorkshire Police,South Yorkshire Police,-1.358107,53.415871,On or near Oak Tree Court,E01007676,Rotherham 025A,Violence and sexual offences,Offender given a caution,
7af8460f2d79cee19a0f7cf4d9b720cfed7315f56e6835b043c4a844af50d067,2025-02,South Yorkshire Police,South Yorkshire Police,-1.360625,53.415525,On or near Rother Road,E01007676,Rotherham 025A,Other crime,Unable to prosecute suspect,
6a1150ff3e7430e76feefca0cb478357975ec5e07759490598ee97dd509cf91b,2025-02,South Yorkshire Police,South Yorkshire Police,-1.364042,53.407345,On or near Highlow View,E01007702,Rotherham 025B,Burglary,Investigation complete; no suspect identified,
10544527b2fe31df875e21cb46d19cb33bf9c5c84875bee4f35cce0b4769ea71,2025-02,South Yorkshire Police,South Yorkshire Police,-1.364431,53.406484,On or near Lodge Way,E01007702,Rotherham 025B,Burglary,Investigation complete; no suspect identified,
99c1ef31d9883d6c6ce2a1a6c74c647eb88dd52f29226fa2516282e15addc583,2025-02,South Yorkshire Police,South Yorkshire Police,-1.364431,53.406484,On or near Lodge Way,E01007702,Rotherham 025B,Burglary,Investigation complete; no suspect identified,
2cf197bbd984f82f04b769bb58bbd6692a604cbd048be2c328c8226612f64e9d,2025-02,South Yorkshire Police,South Yorkshire Police,-1.359053,53.402977,On or near Blackbird Avenue,E01007702,Rotherham 025B,Criminal damage and arson,Unable to prosecute suspect,
77bb8d2f8f3f9eba4811caaaeeb60ea667712fe82149cbdfb79baa487ae7d9b9,2025-02,South Yorkshire Police,South Yorkshire Police,-1.359053,53.402977,On or near Blackbird Avenue,E01007702,Rotherham 025B,Vehicle crime,Investigation complete; no suspect identified,
1c9c4cb5e730dc3de42c655176497804b8842e4eea18799a0c8db79af62fabdc,2025-02,South Yorkshire Police,South Yorkshire Police,-1.359053,53.402977,On or near Blackbird Avenue,E01007702,Rotherham 025B,Vehicle crime,Investigation complete; no suspect identified,
9f563e8c51add6f193f7fda74baf6de3c5f8f65fae671bfcddb589efd0979b08,2025-02,South Yorkshire Police,South Yorkshire Police,-1.364431,53.406484,On or near Lodge Way,E01007702,Rotherham 025B,Violence and sexual offences,Local resolution,
935f2fba9e01ad503ccc9dac0d4fdd5de745f8848b16c5c926b9b7645af850ae,2025-02,South Yorkshire Police,South Yorkshire Police,-1.359053,53.402977,On or near Blackbird Avenue,E01007702,Rotherham 025B,Violence and sexual offences,Unable to prosecute suspect,
a11f1c800c5bfc9fa6fab1e0bb6a756e6e32c4db9b9003dcee6ec6e4b1211712,2025-02,South Yorkshire Police,South Yorkshire Police,-1.359053,53.402977,On or near Blackbird Avenue,E01007702,Rotherham 025B,Violence and sexual offences,Unable to prosecute suspect,
3ad2f7517d3f33cab7893878997449a1a71e9d40bf8e6d10eb1b8a41637a896b,2025-02,South Yorkshire Police,South Yorkshire Police,-1.363245,53.403332,On or near Icknield Way,E01007702,Rotherham 025B,Violence and sexual offences,Unable to prosecute suspect,
7cd4f2fcc595653818edef0ab1b79966b2c1efaf74ca56d327dfc836756889c4,2025-02,South Yorkshire Police,South Yorkshire Police,-1.360545,53.401834,On or near Green Finch Close,E01007702,Rotherham 025B,Violence and sexual offences,Unable to prosecute suspect,
36466f90fedab900bd3b208150876cb87106fa263440b32911a371b20563d411,2025-02,South Yorkshire Police,South Yorkshire Police,-1.358942,53.402365,On or near Thrush Avenue,E01007702,Rotherham 025B,Violence and sexual offences,Investigation complete; no suspect identified,
b165a13bf51762feb3011a75a2c29ea2f63335faa3fad1900f9e205967c92fa7,2025-02,South Yorkshire Police,South Yorkshire Police,-1.364431,53.406484,On or near Lodge Way,E01007702,Rotherham 025B,Violence and sexual offences,Investigation complete; no suspect identified,
01c04dec0637b5cd834c8cfff4972b29386c064448d9f8f6ed7e154a0e702154,2025-02,South Yorkshire Police,South Yorkshire Police,-1.358942,53.402365,On or near Thrush Avenue,E01007702,Rotherham 025B,Violence and sexual offences,Investigation complete; no suspect identified,
0bb7e0bdd8f52221107fa8da3edeae721bfe62cbd1aa30c23c0a297c515fddf3,2025-02,South Yorkshire Police,South Yorkshire Police,-1.362455,53.405854,On or near Gresham Avenue,E01007702,Rotherham 025B,Violence and sexual offences,Awaiting court outcome,
9300115beb1cba7d5d6de52972137fd8bb0ed5a217480258e327e63e673e4e1e,2025-02,South Yorkshire Police,South Yorkshire Police,-1.365565,53.406095,On or near Ellis Street,E01007702,Rotherham 025B,Violence and sexual offences,Unable to prosecute suspect,
f664ef1a0bf8201286aeca859acb5adf2343d9671ed2feb72ea1b55c5f9f6664,2025-02,South Yorkshire Police,South Yorkshire Police,-1.373693,53.406767,On or near Godric Drive,E01007703,Rotherham 025C,Violence and sexual offences,Unable to prosecute suspect,
,2025-02,South Yorkshire Police,South Yorkshire Police,-1.367515,53.404415,On or near Parking Area,E01007704,Rotherham 025D,Anti-social behaviour,,
c6267c925685653e8548f811009be7c66103c68eaefbee56e908571a672c5c81,2025-02,South Yorkshire Police,South Yorkshire Police,-1.371613,53.401911,On or near Manor Crescent,E01007704,Rotherham 025D,Criminal damage and arson,Unable to prosecute suspect,
a6dde6231ea1e9cc1e5cc3664b447c74947c7557a610e98735d0e0745b964b32,2025-02,South Yorkshire Police,South Yorkshire Police,-1.371613,53.401911,On or near Manor Crescent,E01007704,Rotherham 025D,Other theft,Local resolution,
16d8fae5971c6fba1f572ff60c23ce27d7cf5af24369e5dc7a2f89057dea6e9c,2025-02,South Yorkshire Police,South Yorkshire Police,-1.370352,53.404817,On or near Brinsworth Lane,E01007704,Rotherham 025D,Public order,Investigation complete; no suspect identified,
30b0a9237fcd145f60aee1df0565e6bbea1e0c2cf9803f06940c26ddc1956547,2025-02,South Yorkshire Police,South Yorkshire Police,-1.371003,53.406591,On or near Godric Green,E01007704,Rotherham 025D,Public order,Unable to prosecute suspect,
bb5be59fcf554f6ded47176273d1890436989f9cccf2ac446fd4f5bf30dcc6df,2025-02,South Yorkshire Police,South Yorkshire Police,-1.366211,53.404112,On or near Field View Court,E01007704,Rotherham 025D,Violence and sexual offences,Status update unavailable,
e989a6aefef84715c6ed601bf8e538a444b0ff17f5f291bbf7d9ec4da558b493,2025-02,South Yorkshire Police,South Yorkshire Police,-1.371613,53.401911,On or near Manor Crescent,E01007704,Rotherham 025D,Violence and sexual offences,Unable to prosecute suspect,
da7d7fef20cea788b625172cb73725272c02fdeb5a0dac782ef9713c15217c31,2025-02,South Yorkshire Police,South Yorkshire Police,-1.365166,53.406659,On or near Pike Road,E01007704,Rotherham 025D,Violence and sexual offences,Unable to prosecute suspect,
e42dabe7267687d20d1047eedd9ef8bd9393ac623657acfee13c19b821fd6f74,2025-02,South Yorkshire Police,South Yorkshire Police,-1.378814,53.404223,On or near Quarry Close,E01007705,Rotherham 025E,Violence and sexual offences,Unable to prosecute suspect,
c960ff88db88f378f922035f7ee0fd51119e4f7bd5854605f109362fb1fe7e96,2025-02,South Yorkshire Police,South Yorkshire Police,-1.375494,53.402947,On or near Brinsworth Hall Drive,E01007705,Rotherham 025E,Violence and sexual offences,Unable to prosecute suspect,
aa56da0e86b294016086196be8068892512a1599204bd691edfe4fea2272c563,2025-02,South Yorkshire Police,South Yorkshire Police,-1.362503,53.400622,On or near Whitehill Drive,E01007707,Rotherham 025F,Violence and sexual offences,Unable to prosecute suspect,
,2025-02,South Yorkshire Police,South Yorkshire Police,-1.305554,53.381608,On or near Reservoir Road,E01007666,Rotherham 026A,Anti-social behaviour,,
92beff0fbd840a90c48eb46163f5cc7bf1d22f4d0b5cb02601223a9a4a4d776b,2025-02,South Yorkshire Police,South Yorkshire Police,-1.322006,53.369910,On or near Aughton Avenue,E01007666,Rotherham 026A,Public order,Unable to prosecute suspect,
43d013a661e3e09b198c7bce14849c153dcff191b1bb61fb927cad5395cda458,2025-02,South Yorkshire Police,South Yorkshire Police,-1.321138,53.372520,On or near West Lane,E01007666,Rotherham 026A,Violence and sexual offences,Unable to prosecute suspect,
5466464529ab2fa6c798d296a8208164ef9ed833a201265b76d8cc2d7a1a2ca1,2025-02,South Yorkshire Police,South Yorkshire Police,-1.322006,53.369910,On or near Aughton Avenue,E01007666,Rotherham 026A,Violence and sexual offences,Unable to prosecute suspect,
1f91466ad391db4ca8278c7942a349fdd9f4f20e32e6ab60de7e01fa554cd8f6,2025-02,South Yorkshire Police,South Yorkshire Police,-1.321138,53.372520,On or near West Lane,E01007666,Rotherham 026A,Violence and sexual offences,Unable to prosecute suspect,
,2025-02,South Yorkshire Police,South Yorkshire Police,-1.262307,53.390068,On or near Athelstane Drive,E01007809,Rotherham 026B,Anti-social behaviour,,
,2025-02,South Yorkshire Police,South Yorkshire Police,-1.260184,53.394540,On or near Cedric Crescent,E01007809,Rotherham 026B,Anti-social behaviour,,
3030938999249f6c387c5c9bf342c181138fd07a2a61f4815bf64003571c1ce4,2025-02,South Yorkshire Police,South Yorkshire Police,-1.262536,53.391598,On or near Ulrica Drive,E01007809,Rotherham 026B,Possession of weapons,Unable to prosecute suspect,
d42052f637a77b069f4ab976d6b1135b0b90f5d300e7db1b80d42a79b602f490,2025-02,South Yorkshire Police,South Yorkshire Police,-1.263718,53.392818,On or near Abbotsford Drive,E01007809,Rotherham 026B,Possession of weapons,Unable to prosecute suspect,
6544a639a229ffb8bd34d60a28c8c6dc8f828b0e4eb6ef700e0bc586294927f4,2025-02,South Yorkshire Police,South Yorkshire Police,-1.260184,53.394540,On or near Cedric Crescent,E01007809,Rotherham 026B,Public order,Investigation complete; no suspect identified,
e702f6cf9431c13d8a50867e361a61871ca30286880d7578bd05675458b4e8fa,2025-02,South Yorkshire Police,South Yorkshire Police,-1.260184,53.394540,On or near Cedric Crescent,E01007809,Rotherham 026B,Violence and sexual offences,Investigation complete; no suspect identified,
10d70e1d92b9301defa08f65e24307d0d8746443adfe6e8e4f31cbe66531063c,2025-02,South Yorkshire Police,South Yorkshire Police,-1.260184,53.394540,On or near Cedric Crescent,E01007809,Rotherham 026B,Violence and sexual offences,Unable to prosecute suspect,
3825430c15a757cf51fb7216c17d05487837abc4cb631622e6d9ffbcf53f67df,2025-02,South Yorkshire Police,South Yorkshire Police,-1.260184,53.394540,On or near Cedric Crescent,E01007809,Rotherham 026B,Violence and sexual offences,Unable to prosecute suspect,
c92461b51bf3f4f35eac9c666a0304cd9dd17354d57a51f884e198d9e0a60489,2025-02,South Yorkshire Police,South Yorkshire Police,-1.260184,53.394540,On or near Cedric Crescent,E01007809,Rotherham 026B,Violence and sexual offences,Unable to prosecute suspect,
db7a5e48f5fce4a5f474656e02c4f12cbefdbd39ad5d3cce167b22a74a4e0577,2025-02,South Yorkshire Police,South Yorkshire Police,-1.262536,53.391598,On or near Ulrica Drive,E01007809,Rotherham 026B,Violence and sexual offences,Unable to prosecute suspect,
9912a4fc3e3f95b7772570feb58ea408ff12e2ac5f5bc2b4accffef1e168f8ae,2025-02,South Yorkshire Police,South Yorkshire Police,-1.260184,53.394540,On or near Cedric Crescent,E01007809,Rotherham 026B,Violence and sexual offences,Unable to prosecute suspect,
3983dbada931ee84f6de70ef1700b51971488e796cee11fdfdbd3a13d161f3f8,2025-02,South Yorkshire Police,South Yorkshire Police,-1.261744,53.389552,On or near Zamor Crescent,E01007809,Rotherham 026B,Violence and sexual offences,Unable to prosecute suspect,
966102a6c00a0204252299c0dbfc54815f4e8a3e8124ef87fcdb4c2a95de125f,2025-02,South Yorkshire Police,South Yorkshire Police,-1.261561,53.394037,On or near Locksley Drive,E01007809,Rotherham 026B,Violence and sexual offences,Awaiting court outcome,
,2025-02,South Yorkshire Police,South Yorkshire Police,-1.253047,53.389903,On or near Levett Court,E01007810,Rotherham 026C,Anti-social behaviour,,
,2025-02,South Yorkshire Police,South Yorkshire Police,-1.261018,53.400218,On or near Kingsforth Road,E01007810,Rotherham 026C,Anti-social behaviour,,
,2025-02,South Yorkshire Police,South Yorkshire Police,-1.249569,53.394456,On or near The Crescent End,E01007810,Rotherham 026C,Anti-social behaviour,,
bb3fd6ee4a4ca4602d650d2edc8ee2ffe2764faa7172a747cc078c789aa7f708,2025-02,South Yorkshire Police,South Yorkshire Police,-1.250017,53.390342,On or near Marrian Avenue,E01007810,Rotherham 026C,Other theft,Unable to prosecute suspect,
177019706c07f26dbbcbce174c9557aa7e89651bb54cd46fa2f408dfb58c281d,2025-02,South Yorkshire Police,South Yorkshire Police,-1.246524,53.390599,On or near Friends Close,E01007810,Rotherham 026C,Public order,Investigation complete; no suspect identified,
ac6608ae02d1c26b71fc07cb45bbbd751f254fec43c445937a37a527747f33fe,2025-02,South Yorkshire Police,South Yorkshire Police,-1.252065,53.393582,On or near Waverley Avenue,E01007810,Rotherham 026C,Vehicle crime,Investigation complete; no suspect identified,
5df13c810fb45e4c51dc7160a38f3ea8d709611db3f2f2a67ce45d28152f6856,2025-02,South Yorkshire Police,South Yorkshire Police,-1.249611,53.392056,On or near Arbour Drive,E01007810,Rotherham 026C,Vehicle crime,Investigation complete; no suspect identified,
1aed7ebc66f1f283a65b057c9c4ebc4ab94732cce56bf2bf560612ad836e546d,2025-02,South Yorkshire Police,South Yorkshire Police,-1.252065,53.393582,On or near Waverley Avenue,E01007810,Rotherham 026C,Violence and sexual offences,Awaiting court outcome,
10a986027aabbb70f9aa6234d8058eb745a0be1fcc6d936c2136109afa9567e9,2025-02,South Yorkshire Police,South Yorkshire Police,-1.250017,53.390342,On or near Marrian Avenue,E01007810,Rotherham 026C,Violence and sexual offences,Status update unavailable,
df09f7aa7a5f45407f0870e794a3fae363a3a553f0f65f8cf4592e5cb37331d1,2025-02,South Yorkshire Police,South Yorkshire Police,-1.250823,53.389844,On or near Lyle Close,E01007810,Rotherham 026C,Violence and sexual offences,Unable to prosecute suspect,
6ccbe7db84dda92718f1f03d5c0124d752a15ebb9c46eec15376d73bbd52580a,2025-02,South Yorkshire Police,South Yorkshire Police,-1.248769,53.392923,On or near Laughton Road,E01007810,Rotherham 026C,Violence and sexual offences,Unable to prosecute suspect,
f5b43f2c26f210b729cc1b677f05f2b307370fe41dc76eade9919441bc01acab,2025-02,South Yorkshire Police,South Yorkshire Police,-1.255276,53.390555,On or near Sawn Moor Road,E01007810,Rotherham 026C,Violence and sexual offences,Unable to prosecute suspect,
d4e7bb0eaffb05d59faf3da2dfef3a980c68494624d833ee436e11238b7deacd,2025-02,South Yorkshire Police,South Yorkshire Police,-1.250823,53.389844,On or near Lyle Close,E01007810,Rotherham 026C,Violence and sexual offences,Unable to prosecute suspect,
6bea89dfd6807f5f94644f38a180b4cb9e0f84a5653738a24e58b2a0674febf8,2025-02,South Yorkshire Police,South Yorkshire Police,-1.255276,53.390555,On or near Sawn Moor Road,E01007810,Rotherham 026C,Violence and sexual offences,Status update unavailable,
,2025-02,South Yorkshire Police,South Yorkshire Police,-1.271169,53.390590,On or near Grange Close,E01007815,Rotherham 026D,Anti-social behaviour,,
fb6e74db5895052914206777ab607d763154db66c5ce5c8e06532e23f7d20227,2025-02,South Yorkshire Police,South Yorkshire Police,-1.258686,53.395969,On or near Peter Street,E01007815,Rotherham 026D,Drugs,Local resolution,
941cc52219ff3663467710c4b9ae7e2944a93da8391be9fca12c008c2d37c282,2025-02,South Yorkshire Police,South Yorkshire Police,-1.258686,53.395969,On or near Peter Street,E01007815,Rotherham 026D,Drugs,Offender given a caution,
4f50671801dd57bfa3d9e5ff64891dd494eeeb000d4560d1df947d5000273f78,2025-02,South Yorkshire Police,South Yorkshire Police,-1.258027,53.396986,On or near Supermarket,E01007815,Rotherham 026D,Other theft,Unable to prosecute suspect,
a18914fe169674965cfd18605a134a8a574b3246267f31cf4f0e1e69e1ddc5b7,2025-02,South Yorkshire Police,South Yorkshire Police,-1.258027,53.396986,On or near Supermarket,E01007815,Rotherham 026D,Robbery,Investigation complete; no suspect identified,
85c1bb2ae26ebd6fefa312ea73bb403d13ba7e09e980af1e9d0c880d9266eead,2025-02,South Yorkshire Police,South Yorkshire Police,-1.258027,53.396986,On or near Supermarket,E01007815,Rotherham 026D,Shoplifting,Investigation complete; no suspect identified,
c96d838421bb6a18fcf5bf9ef26a63334ed52a70bbe2b9216f272c0d4419e8c1,2025-02,South Yorkshire Police,South Yorkshire Police,-1.258027,53.396986,On or near Supermarket,E01007815,Rotherham 026D,Shoplifting,Investigation complete; no suspect identified,
c1ea4fc2a367977223f5a78b50b1ec27b70eff51be7a45bff5311b8412ea4b0b,2025-02,South Yorkshire Police,South Yorkshire Police,-1.258027,53.396986,On or near Supermarket,E01007815,Rotherham 026D,Shoplifting,Investigation complete; no suspect identified,
2be4469d239e9ea9407fe80189a4576582e8975443a31d67d316e370e75e800e,2025-02,South Yorkshire Police,South Yorkshire Police,-1.258027,53.396986,On or near Supermarket,E01007815,Rotherham 026D,Shoplifting,Investigation complete; no suspect identified,
2fb58db96c3fa9cf683869ffff01b23326d29a6a081c1af1cdcd74eb6fd92e39,2025-02,South Yorkshire Police,South Yorkshire Police,-1.256586,53.394770,On or near South Street,E01007815,Rotherham 026D,Violence and sexual offences,Unable to prosecute suspect,
9fc8581b76b677893ad53819c27fbf4ac7dfe78ed4d41d8e8f78276c5fcbda76,2025-02,South Yorkshire Police,South Yorkshire Police,-1.260629,53.396647,On or near John Street,E01007815,Rotherham 026D,Violence and sexual offences,Unable to prosecute suspect,
8f310232247852dd2f4106b7a015510e501fd13a5abba41c6f725244ca1f3e8f,2025-02,South Yorkshire Police,South Yorkshire Police,-1.255810,53.395277,On or near Katherine Street,E01007815,Rotherham 026D,Violence and sexual offences,Status update unavailable,
0b8baacbeb582942f0d3b5a676f8a946cea0b044d6c39d9694689a1151ee63ec,2025-02,South Yorkshire Police,South Yorkshire Police,-1.264208,53.400147,On or near Morthen Road,E01007815,Rotherham 026D,Violence and sexual offences,Status update unavailable,
d60677abc8b14c4ac1f9f28df2e0e5c1e43bde20e9c807e3734ab316f162543e,2025-02,South Yorkshire Police,South Yorkshire Police,-1.254699,53.395154,On or near West Street,E01007815,Rotherham 026D,Violence and sexual offences,Unable to prosecute suspect,
7f375f13c5b27cfe179d611d01be7c89b0cf364ee29e00a117c65b8aa142d33d,2025-02,South Yorkshire Police,South Yorkshire Police,-1.264208,53.400147,On or near Morthen Road,E01007815,Rotherham 026D,Violence and sexual offences,Status update unavailable,
,2025-02,South Yorkshire Police,South Yorkshire Police,-1.365146,53.389778,On or near California Drive,E01007699,Rotherham 027B,Anti-social behaviour,,
14e7c438bc1544e3f1bd643f0a3a10290f2d048806d925449ca9e5f3fd3c5aa3,2025-02,South Yorkshire Police,South Yorkshire Police,-1.377866,53.384686,On or near Highfield Spring,E01007699,Rotherham 027B,Burglary,Investigation complete; no suspect identified,
9d28bc2ee8f3c2bef29746925d9b2caa0481a9b19301409c8d15418e25d401ba,2025-02,South Yorkshire Police,South Yorkshire Police,-1.365419,53.387568,On or near Highfield Lane,E01007699,Rotherham 027B,Burglary,Investigation complete; no suspect identified,
b030008cd2f214957b054e125183211bff1f6907091498f1745b4187c1601290,2025-02,South Yorkshire Police,South Yorkshire Police,-1.366935,53.395864,On or near Highfield View,E01007699,Rotherham 027B,Criminal damage and arson,Unable to prosecute suspect,
f6ffe69ec79e2de37d80578358fde0d7b50b14bfb2e61dbd269d78bcfd301b49,2025-02,South Yorkshire Police,South Yorkshire Police,-1.367515,53.395292,On or near Nunnery Crescent,E01007699,Rotherham 027B,Drugs,Offender given a caution,
d86399f0be5a1246ddcf0bc9197694f393ee2c58526fe410123dd6d32fa78000,2025-02,South Yorkshire Police,South Yorkshire Police,-1.361099,53.394943,On or near Victoria Street,E01007699,Rotherham 027B,Drugs,Local resolution,
402d6214490f7525da775a703f8e521ddcc41038eebef9ac4ebf926ea0ae904e,2025-02,South Yorkshire Police,South Yorkshire Police,-1.377300,53.382229,On or near Mitchell Way,E01007699,Rotherham 027B,Other theft,Investigation complete; no suspect identified,
5f6546641da3331472a2db282ccde958aef1731f13091662ff322e744d8fff56,2025-02,South Yorkshire Police,South Yorkshire Police,-1.374002,53.391116,On or near Supermarket,E01007699,Rotherham 027B,Shoplifting,Investigation complete; no suspect identified,
b301e024d5883508133ce0f1edbd2f1d2ce79625debf57d03ce1aa44bd8539c8,2025-02,South Yorkshire Police,South Yorkshire Police,-1.374002,53.391116,On or near Supermarket,E01007699,Rotherham 027B,Shoplifting,Investigation complete; no suspect identified,
6cc576248e10d84e5ce9ddef2e5efaa7ce48207cd93c576422392790bf43d3d9,2025-02,South Yorkshire Police,South Yorkshire Police,-1.374002,53.391116,On or near Supermarket,E01007699,Rotherham 027B,Shoplifting,Investigation complete; no suspect identified,
afe89f4cd0eedff1e6be89a48442ab88da2805dfeafb14aa43f9f0730cfefbf9,2025-02,South Yorkshire Police,South Yorkshire Police,-1.374002,53.391116,On or near Supermarket,E01007699,Rotherham 027B,Shoplifting,Investigation complete; no suspect identified,
6da787092612984efbdec7ce75d7c9d2398fb7fa6cda04985eb080f737c9ca6c,2025-02,South Yorkshire Police,South Yorkshire Police,-1.374002,53.391116,On or near Supermarket,E01007699,Rotherham 027B,Shoplifting,Investigation complete; no suspect identified,
9b54a12b8aef054b4191307f41a406c0808bf51e3e4b6857a3b337786fd05a5b,2025-02,South Yorkshire Police,South Yorkshire Police,-1.374002,53.391116,On or near Supermarket,E01007699,Rotherham 027B,Shoplifting,Investigation complete; no suspect identified,
3243120434affb0b00d8c7cab0bf119ac1fb68dfc4f779a5410f7910d90b7c95,2025-02,South Yorkshire Police,South Yorkshire Police,-1.374002,53.391116,On or near Supermarket,E01007699,Rotherham 027B,Shoplifting,Investigation complete; no suspect identified,
3aa81a63c3b8abb532ae5fabcf439767e46e9300ce4676a79a115524674089d3,2025-02,South Yorkshire Police,South Yorkshire Police,-1.374002,53.391116,On or near Supermarket,E01007699,Rotherham 027B,Shoplifting,Local resolution,
11b8283dd547fc7506e5e9cdd1b61504c6cdd96fc6c5e8e42542d2bae022900c,2025-02,South Yorkshire Police,South Yorkshire Police,-1.374002,53.391116,On or near Supermarket,E01007699,Rotherham 027B,Shoplifting,Investigation complete; no suspect identified,
17d59465f8d11c4a9904c5cd130e3fbaffe15ec910a0da81cd5899850b2b5d9d,2025-02,South Yorkshire Police,South Yorkshire Police,-1.366441,53.390648,On or near Sheffield Lane,E01007699,Rotherham 027B,Vehicle crime,Investigation complete; no suspect identified,
1ca37dc4d62f73c9e8891a4ba76ce967cd027f915b72ec0e5480986fd271070b,2025-02,South Yorkshire Police,South Yorkshire Police,-1.368407,53.385831,On or near Autumn Fields,E01007699,Rotherham 027B,Vehicle crime,Investigation complete; no suspect identified,
409390242b4c174a4f6de5dc746af6871eaa2cfdaf8729399df884249e7e7318,2025-02,South Yorkshire Police,South Yorkshire Police,-1.374002,53.391116,On or near Supermarket,E01007699,Rotherham 027B,Vehicle crime,Investigation complete; no suspect identified,
a2fd87b77b52224df3b0a3c5483f63327078e467d0bcb7068839d6a492c01431,2025-02,South Yorkshire Police,South Yorkshire Police,-1.374002,53.391116,On or near Supermarket,E01007699,Rotherham 027B,Vehicle crime,Investigation complete; no suspect identified,
fcea5c9c1c6e764fe9c7f153b6da561bc78831a408f26638d87c4ec75f4a09fa,2025-02,South Yorkshire Police,South Yorkshire Police,-1.366762,53.387270,On or near Letwell Way,E01007699,Rotherham 027B,Violence and sexual offences,Unable to prosecute suspect,
d579355d6a6e47e376e92b60eca07e07b419332eb293132febec5dc9cd4d5382,2025-02,South Yorkshire Police,South Yorkshire Police,-1.366935,53.395864,On or near Highfield View,E01007699,Rotherham 027B,Violence and sexual offences,Unable to prosecute suspect,
b28e185d74127e0dac864a1f300a200265391475b9ad1a74e49b6be9e9554cc3,2025-02,South Yorkshire Police,South Yorkshire Police,-1.375689,53.382436,On or near Hassop Court,E01007699,Rotherham 027B,Violence and sexual offences,Unable to prosecute suspect,
71b6510a95091e283d779962d1d661b05ada45742dc1bd5acc2be90580ecd6ab,2025-02,South Yorkshire Police,South Yorkshire Police,-1.374542,53.382718,On or near Baslow Place,E01007699,Rotherham 027B,Violence and sexual offences,Awaiting court outcome,
a65c66bd2045f3a89294895fa89258228f9d49e3b4f35207f31d28d29dd6c418,2025-02,South Yorkshire Police,South Yorkshire Police,-1.366935,53.395864,On or near Highfield View,E01007699,Rotherham 027B,Violence and sexual offences,Unable to prosecute suspect,
bc5bb68b7264712d50667eb322a280fc968d177996df51be28d8b685a3ba2f0d,2025-02,South Yorkshire Police,South Yorkshire Police,-1.364632,53.395007,On or near Nursery Drive,E01007699,Rotherham 027B,Violence and sexual offences,Local resolution,
33ba115a339b74eacc9fa943edb7c063d5d805deb43e6fc01fff10287b1ac4c8,2025-02,South Yorkshire Police,South Yorkshire Police,-1.371847,53.383980,On or near Lescar Road,E01007699,Rotherham 027B,Violence and sexual offences,Status update unavailable,
ba2f78a5ceb42c491d8c07529071bc69ceedc2370e4221296899a67d465fdc87,2025-02,South Yorkshire Police,South Yorkshire Police,-1.371847,53.383980,On or near Lescar Road,E01007699,Rotherham 027B,Violence and sexual offences,Status update unavailable,
9ca1814c370657e013e4d1062fe7fdc7f0f63274837914a6a975ca3af0a882cf,2025-02,South Yorkshire Police,South Yorkshire Police,-1.366762,53.387270,On or near Letwell Way,E01007699,Rotherham 027B,Violence and sexual offences,Unable to prosecute suspect,
933bc6570461fdc880994a62a9302672004107d2cfe96dc04bc4d67482d766fe,2025-02,South Yorkshire Police,South Yorkshire Police,-1.369663,53.390350,On or near Treeton Way,E01007699,Rotherham 027B,Other crime,Investigation complete; no suspect identified,
,2025-02,South Yorkshire Police,South Yorkshire Police,-1.351481,53.385597,On or near Village Garden Mews,E01007700,Rotherham 027C,Anti-social behaviour,,
33522a789069397b7bf6469009d4d9a2b677d2f7acd1ff42ffe33f13ed60f10e,2025-02,South Yorkshire Police,South Yorkshire Police,-1.343587,53.381769,On or near Falcon Drive,E01007700,Rotherham 027C,Vehicle crime,Investigation complete; no suspect identified,
eabb974bf0d1bdb7b52d336c7afd58434518360935821107f26e7c333d0eeb5e,2025-02,South Yorkshire Police,South Yorkshire Police,-1.345376,53.383685,On or near Maryhill Close,E01007700,Rotherham 027C,Vehicle crime,Investigation complete; no suspect identified,
4d0cd337e0a29ba21f5139b2f5410082214ed21c82d684e8b40751b6af465d6c,2025-02,South Yorkshire Police,South Yorkshire Police,-1.354005,53.384730,On or near Arundel Road,E01007701,Rotherham 027D,Burglary,Investigation complete; no suspect identified,
0f3a92585f0a155def3ec6ba524c901be7b7105bad4a6bf47086a2d65008d37c,2025-02,South Yorkshire Police,South Yorkshire Police,-1.359768,53.394469,On or near New Street,E01007701,Rotherham 027D,Criminal damage and arson,Unable to prosecute suspect,
143abe578695434ddbdf52ee96384c498588cc253dcd479a817766ee48583bd3,2025-02,South Yorkshire Police,South Yorkshire Police,-1.354005,53.384730,On or near Arundel Road,E01007701,Rotherham 027D,Public order,Unable to prosecute suspect,
4d514714da26ca439a8fcfd7784b7d48cf0ea7503be56fe377b446c43f8f5ba8,2025-02,South Yorkshire Police,South Yorkshire Police,-1.357528,53.385396,On or near Mill Lane,E01007701,Rotherham 027D,Violence and sexual offences,Unable to prosecute suspect,
72bab0df55bee955e5de631abe6dd18a4e5787240f2726d317bcf8c3a53d97ee,2025-02,South Yorkshire Police,South Yorkshire Police,-1.346958,53.389410,On or near Spa Well Crescent,E01007701,Rotherham 027D,Violence and sexual offences,Unable to prosecute suspect,
9d8f3c54c1bd90980a3627700eab7b2761011f482dcb215cf14b7dcb202561d0,2025-02,South Yorkshire Police,South Yorkshire Police,-1.362001,53.392934,On or near Tristford Close,E01007701,Rotherham 027D,Violence and sexual offences,Status update unavailable,
,2025-02,South Yorkshire Police,South Yorkshire Police,-1.361954,53.400098,On or near Whitehill Willow,E01007706,Rotherham 027E,Anti-social behaviour,,
,2025-02,South Yorkshire Police,South Yorkshire Police,-1.360461,53.400387,On or near Mendip Rise,E01007706,Rotherham 027E,Anti-social behaviour,,
7ce3e6e958f9834e097096785f8c66f4093348e18ef06bb719a3724e7139c553,2025-02,South Yorkshire Police,South Yorkshire Police,-1.357000,53.397519,On or near Grange Farm Close,E01007706,Rotherham 027E,Other theft,Investigation complete; no suspect identified,
a0b0f26c889b0b9e059aeb1ba37cc0315d3ab2c108bd11d4ae0e057049245925,2025-02,South Yorkshire Police,South Yorkshire Police,-1.357000,53.397519,On or near Grange Farm Close,E01007706,Rotherham 027E,Shoplifting,Investigation complete; no suspect identified,
,2025-02,South Yorkshire Police,South Yorkshire Police,-1.367680,53.383185,On or near Waverley Walk,E01034248,Rotherham 027F,Anti-social behaviour,,
23cf0378facdd797cdaca5224dc70ed59177a437c25c8ee707272df07a8a4d1d,2025-02,South Yorkshire Police,South Yorkshire Police,-1.364710,53.383717,On or near Cherry Wood Way,E01034248,Rotherham 027F,Criminal damage and arson,Investigation complete; no suspect identified,
771561c9fe2186b4fb0161c36f7431d36fd0e7c86e9cb7868148cebb44e168f4,2025-02,South Yorkshire Police,South Yorkshire Police,-1.373250,53.382639,On or near Bakewell Gardens,E01034248,Rotherham 027F,Other theft,Awaiting court outcome,
047300750536a2a02b36689f65b0df56cdc7001db92a6824d00ec4e83fef9f5e,2025-02,South Yorkshire Police,South Yorkshire Police,-1.366204,53.382332,On or near Oak Dene Way,E01034248,Rotherham 027F,Vehicle crime,Investigation complete; no suspect identified,
1a91bf4dc80cd2216521d4ebfb42d884383ac9934f882d30af128cfa7da5d821,2025-02,South Yorkshire Police,South Yorkshire Police,-1.369100,53.382689,On or near Highfield Lane,E01034248,Rotherham 027F,Violence and sexual offences,Unable to prosecute suspect,
5cf30c3ad68a5dcf5347fca8469b80d249fb72c643d0a628056ccfbe8dcb162e,2025-02,South Yorkshire Police,South Yorkshire Police,-1.364710,53.383717,On or near Cherry Wood Way,E01034248,Rotherham 027F,Violence and sexual offences,Unable to prosecute suspect,
,2025-02,South Yorkshire Police,South Yorkshire Police,-1.356312,53.368329,On or near Orgreave Rise,E01034249,Rotherham 027G,Anti-social behaviour,,
62427bc3e8d00532ec65a3b7a16ece4e5ba173e8822107618cb9c494fecc0497,2025-02,South Yorkshire Police,South Yorkshire Police,-1.361232,53.377734,On or near Park/Open Space,E01034249,Rotherham 027G,Burglary,Investigation complete; no suspect identified,
93c023638acb3d81b4260e30d9e908dc4b6c272fafd1763de042ac96c5936e9c,2025-02,South Yorkshire Police,South Yorkshire Police,-1.369177,53.381548,On or near Highfield Lane,E01034249,Rotherham 027G,Vehicle crime,Investigation complete; no suspect identified,
4e89a763009b4643e61b3f652cf229b702470ba8ec47ccfd1801dc6abca40cb7,2025-02,South Yorkshire Police,South Yorkshire Police,-1.359126,53.367112,On or near Coalbrook Road,E01034249,Rotherham 027G,Violence and sexual offences,Investigation complete; no suspect identified,
b1fd18b88210d1bbffee4972f69fbfed15d7f420be417729a471df4a2d1398c1,2025-02,South Yorkshire Police,South Yorkshire Police,-1.369177,53.381548,On or near Highfield Lane,E01034249,Rotherham 027G,Violence and sexual offences,Investigation complete; no suspect identified,
,2025-02,South Yorkshire Police,South Yorkshire Police,-1.327220,53.358541,On or near Chesterfield Road,E01034250,Rotherham 027H,Anti-social behaviour,,
,2025-02,South Yorkshire Police,South Yorkshire Police,-1.342218,53.369428,On or near Sports/Recreation Area,E01034250,Rotherham 027H,Anti-social behaviour,,
8d56f36984c17c99758d2a18eb609965e02b393e5a2d60f6f4674dfc34577d45,2025-02,South Yorkshire Police,South Yorkshire Police,-1.328236,53.358916,On or near Lidget Close,E01034250,Rotherham 027H,Burglary,Investigation complete; no suspect identified,
6365ebab57fd15550d7dcdeb32b754977336b0e94cc381cbe5de6ae1d7a1274b,2025-02,South Yorkshire Police,South Yorkshire Police,-1.330891,53.362095,On or near West Park Drive,E01034250,Rotherham 027H,Criminal damage and arson,Unable to prosecute suspect,
4de5d0c46cd303912d6737557ce691354b16e22da102cc4e7fa4157bafd03b16,2025-02,South Yorkshire Police,South Yorkshire Police,-1.327220,53.358541,On or near Chesterfield Road,E01034250,Rotherham 027H,Criminal damage and arson,Unable to prosecute suspect,
41b79e42ed137b01d78bbf6af808e6bd0ec96532fd206cf50bc6cb7a7f9145d4,2025-02,South Yorkshire Police,South Yorkshire Police,-1.337499,53.366194,On or near Sheffield Road,E01034250,Rotherham 027H,Public order,Unable to prosecute suspect,
dfce5bc0489f674e65331e5ef4c4669f1bca1c9b00effea4d0795794c781e69b,2025-02,South Yorkshire Police,South Yorkshire Police,-1.333794,53.361904,On or near Rother View Close,E01034250,Rotherham 027H,Shoplifting,Investigation complete; no suspect identified,
bef4c52c4cc8bc308017fbe7c4e468b009f74b4aa99bcccbbc0daed1ebb90cad,2025-02,South Yorkshire Police,South Yorkshire Police,-1.328236,53.358916,On or near Lidget Close,E01034250,Rotherham 027H,Vehicle crime,Investigation complete; no suspect identified,
,2025-02,South Yorkshire Police,South Yorkshire Police,-1.162961,53.360847,On or near Woodsetts Road,E01007788,Rotherham 028B,Anti-social behaviour,,
,2025-02,South Yorkshire Police,South Yorkshire Police,-1.163001,53.363427,On or near Rotherham Baulk,E01007788,Rotherham 028B,Anti-social behaviour,,
c6034336a17303ccec511a3bf18d9d3ec3bc93aa2f2a8f25724e10d82aa77674,2025-02,South Yorkshire Police,South Yorkshire Police,-1.155866,53.389085,On or near Park Hill Drive,E01007788,Rotherham 028B,Other theft,Investigation complete; no suspect identified,
b317e9f9336ca42134f0039fad429e41325675f95bbf1cd24f0251c40b6f0a23,2025-02,South Yorkshire Police,South Yorkshire Police,-1.201573,53.370810,On or near Clarence Street,E01007788,Rotherham 028B,Vehicle crime,Unable to prosecute suspect,
ab3d6567606d2a182810c88af0d1965fcbda935224dc9d574e91d8315acd8758,2025-02,South Yorkshire Police,South Yorkshire Police,-1.208319,53.377444,On or near Hunters Close,E01007788,Rotherham 028B,Vehicle crime,Investigation complete; no suspect identified,
806ec12fbf821d10c65678fc32c9bad422efbb8dfaaf4e20ed97c0e24d002884,2025-02,South Yorkshire Police,South Yorkshire Police,-1.198209,53.371480,On or near Lordens Way,E01007788,Rotherham 028B,Vehicle crime,Investigation complete; no suspect identified,
ddddc2ae28b92f2743f18b9d543fe519f071fd08f921ae04c8469c92413a7f8a,2025-02,South Yorkshire Police,South Yorkshire Police,-1.157533,53.379308,On or near Ramper Road,E01007788,Rotherham 028B,Vehicle crime,Investigation complete; no suspect identified,
d60713227234211c7a13cbedcfccf4f6a1809f5e7a4509c646616b5f5c532753,2025-02,South Yorkshire Police,South Yorkshire Police,-1.210070,53.375424,On or near Duke Street,E01007788,Rotherham 028B,Violence and sexual offences,Unable to prosecute suspect,
b177faf5e3b375d8368681442fa962e086ae0cdc0f81bc6ea5a30c27c3680754,2025-02,South Yorkshire Police,South Yorkshire Police,-1.152409,53.391325,On or near Lime Avenue,E01007788,Rotherham 028B,Violence and sexual offences,Unable to prosecute suspect,
3be4b06eba8a316bee080ed4d1186f50314691e9b19149e20e07fccd9450c983,2025-02,South Yorkshire Police,South Yorkshire Police,-1.210070,53.375424,On or near Duke Street,E01007788,Rotherham 028B,Violence and sexual offences,Unable to prosecute suspect,
,2025-02,South Yorkshire Police,South Yorkshire Police,-1.229938,53.373100,On or near Park Lane,E01007789,Rotherham 028C,Anti-social behaviour,,
,2025-02,South Yorkshire Police,South Yorkshire Police,-1.231237,53.374429,On or near Kieran Close,E01007789,Rotherham 028C,Anti-social behaviour,,
,2025-02,South Yorkshire Police,South Yorkshire Police,-1.231237,53.374429,On or near Kieran Close,E01007789,Rotherham 028C,Anti-social behaviour,,
,2025-02,South Yorkshire Police,South Yorkshire Police,-1.218013,53.368474,On or near Whitehead Close,E01007789,Rotherham 028C,Anti-social behaviour,,
,2025-02,South Yorkshire Police,South Yorkshire Police,-1.210259,53.372477,On or near Plantation Court,E01007789,Rotherham 028C,Anti-social behaviour,,
181461811c322b9157701d01e574b7a3c688bd001144041b6aeb06ee7f1559fa,2025-02,South Yorkshire Police,South Yorkshire Police,-1.230548,53.375126,On or near Meadow Street,E01007789,Rotherham 028C,Other theft,Investigation complete; no suspect identified,
ccf5475ef1a2bc5ad5207a7ae798186f13c2dbfa30ac268508b0725690438f03,2025-02,South Yorkshire Police,South Yorkshire Police,-1.231237,53.374429,On or near Kieran Close,E01007789,Rotherham 028C,Public order,Investigation complete; no suspect identified,
48c9d69d7661877d539c337d5e3f704f26eea36aaa044eecbc00da4184cbbff5,2025-02,South Yorkshire Police,South Yorkshire Police,-1.231237,53.374429,On or near Kieran Close,E01007789,Rotherham 028C,Public order,Investigation complete; no suspect identified,
5f60ac7aedd9ff299185654fcea60510192ded0458a1659d83d7852e1253d5ab,2025-02,South Yorkshire Police,South Yorkshire Police,-1.211400,53.376619,On or near Breck Lane,E01007789,Rotherham 028C,Vehicle crime,Investigation complete; no suspect identified,
d72dd64a04d25cfc95f32b47449d25199f22a69f52d5181fa66a8b2a18b581db,2025-02,South Yorkshire Police,South Yorkshire Police,-1.231237,53.374429,On or near Kieran Close,E01007789,Rotherham 028C,Violence and sexual offences,Investigation complete; no suspect identified,
abfa78940ddf144537a4917476d1ee4b7a2fc31602978082da850a964f4cf173,2025-02,South Yorkshire Police,South Yorkshire Police,-1.230840,53.373941,On or near Princess Street,E01007789,Rotherham 028C,Violence and sexual offences,Unable to prosecute suspect,
fb7147484a6b6f2ca330d1ceef11091b18a00274d884c4cbb8a09ce991c8fb0e,2025-02,South Yorkshire Police,South Yorkshire Police,-1.209040,53.378267,On or near Hunters Way,E01007789,Rotherham 028C,Violence and sexual offences,Unable to prosecute suspect,
eecc35c0614be488a7d15796474b3bd0020bd1841b3fe961126259230e18c271,2025-02,South Yorkshire Police,South Yorkshire Police,-1.233201,53.375530,On or near Redwall Close,E01007789,Rotherham 028C,Violence and sexual offences,Unable to prosecute suspect,
1a2a035fc2306fd7084ccb6917b90c798afbf89741f4be30542c81961049b4b7,2025-02,South Yorkshire Police,South Yorkshire Police,-1.233201,53.375530,On or near Redwall Close,E01007789,Rotherham 028C,Violence and sexual offences,Unable to prosecute suspect,
46b5d9c1597321e2aefd185db89989ad893e623327050f06d0b166193412d749,2025-02,South Yorkshire Police,South Yorkshire Police,-1.231477,53.371941,On or near Todwick Road,E01007789,Rotherham 028C,Violence and sexual offences,Investigation complete; no suspect identified,
,2025-02,South Yorkshire Police,South Yorkshire Police,-1.213947,53.367279,On or near Church Meadows,E01007792,Rotherham 028D,Anti-social behaviour,,
,2025-02,South Yorkshire Police,South Yorkshire Police,-1.215974,53.365773,On or near Blenheim Close,E01007792,Rotherham 028D,Anti-social behaviour,,
,2025-02,South Yorkshire Police,South Yorkshire Police,-1.215974,53.365773,On or near Blenheim Close,E01007792,Rotherham 028D,Anti-social behaviour,,
d2ef6295c4fe30aaee4208340be6a905e985ffa9776dd30907ddd83bc00d5bb7,2025-02,South Yorkshire Police,South Yorkshire Police,-1.215974,53.365773,On or near Blenheim Close,E01007792,Rotherham 028D,Criminal damage and arson,Investigation complete; no suspect identified,
5cb528a86e04ea96e53049d2b049fd8decc0b65e5835b3f7f655b4423a0b6931,2025-02,South Yorkshire Police,South Yorkshire Police,-1.219498,53.367845,On or near Washington Close,E01007792,Rotherham 028D,Other crime,Further action is not in the public interest,
,2025-02,South Yorkshire Police,South Yorkshire Police,-1.222493,53.388225,On or near Rectory Court,E01034251,Rotherham 028E,Anti-social behaviour,,
,2025-02,South Yorkshire Police,South Yorkshire Police,-1.225180,53.401707,On or near Carr Lane,E01034251,Rotherham 028E,Anti-social behaviour,,
,2025-02,South Yorkshire Police,South Yorkshire Police,-1.215726,53.384171,On or near St John'S Road,E01034251,Rotherham 028E,Anti-social behaviour,,
f855fc4033fe7330657a47814b9286d073f47b5046840db2ca8e1e03427f6c1d,2025-02,South Yorkshire Police,South Yorkshire Police,-1.215726,53.384171,On or near St John'S Road,E01034251,Rotherham 028E,Burglary,Investigation complete; no suspect identified,
c27e9072d6162345dadd21f034f0402836fb7933ee3869e33779d558e0aa43a3,2025-02,South Yorkshire Police,South Yorkshire Police,-1.224622,53.387717,On or near Church Corner,E01034251,Rotherham 028E,Other theft,Investigation complete; no suspect identified,
ddb89872ef052173d4a62775c79b54bce9335b43bd21c428b5cab1979f006b65,2025-02,South Yorkshire Police,South Yorkshire Police,-1.220980,53.385455,On or near School Road,E01034251,Rotherham 028E,Violence and sexual offences,Unable to prosecute suspect,
8fbbaa3e49cc6a237f234c07165b6c67fd19fa43e699c83518c92b2f50716c2c,2025-02,South Yorkshire Police,South Yorkshire Police,-1.220792,53.387512,On or near High Street,E01034251,Rotherham 028E,Violence and sexual offences,Unable to prosecute suspect,
,2025-02,South Yorkshire Police,South Yorkshire Police,-1.232865,53.377523,On or near Baker Street,E01034252,Rotherham 028F,Anti-social behaviour,,
d9ea835b7d35a27a1a9d7cf7d7f640fef4a54418d9b234cf1597474008c16b60,2025-02,South Yorkshire Police,South Yorkshire Police,-1.231873,53.375827,On or near Rotherham Road,E01034252,Rotherham 028F,Criminal damage and arson,Investigation complete; no suspect identified,
06b388a8049125c9fc849edce7e3052de26fd87984065e9e304d9aafb3d70f27,2025-02,South Yorkshire Police,South Yorkshire Police,-1.236025,53.385750,On or near Common Lane,E01034252,Rotherham 028F,Other theft,Investigation complete; no suspect identified,
5aeb47da0148c0afd529dfc188e542ae4223d3b398ff6fb279db37582f5c0508,2025-02,South Yorkshire Police,South Yorkshire Police,-1.231325,53.378372,On or near Supermarket,E01034252,Rotherham 028F,Shoplifting,Investigation complete; no suspect identified,
8e9b214f6e94e4ef39c326ea3f2beae27473eb7fc74989d8bc1a9691dfcb12a4,2025-02,South Yorkshire Police,South Yorkshire Police,-1.233168,53.376545,On or near Paddington Close,E01034252,Rotherham 028F,Violence and sexual offences,Unable to prosecute suspect,
95e48439799882cec6780e9a17ef1b2586ff79e83a1c5040c358fb898bdba4c6,2025-02,South Yorkshire Police,South Yorkshire Police,-1.231325,53.378372,On or near Supermarket,E01034252,Rotherham 028F,Violence and sexual offences,Investigation complete; no suspect identified,
f9c6cde227a0a484bbe988d9373979ffce7b875f3ae4e8eebd80c70e24893e42,2025-02,South Yorkshire Police,South Yorkshire Police,-1.231873,53.375827,On or near Rotherham Road,E01034252,Rotherham 028F,Violence and sexual offences,Investigation complete; no suspect identified,
9b8ba04862b58c5c8153b4e702b451775a71eb3d643944bf669eca569d60d2d1,2025-02,South Yorkshire Police,South Yorkshire Police,-1.225116,53.375415,On or near Petrol Station,E01034252,Rotherham 028F,Violence and sexual offences,Investigation complete; no suspect identified,
d0460987f6af42e64ec150af3ae3daf3c922a2336aa22d5ee2a622789f828f86,2025-02,South Yorkshire Police,South Yorkshire Police,-1.233168,53.376545,On or near Paddington Close,E01034252,Rotherham 028F,Violence and sexual offences,Unable to prosecute suspect,
e64dab666dc809aa867dcf55d4f9ab2d33a19d911c9e3bd2555fd41c2e316bb9,2025-02,South Yorkshire Police,South Yorkshire Police,-1.233640,53.377870,On or near Waterloo Court,E01034252,Rotherham 028F,Violence and sexual offences,Status update unavailable,
790e18fe29b23437f261121570cd1013187ac14fba3a788dba525c3481eedb23,2025-02,South Yorkshire Police,South Yorkshire Police,-1.233640,53.377870,On or near Waterloo Court,E01034252,Rotherham 028F,Violence and sexual offences,Unable to prosecute suspect,
6af8398ce0c6e7ce693fee2c4cdb4047bc6061ab73761b49e9e030cb9a3a535e,2025-02,South Yorkshire Police,South Yorkshire Police,-1.233168,53.376545,On or near Paddington Close,E01034252,Rotherham 028F,Violence and sexual offences,Unable to prosecute suspect,
,2025-02,South Yorkshire Police,South Yorkshire Police,-1.221821,53.360741,On or near Wellington Avenue,E01007657,Rotherham 029A,Anti-social behaviour,,
6b57085efd760a42a06add7d0309a300754278c48f9de003d6e4164ef9b8a807,2025-02,South Yorkshire Police,South Yorkshire Police,-1.216440,53.363304,On or near Newcastle Close,E01007657,Rotherham 029A,Vehicle crime,Investigation complete; no suspect identified,
c431f86c53006035fa754a608062c7ef982931bda2231de4b4c373a3950c2321,2025-02,South Yorkshire Police,South Yorkshire Police,-1.221723,53.362035,On or near Edinburgh Drive,E01007657,Rotherham 029A,Violence and sexual offences,Unable to prosecute suspect,
,2025-02,South Yorkshire Police,South Yorkshire Police,-1.209205,53.358016,On or near Patterdale Way,E01007659,Rotherham 029B,Anti-social behaviour,,
,2025-02,South Yorkshire Police,South Yorkshire Police,-1.209205,53.358016,On or near Patterdale Way,E01007659,Rotherham 029B,Anti-social behaviour,,
,2025-02,South Yorkshire Police,South Yorkshire Police,-1.209205,53.358016,On or near Patterdale Way,E01007659,Rotherham 029B,Anti-social behaviour,,
,2025-02,South Yorkshire Police,South Yorkshire Police,-1.209205,53.358016,On or near Patterdale Way,E01007659,Rotherham 029B,Anti-social behaviour,,
5f7c898da8a105cd170c7735d483d1dfde7985f00707c06a54785b1534b813c8,2025-02,South Yorkshire Police,South Yorkshire Police,-1.209108,53.359193,On or near Hawkshead Crescent,E01007659,Rotherham 029B,Vehicle crime,Investigation complete; no suspect identified,
228c7eb745b08f1661d3b361509a2db0b1d671ce1f1a5ceac940eadd219b6e06,2025-02,South Yorkshire Police,South Yorkshire Police,-1.200484,53.367153,On or near Shakespeare Drive,E01007785,Rotherham 029C,Bicycle theft,Awaiting court outcome,
902f898161397d6fabfde7a83305a7878ad9251560e2407aa06c1165371f414d,2025-02,South Yorkshire Police,South Yorkshire Police,-1.197282,53.371204,On or near Leys Lane,E01007785,Rotherham 029C,Burglary,Investigation complete; no suspect identified,
2bf961a4334e5a8bf04d9efeb9cfe4426da3e2f8827b1a28c19f8e4c99b3a853,2025-02,South Yorkshire Police,South Yorkshire Police,-1.200665,53.366301,On or near High Nook Road,E01007785,Rotherham 029C,Criminal damage and arson,Unable to prosecute suspect,
86fe2ea5627f870436f0cccfe0224217babfb82a8afcd92d1fb4c6019703b6bc,2025-02,South Yorkshire Police,South Yorkshire Police,-1.200345,53.364159,On or near Swinston Hill Meadows,E01007785,Rotherham 029C,Criminal damage and arson,Investigation complete; no suspect identified,
c32f04ff91a145ca440b41619a12fc909285e052f8b77f627aabbae9f292b36d,2025-02,South Yorkshire Police,South Yorkshire Police,-1.200665,53.366301,On or near High Nook Road,E01007785,Rotherham 029C,Violence and sexual offences,Awaiting court outcome,
8cd08c0c32f220e5a009760db6d1e16c264f56131d71204ce95b526542de0f64,2025-02,South Yorkshire Police,South Yorkshire Police,-1.203636,53.365772,On or near Central Mews,E01007785,Rotherham 029C,Violence and sexual offences,Unable to prosecute suspect,
b37a889d8410d546d727b94d6010dd21035911663166e16a9b98e3bc1ec6b3c5,2025-02,South Yorkshire Police,South Yorkshire Police,-1.195342,53.361698,On or near Brand'S Lane,E01007785,Rotherham 029C,Violence and sexual offences,Status update unavailable,
,2025-02,South Yorkshire Police,South Yorkshire Police,-1.211731,53.363579,On or near Nursery Road,E01007786,Rotherham 029D,Anti-social behaviour,,
,2025-02,South Yorkshire Police,South Yorkshire Police,-1.206955,53.363475,On or near Lytham Avenue,E01007786,Rotherham 029D,Anti-social behaviour,,
4a89dfd7735e997c17afc90b3644b06ed1bd28e98635675e2fc37de14231b46b,2025-02,South Yorkshire Police,South Yorkshire Police,-1.212298,53.366243,On or near St Leonard'S Close,E01007786,Rotherham 029D,Burglary,Investigation complete; no suspect identified,
a48c4307f78ab03c11d2537ca5553a12f60f8c78601f9a03a5d3ff1eb25838d6,2025-02,South Yorkshire Police,South Yorkshire Police,-1.211283,53.362641,On or near Park Avenue,E01007786,Rotherham 029D,Vehicle crime,Investigation complete; no suspect identified,
,2025-02,South Yorkshire Police,South Yorkshire Police,-1.209863,53.371153,On or near South Street,E01007790,Rotherham 029E,Anti-social behaviour,,
,2025-02,South Yorkshire Police,South Yorkshire Police,-1.201154,53.369926,On or near Lordens Hill,E01007790,Rotherham 029E,Anti-social behaviour,,
,2025-02,South Yorkshire Police,South Yorkshire Police,-1.209863,53.371153,On or near South Street,E01007790,Rotherham 029E,Anti-social behaviour,,
,2025-02,South Yorkshire Police,South Yorkshire Police,-1.204878,53.369277,On or near Addison Square,E01007790,Rotherham 029E,Anti-social behaviour,,
,2025-02,South Yorkshire Police,South Yorkshire Police,-1.199010,53.371233,On or near Doe Quarry Place,E01007790,Rotherham 029E,Anti-social behaviour,,
,2025-02,South Yorkshire Police,South Yorkshire Police,-1.211613,53.369187,On or near Dinnington Interchange,E01007790,Rotherham 029E,Anti-social behaviour,,
,2025-02,South Yorkshire Police,South Yorkshire Police,-1.210678,53.369368,On or near Theatre/Concert Hall,E01007790,Rotherham 029E,Anti-social behaviour,,
1eba69ded45af54a3a78b85a8694ba165ecf2d3034482e039549e0ea34c85d9c,2025-02,South Yorkshire Police,South Yorkshire Police,-1.209947,53.367423,On or near Barleycroft Lane,E01007790,Rotherham 029E,Burglary,Investigation complete; no suspect identified,
2366728490845f6f0c29465f3bf338d8e8aa22ccbd72f822c7bb80de84fc475a,2025-02,South Yorkshire Police,South Yorkshire Police,-1.205433,53.372553,On or near Pencil Lane,E01007790,Rotherham 029E,Burglary,Investigation complete; no suspect identified,
3d9e2697db59d3d730105b2dde116b7220650d7d9194bc4a4f53b7e356f4801d,2025-02,South Yorkshire Police,South Yorkshire Police,-1.206105,53.371973,On or near East Street,E01007790,Rotherham 029E,Criminal damage and arson,Unable to prosecute suspect,
92d290059b25b9bcc13da320eee61af8b28ae4ff87c3cb57e36c2eeb08fe8e04,2025-02,South Yorkshire Police,South Yorkshire Police,-1.209863,53.371153,On or near South Street,E01007790,Rotherham 029E,Criminal damage and arson,Investigation complete; no suspect identified,
64be72be524a0bb05460342526f25b252b59ec4aea68c06e7b1eb194dc560084,2025-02,South Yorkshire Police,South Yorkshire Police,-1.209458,53.370314,On or near Laughton Road,E01007790,Rotherham 029E,Other theft,Investigation complete; no suspect identified,
b94df1b1cddb5623539c82f1fea6bf5ac38d955b13f51c445ed07486f266c920,2025-02,South Yorkshire Police,South Yorkshire Police,-1.208533,53.366686,On or near The Close,E01007790,Rotherham 029E,Public order,Unable to prosecute suspect,
99ed15778aa24453055e0d52b8aefa0d6b7ad8065ef442b7a29902c4d4420560,2025-02,South Yorkshire Police,South Yorkshire Police,-1.209947,53.367423,On or near Barleycroft Lane,E01007790,Rotherham 029E,Public order,Unable to prosecute suspect,
3d01e0ac47506c6b45ce3bd1e3bf36ef2907b5cabc3dcb5994a1d14464313d3b,2025-02,South Yorkshire Police,South Yorkshire Police,-1.208533,53.366686,On or near The Close,E01007790,Rotherham 029E,Public order,Unable to prosecute suspect,
41aed855073792fce3b941ee473a915d3a547db7152c1c82aa985e3080831643,2025-02,South Yorkshire Police,South Yorkshire Police,-1.204878,53.369277,On or near Addison Square,E01007790,Rotherham 029E,Robbery,Investigation complete; no suspect identified,
3f333f23209c848a12b8b64edb636cac769bddf1ff2fae84d541417692920947,2025-02,South Yorkshire Police,South Yorkshire Police,-1.211016,53.370558,On or near Petrol Station,E01007790,Rotherham 029E,Shoplifting,Investigation complete; no suspect identified,
54d5fc6065ef123ca03bfdc0872a8978cb0d97e04ce1be7eb107b63c187f8f45,2025-02,South Yorkshire Police,South Yorkshire Police,-1.211016,53.370558,On or near Petrol Station,E01007790,Rotherham 029E,Shoplifting,Investigation complete; no suspect identified,
6ed08686411217158c6655119b242e6b7daa069a9fcd544096bbbb4d03bda41b,2025-02,South Yorkshire Police,South Yorkshire Police,-1.211016,53.370558,On or near Petrol Station,E01007790,Rotherham 029E,Shoplifting,Unable to prosecute suspect,
57e61784c383c33b0f453f175c22b342db77856b1c5608d8fcb3bdc47b75f350,2025-02,South Yorkshire Police,South Yorkshire Police,-1.204878,53.369277,On or near Addison Square,E01007790,Rotherham 029E,Violence and sexual offences,Action to be taken by another organisation,
aa823b5dd7be08c724a87cde8ce6ca998bd8376a8f48401e23282377e893657a,2025-02,South Yorkshire Police,South Yorkshire Police,-1.204878,53.369277,On or near Addison Square,E01007790,Rotherham 029E,Violence and sexual offences,Investigation complete; no suspect identified,
9de12f2b883cd0009db3ff6b96feb08f283ce62b5e09fe5401a8f1b2adca60e1,2025-02,South Yorkshire Police,South Yorkshire Police,-1.203811,53.372497,On or near Doe Quarry Lane,E01007790,Rotherham 029E,Violence and sexual offences,Unable to prosecute suspect,
81e2144d1809c52df600647ca76e34216107e76b6206faa8688e2436b9cecb41,2025-02,South Yorkshire Police,South Yorkshire Police,-1.209782,53.368249,On or near Leopold Avenue,E01007790,Rotherham 029E,Violence and sexual offences,Investigation complete; no suspect identified,
e10013c0236b6e137cd469772d916cdd346a7f86a3a30238aa6cdfb49cc0ce16,2025-02,South Yorkshire Police,South Yorkshire Police,-1.203811,53.372497,On or near Doe Quarry Lane,E01007790,Rotherham 029E,Violence and sexual offences,Unable to prosecute suspect,
8b95d14c51c117b21fe275d926846e359d13dfab7c9420c660fcad79dbe9708b,2025-02,South Yorkshire Police,South Yorkshire Police,-1.207845,53.373009,On or near Old School Walk,E01007790,Rotherham 029E,Violence and sexual offences,Unable to prosecute suspect,
14e748f80b797b58e942da5857ba7ea12a2b8df116f481f060132495c1ca9473,2025-02,South Yorkshire Police,South Yorkshire Police,-1.199010,53.371233,On or near Doe Quarry Place,E01007790,Rotherham 029E,Violence and sexual offences,Unable to prosecute suspect,
4695abbe4ee532eabe4051c3c44019f7c7378e41366fa78dca0669df3fcd1d5b,2025-02,South Yorkshire Police,South Yorkshire Police,-1.208913,53.368090,On or near Leopold Street,E01007790,Rotherham 029E,Violence and sexual offences,Unable to prosecute suspect,
f4e1d8d106370e7f760e1f56d9a5cc52bda26ba17db20326cab92f16d321f634,2025-02,South Yorkshire Police,South Yorkshire Police,-1.199010,53.371233,On or near Doe Quarry Place,E01007790,Rotherham 029E,Violence and sexual offences,Unable to prosecute suspect,
710b2c491be698e055dfacb0424747e83491b48e9dc9c2afe982e0334397b8e0,2025-02,South Yorkshire Police,South Yorkshire Police,-1.209947,53.367423,On or near Barleycroft Lane,E01007790,Rotherham 029E,Violence and sexual offences,Investigation complete; no suspect identified,
d37387d384528273f9e4ccdad2d7dfe4947321b383f688422075e44389c39221,2025-02,South Yorkshire Police,South Yorkshire Police,-1.207845,53.373009,On or near Old School Walk,E01007790,Rotherham 029E,Violence and sexual offences,Unable to prosecute suspect,
81a4e15a0e78f0b1009d2d6ff41704efb18a9d123f6a92aca93b93be2648f278,2025-02,South Yorkshire Police,South Yorkshire Police,-1.203811,53.372497,On or near Doe Quarry Lane,E01007790,Rotherham 029E,Violence and sexual offences,Further action is not in the public interest,
580eca30a54e283dbd0d69c00853f3a87ae939b84ea616d33fe467f1352ab2b8,2025-02,South Yorkshire Police,South Yorkshire Police,-1.206467,53.372721,On or near Hope Avenue,E01007790,Rotherham 029E,Violence and sexual offences,Unable to prosecute suspect,
28abfba7c5440e3693ca74c31e5902296731fd460ba9209f4cf7d0212591b2b8,2025-02,South Yorkshire Police,South Yorkshire Police,-1.204878,53.369277,On or near Addison Square,E01007790,Rotherham 029E,Violence and sexual offences,Unable to prosecute suspect,
05f4cf498f62ac02f8f0d31f516ae46d24e87a4d05b0d16399bb82081de68e92,2025-02,South Yorkshire Police,South Yorkshire Police,-1.203811,53.372497,On or near Doe Quarry Lane,E01007790,Rotherham 029E,Violence and sexual offences,Further action is not in the public interest,
d6514876516978f4f4971ceee14a61cccd3145d4094f5d8d339f0b88f7ab20f2,2025-02,South Yorkshire Police,South Yorkshire Police,-1.207243,53.369814,On or near New Street,E01007790,Rotherham 029E,Violence and sexual offences,Unable to prosecute suspect,
b7227b1a0afa8f992a1f7ca4e27e61910b587c8c8aa8e3d776d8a7558a153fb1,2025-02,South Yorkshire Police,South Yorkshire Police,-1.206105,53.371973,On or near East Street,E01007790,Rotherham 029E,Violence and sexual offences,Local resolution,
626ba753b97d189652f0175c3c9f9e6d2bdfafee9ec3688e0b079b62ea3166b1,2025-02,South Yorkshire Police,South Yorkshire Police,-1.203811,53.372497,On or near Doe Quarry Lane,E01007790,Rotherham 029E,Violence and sexual offences,Further action is not in the public interest,
6ec8d90c0e854e28d1c7c9fd8416419978cb5272bc33be2e891892239fc80d43,2025-02,South Yorkshire Police,South Yorkshire Police,-1.207243,53.369814,On or near New Street,E01007790,Rotherham 029E,Violence and sexual offences,Unable to prosecute suspect,
4ef0a77527e3be95216350bb9dcad6c9572af7ed252dddd9fb1a78b8a327b76f,2025-02,South Yorkshire Police,South Yorkshire Police,-1.209204,53.372659,On or near Coronation Avenue,E01007790,Rotherham 029E,Other crime,Investigation complete; no suspect identified,
,2025-02,South Yorkshire Police,South Yorkshire Police,-1.201554,53.368608,On or near Silverdales,E01007791,Rotherham 029F,Anti-social behaviour,,
,2025-02,South Yorkshire Police,South Yorkshire Police,-1.201554,53.368608,On or near Silverdales,E01007791,Rotherham 029F,Anti-social behaviour,,
,2025-02,South Yorkshire Police,South Yorkshire Police,-1.200356,53.369157,On or near Leicester Road,E01007791,Rotherham 029F,Anti-social behaviour,,
c8b57529935ee3f9963271ea46d02b02333b3fe71c8c8c84adc23e7c8923a5d3,2025-02,South Yorkshire Police,South Yorkshire Police,-1.201513,53.366774,On or near Tennyson Close,E01007791,Rotherham 029F,Criminal damage and arson,Unable to prosecute suspect,
9a632f8737b11a7df8a608f02a066e17baac4165f50922fe2ce1331885287eb3,2025-02,South Yorkshire Police,South Yorkshire Police,-1.199190,53.369652,On or near The Crescent,E01007791,Rotherham 029F,Criminal damage and arson,Investigation complete; no suspect identified,
d5140ab1fd7b3e5049cddff0f2730a7741d75bfba65a3a915fc17ee46965edc8,2025-02,South Yorkshire Police,South Yorkshire Police,-1.199190,53.369652,On or near The Crescent,E01007791,Rotherham 029F,Public order,Investigation complete; no suspect identified,
73c02a2661bca06d86ba06c00793b7909c37a8b5b9d8f0d23a0d7744decb2e88,2025-02,South Yorkshire Police,South Yorkshire Police,-1.203158,53.368016,On or near Eastern Close,E01007791,Rotherham 029F,Violence and sexual offences,Unable to prosecute suspect,
04cfa61c478063af31f818ad7aefbaa1047a377aef5d944158d0ea0ed124ecd9,2025-02,South Yorkshire Police,South Yorkshire Police,-1.203158,53.368016,On or near Eastern Close,E01007791,Rotherham 029F,Violence and sexual offences,Unable to prosecute suspect,
9c001deddb7d9e85984bc23569aed2f4ced45f4cf54c9574406f985a674b84a9,2025-02,South Yorkshire Police,South Yorkshire Police,-1.199514,53.367614,On or near Byron Road,E01007791,Rotherham 029F,Violence and sexual offences,Local resolution,
373da4aca3cc353a292f85d011c1ceeb6bdfbda8ef18633c6b32b3e15fbc61ca,2025-02,South Yorkshire Police,South Yorkshire Police,-1.201554,53.368608,On or near Silverdales,E01007791,Rotherham 029F,Violence and sexual offences,Unable to prosecute suspect,
cef4df21984e550cd3b39f608a5218a236272743bbebf3a8460a4a46665b6d5e,2025-02,South Yorkshire Police,South Yorkshire Police,-1.199514,53.367614,On or near Byron Road,E01007791,Rotherham 029F,Violence and sexual offences,Local resolution,
39e82a6d1f25dd6bff15d570decfb959f08e42695462290084ab9b189109d5b8,2025-02,South Yorkshire Police,South Yorkshire Police,-1.200356,53.369157,On or near Leicester Road,E01007791,Rotherham 029F,Violence and sexual offences,Unable to prosecute suspect,
,2025-02,South Yorkshire Police,South Yorkshire Police,-1.314648,53.364816,On or near Eden View,E01007667,Rotherham 030A,Anti-social behaviour,,
,2025-02,South Yorkshire Police,South Yorkshire Police,-1.315881,53.366666,On or near Wesley Avenue,E01007667,Rotherham 030A,Anti-social behaviour,,
4a959ff9c312fce7c607bda399cb464bdfcedb0d3638c9493a4dc12d13d24b30,2025-02,South Yorkshire Police,South Yorkshire Police,-1.317425,53.369749,On or near Mason Drive,E01007667,Rotherham 030A,Criminal damage and arson,Unable to prosecute suspect,
,2025-02,South Yorkshire Police,South Yorkshire Police,-1.317216,53.370565,On or near Heighton View,E01007668,Rotherham 030B,Anti-social behaviour,,
,2025-02,South Yorkshire Police,South Yorkshire Police,-1.311557,53.366398,On or near Arcubus Avenue,E01007668,Rotherham 030B,Anti-social behaviour,,
,2025-02,South Yorkshire Police,South Yorkshire Police,-1.313269,53.370228,On or near Gray Avenue,E01007668,Rotherham 030B,Anti-social behaviour,,
,2025-02,South Yorkshire Police,South Yorkshire Police,-1.311557,53.366398,On or near Arcubus Avenue,E01007668,Rotherham 030B,Anti-social behaviour,,
2ad26f0c7806eb6087fde69cc9221f05b6554db5948c07b8d380c1547c45a735,2025-02,South Yorkshire Police,South Yorkshire Police,-1.314857,53.370552,On or near Wharton Avenue,E01007668,Rotherham 030B,Burglary,Investigation complete; no suspect identified,
b9ca86eb458b92c68c752ca860e05dcd6f17df42086749441c9a803398b1c487,2025-02,South Yorkshire Police,South Yorkshire Police,-1.311870,53.367479,On or near Conyers Drive,E01007668,Rotherham 030B,Criminal damage and arson,Investigation complete; no suspect identified,
d39a8aa816f10e94e3478f51c43c6902121164d076725b5abec1721b56e43eca,2025-02,South Yorkshire Police,South Yorkshire Police,-1.313275,53.368889,On or near Wesley Avenue,E01007668,Rotherham 030B,Criminal damage and arson,Unable to prosecute suspect,
2d1760b0c650c4625b4309cc324cfcb629b672bad9f9b069af29251e96e4df9d,2025-02,South Yorkshire Police,South Yorkshire Police,-1.310774,53.367454,On or near Holderness Drive,E01007668,Rotherham 030B,Drugs,Investigation complete; no suspect identified,
278d16ed996a8b16398a06053bfe6c18b4e8458e5d1c0b8036bb960e713d5fdf,2025-02,South Yorkshire Police,South Yorkshire Police,-1.313336,53.366984,On or near Arcubus Avenue,E01007668,Rotherham 030B,Other theft,Investigation complete; no suspect identified,
75467c314e06f95845b14a9fe2ae51cb490cbf962f23bbac60a350ef9aacf6d4,2025-02,South Yorkshire Police,South Yorkshire Police,-1.313275,53.368889,On or near Wesley Avenue,E01007668,Rotherham 030B,Public order,Unable to prosecute suspect,
090667669d4b15475102a90e121f2f561b943e9866e53aff6f6ab2991ee88ec9,2025-02,South Yorkshire Police,South Yorkshire Police,-1.314565,53.370937,On or near Aston Close,E01007668,Rotherham 030B,Violence and sexual offences,Unable to prosecute suspect,
5d191fd61b847a08642e533057a7c23be79a8bb29a8bcdde007a8399514e3f16,2025-02,South Yorkshire Police,South Yorkshire Police,-1.310181,53.365986,On or near Rosedale Road,E01007668,Rotherham 030B,Violence and sexual offences,Awaiting court outcome,
86ca805b395ba624c13a7c287bb61969ab3f67994e946b275cdeeae365f16681,2025-02,South Yorkshire Police,South Yorkshire Police,-1.315423,53.368973,On or near Walpole Grove,E01007668,Rotherham 030B,Violence and sexual offences,Unable to prosecute suspect,
4f654ce834e1d961a4326b07df942acb062f644b4635f9f45e5b83d62efddb5d,2025-02,South Yorkshire Police,South Yorkshire Police,-1.314857,53.370552,On or near Wharton Avenue,E01007668,Rotherham 030B,Violence and sexual offences,Investigation complete; no suspect identified,
2d659ead05004b1bdf9449a950237f47c92d8a319299b273f510449765a2a56f,2025-02,South Yorkshire Police,South Yorkshire Police,-1.313275,53.368889,On or near Wesley Avenue,E01007668,Rotherham 030B,Violence and sexual offences,Status update unavailable,
53d01505fca07ce6e820dd3fb0311de6ed0e5c82d026b930ee873afd33bad7f2,2025-02,South Yorkshire Police,South Yorkshire Police,-1.311099,53.366863,On or near Holderness Drive,E01007668,Rotherham 030B,Violence and sexual offences,Unable to prosecute suspect,
8818b1e8c5ad9e5a414f9de35feb43ef9cfcdf95d0194fb8495c8ecb88edaa48,2025-02,South Yorkshire Police,South Yorkshire Police,-1.309777,53.366828,On or near Rosedale Close,E01007668,Rotherham 030B,Violence and sexual offences,Unable to prosecute suspect,
8a4963efaa6bfb708dc04eeec57b95d4230d76b8421d9837aa00bebf9a44d654,2025-02,South Yorkshire Police,South Yorkshire Police,-1.313275,53.368889,On or near Wesley Avenue,E01007668,Rotherham 030B,Violence and sexual offences,Unable to prosecute suspect,
265fc3305b4d438555f69bcfccc3bf711a7d55f61a70bdc296005821ae9c38c0,2025-02,South Yorkshire Police,South Yorkshire Police,-1.309777,53.366828,On or near Rosedale Close,E01007668,Rotherham 030B,Violence and sexual offences,Unable to prosecute suspect,
a0ee307ba87559ef04561f2125ded8c5d02f8de3945fdbc69ab8c5d307d354ab,2025-02,South Yorkshire Police,South Yorkshire Police,-1.311099,53.366863,On or near Holderness Drive,E01007668,Rotherham 030B,Violence and sexual offences,Investigation complete; no suspect identified,
b498a3f089218fc284f1623b97ed5497c4dfc82633e72f9fb66c7b2cfb88d2bb,2025-02,South Yorkshire Police,South Yorkshire Police,-1.313275,53.368889,On or near Wesley Avenue,E01007668,Rotherham 030B,Violence and sexual offences,Unable to prosecute suspect,
850d2fbff72b8f3291d864a35fc1419c523f550b22483b18529eabf9393c1a09,2025-02,South Yorkshire Police,South Yorkshire Police,-1.314565,53.370937,On or near Aston Close,E01007668,Rotherham 030B,Other crime,Offender given a caution,
cbfc160f2158a10849f7dae4232f2abbefdb00f64f8020e0cbb1489d91d41df2,2025-02,South Yorkshire Police,South Yorkshire Police,-1.310181,53.365986,On or near Rosedale Road,E01007668,Rotherham 030B,Other crime,Status update unavailable,
,2025-02,South Yorkshire Police,South Yorkshire Police,-1.310625,53.371010,On or near Sports/Recreation Area,E01007669,Rotherham 030C,Anti-social behaviour,,
,2025-02,South Yorkshire Police,South Yorkshire Police,-1.303184,53.357325,On or near Heron Hill,E01007670,Rotherham 030D,Anti-social behaviour,,
,2025-02,South Yorkshire Police,South Yorkshire Police,-1.303184,53.357325,On or near Heron Hill,E01007670,Rotherham 030D,Anti-social behaviour,,
,2025-02,South Yorkshire Police,South Yorkshire Police,-1.303955,53.362579,On or near Priory Way,E01007670,Rotherham 030D,Anti-social behaviour,,
,2025-02,South Yorkshire Police,South Yorkshire Police,-1.303184,53.357325,On or near Heron Hill,E01007670,Rotherham 030D,Anti-social behaviour,,
,2025-02,South Yorkshire Police,South Yorkshire Police,-1.303184,53.357325,On or near Heron Hill,E01007670,Rotherham 030D,Anti-social behaviour,,
,2025-02,South Yorkshire Police,South Yorkshire Police,-1.303184,53.357325,On or near Heron Hill,E01007670,Rotherham 030D,Anti-social behaviour,,
,2025-02,South Yorkshire Police,South Yorkshire Police,-1.303184,53.357325,On or near Heron Hill,E01007670,Rotherham 030D,Anti-social behaviour,,
ec7fc1ff85e65ef85532d45fb296c7a4def630cd4c34382cd29952f54275a07b,2025-02,South Yorkshire Police,South Yorkshire Police,-1.304346,53.357943,On or near Finch Rise,E01007670,Rotherham 030D,Other theft,Investigation complete; no suspect identified,
76698d5787659b4d8b4d4bf036740b7d5a3f28702cc479e9ff51fb0b46216a66,2025-02,South Yorkshire Police,South Yorkshire Police,-1.287971,53.362323,On or near Worksop Road,E01007670,Rotherham 030D,Public order,Investigation complete; no suspect identified,
4600205fa063f55e9ea8fec451270f08aa70224b601951f954a925c77ac6a596,2025-02,South Yorkshire Police,South Yorkshire Police,-1.298467,53.362762,On or near Worksop Road,E01007670,Rotherham 030D,Vehicle crime,Investigation complete; no suspect identified,
110acede83e22f780c1154d9c23bfeee6a1ba263117fd42949a7073987e53b2c,2025-02,South Yorkshire Police,South Yorkshire Police,-1.301095,53.365627,On or near Willow Grove,E01007670,Rotherham 030D,Violence and sexual offences,Unable to prosecute suspect,
758bf85bf17024f6332cefb00aca0e20a2c34804f473193fa1e1c5d28f694705,2025-02,South Yorkshire Police,South Yorkshire Police,-1.302226,53.361688,On or near Church View,E01007670,Rotherham 030D,Other crime,Investigation complete; no suspect identified,
5f22e0bf20324e4729df7c16d9885975454fb2bb3e581b590aec9fe03fd9cbff,2025-02,South Yorkshire Police,South Yorkshire Police,-1.305438,53.363490,On or near Petrol Station,E01007672,Rotherham 030E,Public order,Awaiting court outcome,
8aaf33f5e932abc83933fac704e729def40701d41714bb6d2afacd5455f05292,2025-02,South Yorkshire Police,South Yorkshire Police,-1.305438,53.363490,On or near Petrol Station,E01007672,Rotherham 030E,Shoplifting,Unable to prosecute suspect,
5e193db53154bf9bf1975a6e4f8742cadac35c3764eaafcb76f4832eddcc1840,2025-02,South Yorkshire Police,South Yorkshire Police,-1.305438,53.363490,On or near Petrol Station,E01007672,Rotherham 030E,Shoplifting,Awaiting court outcome,
c39bb4234b6d10e78f2b48b4f08cb4a520d5754718ec7fe158418d68546f08cd,2025-02,South Yorkshire Police,South Yorkshire Police,-1.305438,53.363490,On or near Petrol Station,E01007672,Rotherham 030E,Shoplifting,Awaiting court outcome,
83c382ce2679ba045e3ffe2165a09180cfa914c18e275047fdac0d7e00a8e91a,2025-02,South Yorkshire Police,South Yorkshire Police,-1.305438,53.363490,On or near Petrol Station,E01007672,Rotherham 030E,Shoplifting,Investigation complete; no suspect identified,
9b41491b34ca0b48fad8a819895f0a04b1127de2bf50eea1a65e1c2dc6ffa74a,2025-02,South Yorkshire Police,South Yorkshire Police,-1.305438,53.363490,On or near Petrol Station,E01007672,Rotherham 030E,Shoplifting,Investigation complete; no suspect identified,
8bb4a84d65a1776740288153aa77df86a398299d23c8d84559feb6cfca339ae9,2025-02,South Yorkshire Police,South Yorkshire Police,-1.305438,53.363490,On or near Petrol Station,E01007672,Rotherham 030E,Shoplifting,Awaiting court outcome,
6a96c9fd2177651b59a1124fcd5dbae44f504f2ad5c883771281b8c0d74039aa,2025-02,South Yorkshire Police,South Yorkshire Police,-1.305438,53.363490,On or near Petrol Station,E01007672,Rotherham 030E,Shoplifting,Awaiting court outcome,
0a53c4d2575e89a633a538a8ba4c185e6f9044903f730a847ea56ae856191dbd,2025-02,South Yorkshire Police,South Yorkshire Police,-1.305438,53.363490,On or near Petrol Station,E01007672,Rotherham 030E,Shoplifting,Investigation complete; no suspect identified,
97fb574c76aef65b2f17369d07650789ac0eb940663142c46150519c02218699,2025-02,South Yorkshire Police,South Yorkshire Police,-1.305438,53.363490,On or near Petrol Station,E01007672,Rotherham 030E,Shoplifting,Unable to prosecute suspect,
d799a538ff43ffbd5e0c42f757724b04818190ba7d116b77269eec7828a8d118,2025-02,South Yorkshire Police,South Yorkshire Police,-1.305438,53.363490,On or near Petrol Station,E01007672,Rotherham 030E,Shoplifting,Unable to prosecute suspect,
6ae1b547dc9d4cb74e13f38715c41e0d6fbfd7a72857c318e10f2b8b9a7d5181,2025-02,South Yorkshire Police,South Yorkshire Police,-1.305438,53.363490,On or near Petrol Station,E01007672,Rotherham 030E,Shoplifting,Unable to prosecute suspect,
3cd0ffe0d65ce6cc17d2d61a2b0a9ff05d89dabf333be032fd1f663b49a765ae,2025-02,South Yorkshire Police,South Yorkshire Police,-1.305438,53.363490,On or near Petrol Station,E01007672,Rotherham 030E,Shoplifting,Unable to prosecute suspect,
e04b5e7e29ec14950ddd045d0d62d9e261ea4e483cccff797d7c4a591e8394d5,2025-02,South Yorkshire Police,South Yorkshire Police,-1.310238,53.360638,On or near Lodge Close,E01007672,Rotherham 030E,Vehicle crime,Investigation complete; no suspect identified,
8b12890b4798a57ea09f3fe9d9d12f539fe900a76d4e777d875220bfadd241cc,2025-02,South Yorkshire Police,South Yorkshire Police,-1.304913,53.360014,On or near Southlands Way,E01007672,Rotherham 030E,Violence and sexual offences,Unable to prosecute suspect,
,2025-02,South Yorkshire Police,South Yorkshire Police,-1.316529,53.362831,On or near The Beeches,E01007673,Rotherham 030F,Anti-social behaviour,,
2528272fa33c58e22f40e1f5583821517f91850d9819ae209f84076ecf6942b7,2025-02,South Yorkshire Police,South Yorkshire Police,-1.312341,53.362492,On or near Alison Drive,E01007673,Rotherham 030F,Criminal damage and arson,Investigation complete; no suspect identified,
c2f9a026328260cccb285f0407bb39b6e5529a480f912f6defc1af7c798dc1fe,2025-02,South Yorkshire Police,South Yorkshire Police,-1.313588,53.361574,On or near Hepworth Drive,E01007673,Rotherham 030F,Other theft,Unable to prosecute suspect,
6693e473a91dd8de4e1214236c768bd2cc98458976ffd6901e0ac9d50703981e,2025-02,South Yorkshire Police,South Yorkshire Police,-1.313348,53.362516,On or near Catherine Avenue,E01007673,Rotherham 030F,Public order,Unable to prosecute suspect,
,2025-02,South Yorkshire Police,South Yorkshire Police,-1.323730,53.365434,On or near Nursery Road,E01007671,Rotherham 031A,Anti-social behaviour,,
,2025-02,South Yorkshire Police,South Yorkshire Police,-1.324308,53.362183,On or near Bedale Close,E01007671,Rotherham 031A,Anti-social behaviour,,
b4c20851276a4bf01e2a2bc1635e6d2637be9738f290e5ed4fcddb1ce9f9876f,2025-02,South Yorkshire Police,South Yorkshire Police,-1.322449,53.362838,On or near Main Street,E01007671,Rotherham 031A,Criminal damage and arson,Investigation complete; no suspect identified,
61f1bfe53cb1244201681dc79fb7f3c52c824ab288fceb0080d02fcda31c3efd,2025-02,South Yorkshire Police,South Yorkshire Police,-1.323730,53.365434,On or near Nursery Road,E01007671,Rotherham 031A,Public order,Investigation complete; no suspect identified,
72547df6f4269794c752787db41a697bc4b731f8da17858e1afa7d09512b2308,2025-02,South Yorkshire Police,South Yorkshire Police,-1.323730,53.365434,On or near Nursery Road,E01007671,Rotherham 031A,Robbery,Unable to prosecute suspect,
256b456263ebec1e618e08d3b97c9cf6b9f6c59e60c6bc0db2f859bfd25cc4ca,2025-02,South Yorkshire Police,South Yorkshire Police,-1.322449,53.362838,On or near Main Street,E01007671,Rotherham 031A,Shoplifting,Investigation complete; no suspect identified,
1777f7710677cfcc12504aeba8da4d06af81f509647c4f09636969a98176de27,2025-02,South Yorkshire Police,South Yorkshire Police,-1.320227,53.363634,On or near Alpina Way,E01007671,Rotherham 031A,Vehicle crime,Investigation complete; no suspect identified,
cd679f6c0983933b7f47fe6f253a8e4061ad007a3482d4643f3e791fcd84548a,2025-02,South Yorkshire Police,South Yorkshire Police,-1.319825,53.364396,On or near Jasmine Gardens,E01007671,Rotherham 031A,Vehicle crime,Investigation complete; no suspect identified,
3ee3c8d37336b0231b8673d773dffeca8a2a1c5e4d28ea272604783663e1d6e1,2025-02,South Yorkshire Police,South Yorkshire Police,-1.324293,53.364080,On or near School Street,E01007671,Rotherham 031A,Vehicle crime,Investigation complete; no suspect identified,
974e2dd7cb646f82159cea8b6e063b0bcbdb77eb44230db813cc71b925247974,2025-02,South Yorkshire Police,South Yorkshire Police,-1.323730,53.365434,On or near Nursery Road,E01007671,Rotherham 031A,Vehicle crime,Investigation complete; no suspect identified,
c6ebaf6df7b77a4c204328e874f203d6e46d572141c3defc987596c1bf6c0fde,2025-02,South Yorkshire Police,South Yorkshire Police,-1.324293,53.364080,On or near School Street,E01007671,Rotherham 031A,Violence and sexual offences,Unable to prosecute suspect,
,2025-02,South Yorkshire Police,South Yorkshire Police,-1.303563,53.356212,On or near Grange Farm Rise,E01007674,Rotherham 031B,Anti-social behaviour,,
,2025-02,South Yorkshire Police,South Yorkshire Police,-1.301957,53.355178,On or near Fairfields Grove,E01007674,Rotherham 031B,Anti-social behaviour,,
,2025-02,South Yorkshire Police,South Yorkshire Police,-1.300413,53.361416,On or near Haddon Way,E01007674,Rotherham 031B,Anti-social behaviour,,
,2025-02,South Yorkshire Police,South Yorkshire Police,-1.306374,53.356121,On or near Jay Lane,E01007674,Rotherham 031B,Anti-social behaviour,,
,2025-02,South Yorkshire Police,South Yorkshire Police,-1.301656,53.359842,On or near Wentworth Avenue,E01007674,Rotherham 031B,Anti-social behaviour,,
e1c19a665e57d5439c58753e9f699d2b6efb693d7cfe7b74241f6453f6873fc1,2025-02,South Yorkshire Police,South Yorkshire Police,-1.321584,53.360791,On or near Sports/Recreation Area,E01007674,Rotherham 031B,Criminal damage and arson,Further investigation is not in the public interest,
a7a785e318d21249da4074fc51df8ecae05b2209d3e67cc8e946a8554e9469e6,2025-02,South Yorkshire Police,South Yorkshire Police,-1.317448,53.362684,On or near Belgrave Place,E01007674,Rotherham 031B,Violence and sexual offences,Status update unavailable,
19f3ddfdaa79472c705f389cf18907b6496a895577f1018e68af76ec8f9c08f1,2025-02,South Yorkshire Police,South Yorkshire Police,-1.317448,53.362684,On or near Belgrave Place,E01007674,Rotherham 031B,Violence and sexual offences,Status update unavailable,
9032456f55d2942421395e4bec94fc9135f4ebb5492d694378384cac5cd47494,2025-02,South Yorkshire Police,South Yorkshire Police,-1.323916,53.358460,On or near Helmsley Close,E01007674,Rotherham 031B,Violence and sexual offences,Unable to prosecute suspect,
,2025-02,South Yorkshire Police,South Yorkshire Police,-1.275073,53.340456,On or near Parking Area,E01007747,Rotherham 031C,Anti-social behaviour,,
,2025-02,South Yorkshire Police,South Yorkshire Police,-1.275073,53.340456,On or near Parking Area,E01007747,Rotherham 031C,Anti-social behaviour,,
,2025-02,South Yorkshire Police,South Yorkshire Police,-1.278664,53.340370,On or near Lestermoor Avenue,E01007747,Rotherham 031C,Anti-social behaviour,,
ac50592f421942644faca4e51d30c2b17765c63056606358310b21fbb21193dc,2025-02,South Yorkshire Police,South Yorkshire Police,-1.276761,53.342777,On or near Ash Grove,E01007747,Rotherham 031C,Drugs,Further investigation is not in the public interest,
9072f5b50da71752f2129dd393ae05da9a55591b22269ef1384d3dc82679bc79,2025-02,South Yorkshire Police,South Yorkshire Police,-1.276816,53.339532,On or near Festival Close,E01007747,Rotherham 031C,Public order,Unable to prosecute suspect,
90a66328c89cd9a88993470dbd21319587de8af555c690bad083fa0a24fb61b1,2025-02,South Yorkshire Police,South Yorkshire Police,-1.275223,53.342228,On or near Chestnut Avenue,E01007747,Rotherham 031C,Violence and sexual offences,Unable to prosecute suspect,
e280caf1b105532aa5c32bc54156d4516d2b16df926ef4207a60c5fb0fefad43,2025-02,South Yorkshire Police,South Yorkshire Police,-1.276761,53.342777,On or near Ash Grove,E01007747,Rotherham 031C,Violence and sexual offences,Status update unavailable,
,2025-02,South Yorkshire Police,South Yorkshire Police,-1.324210,53.352214,On or near Park/Open Space,E01007750,Rotherham 031D,Anti-social behaviour,,
b5bc478c07d9fd8c40d3736c9e25560394d963dde5bcb444ebc31f2fa3dce959,2025-02,South Yorkshire Police,South Yorkshire Police,-1.295676,53.340678,On or near Almond Tree Road,E01007750,Rotherham 031D,Criminal damage and arson,Unable to prosecute suspect,
8c9866e52a5ca818d382273b87558ed5c4c155527f3c7453f659936484d4e571,2025-02,South Yorkshire Police,South Yorkshire Police,-1.324210,53.352214,On or near Park/Open Space,E01007750,Rotherham 031D,Other theft,Investigation complete; no suspect identified,
c5c2fbcfb44b38c0a8cd2c402a2b03149a6e5f0c1394aa20050edf238ada6b5b,2025-02,South Yorkshire Police,South Yorkshire Police,-1.278044,53.343315,On or near Storth Lane,E01007750,Rotherham 031D,Vehicle crime,Investigation complete; no suspect identified,
b12e77d100c34a185ab05e7be467bb9746560a47b34cc9639c6d1852a0327b02,2025-02,South Yorkshire Police,South Yorkshire Police,-1.294296,53.339654,On or near Cherry Tree Road,E01007750,Rotherham 031D,Vehicle crime,Investigation complete; no suspect identified,
44f9d20bff13175a5c034af2548868dd19b3deaceb0c5b5e6d1e3d737170354d,2025-02,South Yorkshire Police,South Yorkshire Police,-1.295676,53.340678,On or near Almond Tree Road,E01007750,Rotherham 031D,Violence and sexual offences,Unable to prosecute suspect,
deb66cb45484b16b117da73bfe5ca377f24160909328d0fe28ac28228324fa51,2025-02,South Yorkshire Police,South Yorkshire Police,-1.287139,53.340987,On or near Willow Farm Court,E01007750,Rotherham 031D,Violence and sexual offences,Unable to prosecute suspect,
343741163711f7503d43c8c248313bfffa243aae11d404be046361bac6364749,2025-02,South Yorkshire Police,South Yorkshire Police,-1.295676,53.340678,On or near Almond Tree Road,E01007750,Rotherham 031D,Violence and sexual offences,Unable to prosecute suspect,
5a0e82a6b002ec4cfd17526b180285fe210c28d8f25446d3bd87c3b0fac8051c,2025-02,South Yorkshire Police,South Yorkshire Police,-1.287139,53.340987,On or near Willow Farm Court,E01007750,Rotherham 031D,Violence and sexual offences,Unable to prosecute suspect,
,2025-02,South Yorkshire Police,South Yorkshire Police,-1.235180,53.364073,On or near Common Road,E01007658,Rotherham 032A,Anti-social behaviour,,
,2025-02,South Yorkshire Police,South Yorkshire Police,-1.220956,53.357922,On or near Nursery Crescent,E01007658,Rotherham 032A,Anti-social behaviour,,
eaac152e0743fe509f3351c840f4187fbad9e0f55cc52780d8644132cd6ffe27,2025-02,South Yorkshire Police,South Yorkshire Police,-1.225044,53.358668,On or near Limekilns,E01007658,Rotherham 032A,Violence and sexual offences,Unable to prosecute suspect,
,2025-02,South Yorkshire Police,South Yorkshire Police,-1.213238,53.356002,On or near Woodsetts Road,E01007660,Rotherham 032B,Anti-social behaviour,,
,2025-02,South Yorkshire Police,South Yorkshire Police,-1.212413,53.356761,On or near Kendal Avenue,E01007660,Rotherham 032B,Anti-social behaviour,,
,2025-02,South Yorkshire Police,South Yorkshire Police,-1.211966,53.357396,On or near Ambleside Walk,E01007660,Rotherham 032B,Anti-social behaviour,,
,2025-02,South Yorkshire Police,South Yorkshire Police,-1.212064,53.356965,On or near Keswick Way,E01007660,Rotherham 032B,Anti-social behaviour,,
,2025-02,South Yorkshire Police,South Yorkshire Police,-1.212064,53.356965,On or near Keswick Way,E01007660,Rotherham 032B,Anti-social behaviour,,
,2025-02,South Yorkshire Police,South Yorkshire Police,-1.212413,53.356761,On or near Kendal Avenue,E01007660,Rotherham 032B,Anti-social behaviour,,
,2025-02,South Yorkshire Police,South Yorkshire Police,-1.212413,53.356761,On or near Kendal Avenue,E01007660,Rotherham 032B,Anti-social behaviour,,
,2025-02,South Yorkshire Police,South Yorkshire Police,-1.212064,53.356965,On or near Keswick Way,E01007660,Rotherham 032B,Anti-social behaviour,,
,2025-02,South Yorkshire Police,South Yorkshire Police,-1.212413,53.356761,On or near Kendal Avenue,E01007660,Rotherham 032B,Anti-social behaviour,,
,2025-02,South Yorkshire Police,South Yorkshire Police,-1.218214,53.353419,On or near Hanging Bank Court,E01007660,Rotherham 032B,Anti-social behaviour,,
,2025-02,South Yorkshire Police,South Yorkshire Police,-1.213238,53.356002,On or near Woodsetts Road,E01007660,Rotherham 032B,Anti-social behaviour,,
,2025-02,South Yorkshire Police,South Yorkshire Police,-1.212413,53.356761,On or near Kendal Avenue,E01007660,Rotherham 032B,Anti-social behaviour,,
,2025-02,South Yorkshire Police,South Yorkshire Police,-1.210709,53.357891,On or near Lonsdale Close,E01007660,Rotherham 032B,Anti-social behaviour,,
,2025-02,South Yorkshire Police,South Yorkshire Police,-1.212413,53.356761,On or near Kendal Avenue,E01007660,Rotherham 032B,Anti-social behaviour,,
,2025-02,South Yorkshire Police,South Yorkshire Police,-1.211966,53.357396,On or near Ambleside Walk,E01007660,Rotherham 032B,Anti-social behaviour,,
,2025-02,South Yorkshire Police,South Yorkshire Police,-1.212064,53.356965,On or near Keswick Way,E01007660,Rotherham 032B,Anti-social behaviour,,
,2025-02,South Yorkshire Police,South Yorkshire Police,-1.212413,53.356761,On or near Kendal Avenue,E01007660,Rotherham 032B,Anti-social behaviour,,
,2025-02,South Yorkshire Police,South Yorkshire Police,-1.212064,53.356965,On or near Keswick Way,E01007660,Rotherham 032B,Anti-social behaviour,,
52d373ad32ac0ca5564405690003c0dc122606f6341a33d594db85da7e79026c,2025-02,South Yorkshire Police,South Yorkshire Police,-1.212090,53.357999,On or near Grasmere Close,E01007660,Rotherham 032B,Vehicle crime,Investigation complete; no suspect identified,
c21cf2aa60278645a99c74908e9345ba2744e94a7bc3b6192fd5dd8bac869e22,2025-02,South Yorkshire Police,South Yorkshire Police,-1.228083,53.350148,On or near Orchid Way,E01007661,Rotherham 032C,Other theft,Investigation complete; no suspect identified,
,2025-02,South Yorkshire Police,South Yorkshire Police,-1.210338,53.354410,On or near Caperns Road,E01007662,Rotherham 032D,Anti-social behaviour,,
,2025-02,South Yorkshire Police,South Yorkshire Police,-1.210338,53.354410,On or near Caperns Road,E01007662,Rotherham 032D,Anti-social behaviour,,
,2025-02,South Yorkshire Police,South Yorkshire Police,-1.220554,53.356068,On or near The Green,E01007662,Rotherham 032D,Anti-social behaviour,,
,2025-02,South Yorkshire Police,South Yorkshire Police,-1.220554,53.356068,On or near The Green,E01007662,Rotherham 032D,Anti-social behaviour,,
,2025-02,South Yorkshire Police,South Yorkshire Police,-1.220554,53.356068,On or near The Green,E01007662,Rotherham 032D,Anti-social behaviour,,
,2025-02,South Yorkshire Police,South Yorkshire Police,-1.210338,53.354410,On or near Caperns Road,E01007662,Rotherham 032D,Anti-social behaviour,,
,2025-02,South Yorkshire Police,South Yorkshire Police,-1.210338,53.354410,On or near Caperns Road,E01007662,Rotherham 032D,Anti-social behaviour,,
,2025-02,South Yorkshire Police,South Yorkshire Police,-1.220554,53.356068,On or near The Green,E01007662,Rotherham 032D,Anti-social behaviour,,
,2025-02,South Yorkshire Police,South Yorkshire Police,-1.220554,53.356068,On or near The Green,E01007662,Rotherham 032D,Anti-social behaviour,,
,2025-02,South Yorkshire Police,South Yorkshire Police,-1.220554,53.356068,On or near The Green,E01007662,Rotherham 032D,Anti-social behaviour,,
,2025-02,South Yorkshire Police,South Yorkshire Police,-1.210338,53.354410,On or near Caperns Road,E01007662,Rotherham 032D,Anti-social behaviour,,
a9cd9c15096a3453c2c5dd1e0ba680b8b1533d0a320d4c222231be1b71c0facd,2025-02,South Yorkshire Police,South Yorkshire Police,-1.212467,53.353813,On or near Woodland Drive,E01007662,Rotherham 032D,Criminal damage and arson,Investigation complete; no suspect identified,
4bdb1a17f434b82191371da3aca57287465495059dac93f233184bdd00011cf1,2025-02,South Yorkshire Police,South Yorkshire Police,-1.214523,53.355588,On or near Windmill Road,E01007662,Rotherham 032D,Criminal damage and arson,Local resolution,
427f87a1a9e84b8b6d790f556b13b88e40a50d32f831b40b41250dea52973861,2025-02,South Yorkshire Police,South Yorkshire Police,-1.212467,53.353813,On or near Woodland Drive,E01007662,Rotherham 032D,Criminal damage and arson,Investigation complete; no suspect identified,
dc3a36a9d222107084b23a7334c9a19711c55f19dc08103927b7ef358086cf42,2025-02,South Yorkshire Police,South Yorkshire Police,-1.210338,53.354410,On or near Caperns Road,E01007662,Rotherham 032D,Drugs,Investigation complete; no suspect identified,
4c7bcc9ce473a21652f11d2003f0edebc621026d2e8e86ad5ad856e8835ff9dd,2025-02,South Yorkshire Police,South Yorkshire Police,-1.220554,53.356068,On or near The Green,E01007662,Rotherham 032D,Shoplifting,Awaiting court outcome,
bdb0501b0e8fdf4bdb29f8fdb3d4d4df70343a66796bf9253712dd3e7ae15809,2025-02,South Yorkshire Police,South Yorkshire Police,-1.220554,53.356068,On or near The Green,E01007662,Rotherham 032D,Shoplifting,Unable to prosecute suspect,
6223052b41eaa81868a74125163978ddd88ead630b273cb3475fd5581f43e109,2025-02,South Yorkshire Police,South Yorkshire Police,-1.210338,53.354410,On or near Caperns Road,E01007662,Rotherham 032D,Vehicle crime,Investigation complete; no suspect identified,
47b3378275fa8ab0665684b28faac8041205b115894c716d07a67f01da76770c,2025-02,South Yorkshire Police,South Yorkshire Police,-1.210338,53.354410,On or near Caperns Road,E01007662,Rotherham 032D,Vehicle crime,Investigation complete; no suspect identified,
2fce0c9d402679284c2254434f7e2fcdb5c02336804c51d165ae343b6db31e4b,2025-02,South Yorkshire Police,South Yorkshire Police,-1.217435,53.354906,On or near Mulberry Road,E01007662,Rotherham 032D,Vehicle crime,Investigation complete; no suspect identified,
d09d9d3590b69624b18a9b30a1fb56dfb1d729573048e971898ea94bdda17ab4,2025-02,South Yorkshire Police,South Yorkshire Police,-1.219696,53.355343,On or near Memory Lane,E01007662,Rotherham 032D,Violence and sexual offences,Unable to prosecute suspect,
e5a40eb4568bd0f3f418bbe7421f1f0e7419ecec44a1ee14a5865093724b8e9a,2025-02,South Yorkshire Police,South Yorkshire Police,-1.210338,53.354410,On or near Caperns Road,E01007662,Rotherham 032D,Violence and sexual offences,Status update unavailable,
b58f2a412dc3e3e92f8c0488d76110dc2009b9acb20abcadb0f377c856484caa,2025-02,South Yorkshire Police,South Yorkshire Police,-1.212624,53.355117,On or near White Gate,E01007662,Rotherham 032D,Violence and sexual offences,Status update unavailable,
,2025-02,South Yorkshire Police,South Yorkshire Police,-1.222383,53.349680,On or near Petrol Station,E01007663,Rotherham 032E,Anti-social behaviour,,
4543ab804a33368daec84b81683c98b0854602ffc90315f9fb8366b5f2394d74,2025-02,South Yorkshire Police,South Yorkshire Police,-1.223109,53.345298,On or near Lockwood Avenue,E01007663,Rotherham 032E,Burglary,Investigation complete; no suspect identified,
,2025-02,South Yorkshire Police,South Yorkshire Police,-1.168636,53.351052,On or near Gildingwells Road,E01007664,Rotherham 032F,Anti-social behaviour,,
,2025-02,South Yorkshire Police,South Yorkshire Police,-1.171483,53.348367,On or near Lewis Way,E01007664,Rotherham 032F,Anti-social behaviour,,
b3f0acf6a9d26a7c5975cb869d8a679184400fa141baa46a4a71737ba1c5d2bc,2025-02,South Yorkshire Police,South Yorkshire Police,-1.170010,53.342972,On or near Taylor Drive,E01007664,Rotherham 032F,Vehicle crime,Investigation complete; no suspect identified,
29e78fad022e3ce3868527a775a4d9ffe58269726bb3737062ef4d830cc91242,2025-02,South Yorkshire Police,South Yorkshire Police,-1.170178,53.350542,On or near Brands Close,E01007664,Rotherham 032F,Vehicle crime,Investigation complete; no suspect identified,
a52d04c917350fd22a69adbd6e6ecbc08420a9162d856b901452f58faa0f5d34,2025-02,South Yorkshire Police,South Yorkshire Police,-1.171483,53.348367,On or near Lewis Way,E01007664,Rotherham 032F,Vehicle crime,Investigation complete; no suspect identified,
,2025-02,South Yorkshire Police,South Yorkshire Police,-1.269262,53.361464,On or near Sheffield Road,E01007748,Rotherham 033A,Anti-social behaviour,,
,2025-02,South Yorkshire Police,South Yorkshire Police,-1.269262,53.361464,On or near Sheffield Road,E01007748,Rotherham 033A,Anti-social behaviour,,
,2025-02,South Yorkshire Police,South Yorkshire Police,-1.269262,53.361464,On or near Sheffield Road,E01007748,Rotherham 033A,Anti-social behaviour,,
,2025-02,South Yorkshire Police,South Yorkshire Police,-1.264493,53.363538,On or near Grange Gardens,E01007748,Rotherham 033A,Anti-social behaviour,,
518d5d1e3ab15a6415867e0749cc13f5bf422c905b5c306db72fe4f161288db1,2025-02,South Yorkshire Police,South Yorkshire Police,-1.254011,53.345064,On or near Todwick Court,E01007748,Rotherham 033A,Violence and sexual offences,Investigation complete; no suspect identified,
ffa25ae54bf609a7b423dedf905b8a6670ff0d068d6eea0cb1afa0d33b388efb,2025-02,South Yorkshire Police,South Yorkshire Police,-1.264493,53.363538,On or near Grange Gardens,E01007748,Rotherham 033A,Violence and sexual offences,Status update unavailable,
,2025-02,South Yorkshire Police,South Yorkshire Police,-1.256642,53.343165,On or near Garden House Drive,E01007749,Rotherham 033B,Anti-social behaviour,,
c7734a7887e3e65cca708430029e4fea4d616fdebd06bc7b19fa8331f7a82221,2025-02,South Yorkshire Police,South Yorkshire Police,-1.255084,53.352432,On or near Church View,E01007749,Rotherham 033B,Vehicle crime,Investigation complete; no suspect identified,
5d08602a7357380a6a1360bf6d06ac4489ffb7565ad5805a831d93ee86213528,2025-02,South Yorkshire Police,South Yorkshire Police,-1.256642,53.343165,On or near Garden House Drive,E01007749,Rotherham 033B,Violence and sexual offences,Unable to prosecute suspect,
0cc4cde52bfb1537acb36b87a92fbcdad7e75674955bd11ddfb99347cee4b202,2025-02,South Yorkshire Police,South Yorkshire Police,-1.255439,53.343257,On or near Berry Drive,E01007749,Rotherham 033B,Violence and sexual offences,Unable to prosecute suspect,
132b96b5ffbde2d44be5fa166e8cc5bca08dfc8dc796536f4ece8f20b3ee0bc3,2025-02,South Yorkshire Police,South Yorkshire Police,-1.256518,53.351210,On or near Mill Hills,E01007749,Rotherham 033B,Violence and sexual offences,Investigation complete; no suspect identified,
8e80da48fa455059c0ae6539e3dad4483aac243b7c99b3d782be5641a230c180,2025-02,South Yorkshire Police,South Yorkshire Police,-1.258424,53.342637,On or near Park View,E01007749,Rotherham 033B,Violence and sexual offences,Unable to prosecute suspect,
,2025-02,South Yorkshire Police,South Yorkshire Police,-1.284490,53.341340,On or near The Square,E01007751,Rotherham 033C,Anti-social behaviour,,
,2025-02,South Yorkshire Police,South Yorkshire Police,-1.278134,53.319261,On or near Dowcarr Lane,E01007751,Rotherham 033C,Anti-social behaviour,,
,2025-02,South Yorkshire Police,South Yorkshire Police,-1.268873,53.339421,On or near Fathers Gardens,E01007751,Rotherham 033C,Anti-social behaviour,,
965a5633fa5863f147becff7bbf01f6c39b228d5c841b691c3a68c5849b474fa,2025-02,South Yorkshire Police,South Yorkshire Police,-1.284739,53.339022,On or near Church Street,E01007751,Rotherham 033C,Criminal damage and arson,Unable to prosecute suspect,
f951ed0aecffae194e49c2d0c6bdb93def2ee0b73135dbc90141e9458a65a4e3,2025-02,South Yorkshire Police,South Yorkshire Police,-1.278134,53.319261,On or near Dowcarr Lane,E01007751,Rotherham 033C,Public order,Unable to prosecute suspect,
764fd75e6118862d4b85881cfc235ba99bf55848dcdd45c529cb5b44168e5e1b,2025-02,South Yorkshire Police,South Yorkshire Police,-1.278134,53.319261,On or near Dowcarr Lane,E01007751,Rotherham 033C,Shoplifting,Investigation complete; no suspect identified,
289dc7e5ebb000abee75da340e420a4f5accab980a8653ef79ddcdc97a3b69d0,2025-02,South Yorkshire Police,South Yorkshire Police,-1.278134,53.319261,On or near Dowcarr Lane,E01007751,Rotherham 033C,Vehicle crime,Investigation complete; no suspect identified,
54a5d1767e86112f36a85c87d46b851b3f50256e744670bf261d5d892b253e0d,2025-02,South Yorkshire Police,South Yorkshire Police,-1.278134,53.319261,On or near Dowcarr Lane,E01007751,Rotherham 033C,Vehicle crime,Investigation complete; no suspect identified,
df5ccb5ae6c39c87e2b73eef778be6d0f26b07c5eba2c3101b38d7dc5538a590,2025-02,South Yorkshire Police,South Yorkshire Police,-1.278134,53.319261,On or near Dowcarr Lane,E01007751,Rotherham 033C,Vehicle crime,Investigation complete; no suspect identified,
6e4eb74c7dcc595dce82abd2c17383c21ff6b3483d030cac41bfc5f759eddfec,2025-02,South Yorkshire Police,South Yorkshire Police,-1.278134,53.319261,On or near Dowcarr Lane,E01007751,Rotherham 033C,Vehicle crime,Investigation complete; no suspect identified,
a653e1aaef0659923758593a9dbc9ad680c90e1571ea27ceeb0c4662971616b0,2025-02,South Yorkshire Police,South Yorkshire Police,-1.278134,53.319261,On or near Dowcarr Lane,E01007751,Rotherham 033C,Vehicle crime,Investigation complete; no suspect identified,
13f5bf10e2cdef682a5b0a1ac955bb5c9f7c9035c6de5c9e5cd5cdf49137ef4b,2025-02,South Yorkshire Police,South Yorkshire Police,-1.267330,53.340939,On or near Kiveton Bridge,E01007751,Rotherham 033C,Vehicle crime,Investigation complete; no suspect identified,
d68f166f3fd2c55acea58e04e5b05a791b194970f7b6c268c0cc331a68e5136b,2025-02,South Yorkshire Police,South Yorkshire Police,-1.271344,53.340703,On or near Wales Road,E01007751,Rotherham 033C,Vehicle crime,Investigation complete; no suspect identified,
a3d267b9b425ca931c5b865150ee268bee727b6b0d0d7c51e98ee4175199a397,2025-02,South Yorkshire Police,South Yorkshire Police,-1.278134,53.319261,On or near Dowcarr Lane,E01007751,Rotherham 033C,Vehicle crime,Investigation complete; no suspect identified,
cb35eb22695eb5990a1e2281a4b1e47cd29af275731fe691f23697f743ecc02c,2025-02,South Yorkshire Police,South Yorkshire Police,-1.264733,53.340851,On or near Victoria Court,E01007751,Rotherham 033C,Violence and sexual offences,Unable to prosecute suspect,
9bb7478a840e2361f43b8e69a83a9b45626b5596f3fa60938f6a36cb8489fcf4,2025-02,South Yorkshire Police,South Yorkshire Police,-1.271344,53.340703,On or near Wales Road,E01007751,Rotherham 033C,Violence and sexual offences,Unable to prosecute suspect,
fd2f17521d7e0e6aa3cddf89dfbc10d9b757e369087571ec3459f861b6225558,2025-02,South Yorkshire Police,South Yorkshire Police,-1.271344,53.340703,On or near Wales Road,E01007751,Rotherham 033C,Violence and sexual offences,Unable to prosecute suspect,
bc5dd4e2f07eb863bac7b26f9916bd112358258709eb8a33c072f73e4e7b1fd5,2025-02,South Yorkshire Police,South Yorkshire Police,-1.265464,53.341126,On or near Victoria Close,E01007751,Rotherham 033C,Violence and sexual offences,Awaiting court outcome,
,2025-02,South Yorkshire Police,South Yorkshire Police,-1.270804,53.338012,On or near Mcloughlin Way,E01007752,Rotherham 033D,Anti-social behaviour,,
,2025-02,South Yorkshire Police,South Yorkshire Police,-1.268864,53.337281,On or near Mackinnon Avenue,E01007752,Rotherham 033D,Anti-social behaviour,,
a2ba1aeeb708f1c8094b6780156217c9e8d838f497d208a3e4d1803c97fff972,2025-02,South Yorkshire Police,South Yorkshire Police,-1.269978,53.338034,On or near Imrie Place,E01007752,Rotherham 033D,Public order,Local resolution,
48b4f1955f45c2e40023ce16f4afc818ab1843fbb3b65106f8b761c88a887d4c,2025-02,South Yorkshire Police,South Yorkshire Police,-1.259303,53.322229,On or near Street Farm Close,E01007752,Rotherham 033D,Vehicle crime,Investigation complete; no suspect identified,
207885ec78a8481c30e9f361b01c91f90fec5972d547af1c46b7922b74fdb5a1,2025-02,South Yorkshire Police,South Yorkshire Police,-1.260184,53.321668,On or near Union Street,E01007752,Rotherham 033D,Violence and sexual offences,Investigation complete; no suspect identified,
35ed14910ec274111ee47e8ce9dcec26b9fc504476537966d3b9ec5a90ef6275,2025-02,South Yorkshire Police,South Yorkshire Police,-1.215697,53.323559,On or near Worksop Road,E01007753,Rotherham 033E,Other theft,Unable to prosecute suspect,
40a5aa2b08c532703445e2b2efe095ffc143e1c61e5a3e3c51a6cae14d94f5f4,2025-02,South Yorkshire Police,South Yorkshire Police,-1.264628,53.319907,On or near Carver Way,E01007753,Rotherham 033E,Vehicle crime,Investigation complete; no suspect identified,
93a5a7591713825f4f835949247233ff39f4782993bee06ee6e63ef34c78bcf5,2025-02,South Yorkshire Police,South Yorkshire Police,-1.215697,53.323559,On or near Worksop Road,E01007753,Rotherham 033E,Violence and sexual offences,Unable to prosecute suspect,
31071bd5334d3b92963e0524dea9460772127dcf8bfd5851a6f1f8ad3fa1156c,2025-02,South Yorkshire Police,South Yorkshire Police,-1.260272,53.317399,On or near Crescent,E01007753,Rotherham 033E,Violence and sexual offences,Unable to prosecute suspect,
6a5e9b01fa777bc3066c9e73eb4a697181a51547ae7de25d4b3ce23beccd2a54,2025-02,South Yorkshire Police,South Yorkshire Police,-1.265976,53.320931,On or near Greystones Court,E01007753,Rotherham 033E,Violence and sexual offences,Investigation complete; no suspect identified,
d1b01f53fe40534532bef4ea76136bbdaa23b93ff6bda03810c28552c54b5b96,2025-02,South Yorkshire Police,South Yorkshire Police,-1.264677,53.425265,On or near Main Street,E01007684,Rotherham 034A,Burglary,Investigation complete; no suspect identified,
7f59f4af92b744260c1d4b27052a009876cefed10acbf99e5bb300a005e42432,2025-02,South Yorkshire Police,South Yorkshire Police,-1.264677,53.425265,On or near Main Street,E01007684,Rotherham 034A,Criminal damage and arson,Unable to prosecute suspect,
9712f32f7ffd7a8f7ac84bb4a736e27c63dda74ee9e59d9f98f027f69b5a9bae,2025-02,South Yorkshire Police,South Yorkshire Police,-1.264677,53.425265,On or near Main Street,E01007684,Rotherham 034A,Criminal damage and arson,Further investigation is not in the public interest,
37544276ab344d4a323fa2c3ab747be0904a438a01082709dc85e8b5e69d5b5f,2025-02,South Yorkshire Police,South Yorkshire Police,-1.268163,53.420315,On or near Wadsworth Road,E01007684,Rotherham 034A,Criminal damage and arson,Unable to prosecute suspect,
82c9907fd61bc24a48e394eb0f73abc9668c7d62d48a849ae00529de3ca88349,2025-02,South Yorkshire Police,South Yorkshire Police,-1.264677,53.425265,On or near Main Street,E01007684,Rotherham 034A,Violence and sexual offences,Unable to prosecute suspect,
bcf3d93bb96832619187ee6960e9d87a2234d66fcfe67f42cf55275438a19cc6,2025-02,South Yorkshire Police,South Yorkshire Police,-1.264865,53.423127,On or near Fielding Drive,E01007684,Rotherham 034A,Violence and sexual offences,Unable to prosecute suspect,
dbf5bd32585bb32e424dfdcaf70282afb019c82ea64cc8c174fd33129f519c3c,2025-02,South Yorkshire Police,South Yorkshire Police,-1.264677,53.425265,On or near Main Street,E01007684,Rotherham 034A,Violence and sexual offences,Unable to prosecute suspect,
876aed54cef3c31157a2e07f261e26316bddf69173df638bb8f41b729df3cd37,2025-02,South Yorkshire Police,South Yorkshire Police,-1.270470,53.422703,On or near Hazel Grove,E01007684,Rotherham 034A,Other crime,Unable to prosecute suspect,
0132544cc680f074a0197ff3676fb4a858d3ea0dc52565b56d7d0f7a90924282,2025-02,South Yorkshire Police,South Yorkshire Police,-1.263610,53.419991,On or near The Lings,E01007689,Rotherham 034B,Burglary,Investigation complete; no suspect identified,
ab4adc4b801226b2800d85fc1a57d4466a458ad931d390c41604b652458cf2d1,2025-02,South Yorkshire Police,South Yorkshire Police,-1.259915,53.418745,On or near Stratford Way,E01007689,Rotherham 034B,Criminal damage and arson,Investigation complete; no suspect identified,
fa86c67fda8b56ba318deae1f313aaf4d77671fc8691ff4ec821d35d893ead22,2025-02,South Yorkshire Police,South Yorkshire Police,-1.265255,53.418805,On or near Temple Crescent,E01007689,Rotherham 034B,Violence and sexual offences,Unable to prosecute suspect,
,2025-02,South Yorkshire Police,South Yorkshire Police,-1.273827,53.425258,On or near Rowan Drive,E01007687,Rotherham 034C,Anti-social behaviour,,
2d959797fc02d81e6ebaa37fda9030ed1a71ed744ac66d8574fed02a73d1e3ad,2025-02,South Yorkshire Police,South Yorkshire Police,-1.271634,53.411797,On or near Second Lane,E01007687,Rotherham 034C,Burglary,Investigation complete; no suspect identified,
831e798cf4102ae3097d31b741d99aae241f13057b22e2c167caaea43afdadb3,2025-02,South Yorkshire Police,South Yorkshire Police,-1.271634,53.411797,On or near Second Lane,E01007687,Rotherham 034C,Burglary,Investigation complete; no suspect identified,
50951d54271df99acf40a289b7a4722b88e2b827fae1e034c323d640df69eb36,2025-02,South Yorkshire Police,South Yorkshire Police,-1.271634,53.411797,On or near Second Lane,E01007687,Rotherham 034C,Burglary,Investigation complete; no suspect identified,
20711512b6426db256ac0f28c40cf72b990d8552274a37a640c93e2ee27ffe6d,2025-02,South Yorkshire Police,South Yorkshire Police,-1.271634,53.411797,On or near Second Lane,E01007687,Rotherham 034C,Criminal damage and arson,Investigation complete; no suspect identified,
1e293f31ecdc02142d05da2f6226bffcccdf662bf977dab3e3afcc2763955f79,2025-02,South Yorkshire Police,South Yorkshire Police,-1.271634,53.411797,On or near Second Lane,E01007687,Rotherham 034C,Criminal damage and arson,Investigation complete; no suspect identified,
e5f8af0583aa39b0ce8a1a16d172fdb83d854ce0fe3fd172423c3d4209f27a2c,2025-02,South Yorkshire Police,South Yorkshire Police,-1.276889,53.423074,On or near Oaktree Close,E01007687,Rotherham 034C,Vehicle crime,Investigation complete; no suspect identified,
85b746e5dba7b3fee43924c5808eb11e5dbd83b2bc1b9ac7fb225f8e9c0a8e6a,2025-02,South Yorkshire Police,South Yorkshire Police,-1.273827,53.425258,On or near Rowan Drive,E01007687,Rotherham 034C,Violence and sexual offences,Unable to prosecute suspect,
d72998415bdaee742c2e6b76471d01512f90eb560078af26d180045c770e91ad,2025-02,South Yorkshire Police,South Yorkshire Police,-1.274978,53.423099,On or near Pear Tree Avenue,E01007687,Rotherham 034C,Violence and sexual offences,Unable to prosecute suspect,
34c87f0968eb57b8f2abda4c8370bebf43521773f3ba86717c760ef462c16f8c,2025-02,South Yorkshire Police,South Yorkshire Police,-1.273667,53.424061,On or near Greenwood Crescent,E01007687,Rotherham 034C,Violence and sexual offences,Unable to prosecute suspect,
,2025-02,South Yorkshire Police,South Yorkshire Police,-1.312539,53.416498,On or near Shrogswood Road,E01007811,Rotherham 034D,Anti-social behaviour,,
cfb193e7c5aa2a96af37b912cdfc1ed0af7187f66d590b14c2c9fc1cbec2a5dd,2025-02,South Yorkshire Police,South Yorkshire Police,-1.322988,53.407533,On or near Hunger Hill Lane,E01007811,Rotherham 034D,Criminal damage and arson,Investigation complete; no suspect identified,
24bee98c58e20acd74d21718d1069f183df765b8fb2db9eb77e8f06759c5afcb,2025-02,South Yorkshire Police,South Yorkshire Police,-1.322988,53.407533,On or near Hunger Hill Lane,E01007811,Rotherham 034D,Criminal damage and arson,Investigation complete; no suspect identified,
14b16fbd90623f153292e4cef320eb072ea8b9a7aff0ee5f3e598f9ab4437ee3,2025-02,South Yorkshire Police,South Yorkshire Police,-1.324090,53.411054,On or near Reresby Road,E01007811,Rotherham 034D,Violence and sexual offences,Unable to prosecute suspect,
0a13425a0be2025171109052c9b64b23a729946baa4cf07fef1db4d22eb92181,2025-02,South Yorkshire Police,South Yorkshire Police,-1.277731,53.415151,On or near Morthen Road,E01007690,Rotherham 034E,Vehicle crime,Investigation complete; no suspect identified,
097bd6bc76329a0f686d5f038fae10d4e0530126e6c27005c2520d994445a1b3,2025-02,South Yorkshire Police,South Yorkshire Police,-1.277465,53.413091,On or near Springvale Close,E01007690,Rotherham 034E,Violence and sexual offences,Unable to prosecute suspect,
3dbe1d6facc51be9dc5e7154f39e2ad2735f9320f4c81665b7eb466120a4d132,2025-02,South Yorkshire Police,South Yorkshire Police,-1.293739,53.419714,On or near Bawtry Road,E01007690,Rotherham 034E,Violence and sexual offences,Unable to prosecute suspect,
,2025-02,South Yorkshire Police,South Yorkshire Police,-1.318087,53.410166,On or near Park Avenue,E01007812,Rotherham 034F,Anti-social behaviour,,
,2025-02,South Yorkshire Police,South Yorkshire Police,-1.316133,53.410065,On or near Bartholomew Close,E01007812,Rotherham 034F,Anti-social behaviour,,
84a6c0c72f7939c18d40736b3a84257562615f78dab3046fc84ae027510d8abc,2025-02,South Yorkshire Police,South Yorkshire Police,-1.318087,53.410166,On or near Park Avenue,E01007812,Rotherham 034F,Burglary,Investigation complete; no suspect identified,
ad4a6331ac58fef6bcba991b806a072de3228ca4fe8ceb55ffb8382ccd52fb5a,2025-02,South Yorkshire Police,South Yorkshire Police,-1.318087,53.410166,On or near Park Avenue,E01007812,Rotherham 034F,Burglary,Investigation complete; no suspect identified,
6ff51e9035f7bb27e96d0e57f211e0f5dddb86bbe2e6680944521371213d89a4,2025-02,South Yorkshire Police,South Yorkshire Police,-1.316133,53.410065,On or near Bartholomew Close,E01007812,Rotherham 034F,Burglary,Investigation complete; no suspect identified,
3fbf3965fe1330c510cf02708a4aac806e88876fd77ff5c7bc5425ae33e4309b,2025-02,South Yorkshire Police,South Yorkshire Police,-1.320135,53.408119,On or near Fairbank View,E01007812,Rotherham 034F,Public order,Status update unavailable,
4cb09f2f485b77938336d43e2b3892d3a77d448479ce23c845247227dd16ce2f,2025-02,South Yorkshire Police,South Yorkshire Police,-1.313557,53.408405,On or near Stringers Croft,E01007812,Rotherham 034F,Vehicle crime,Unable to prosecute suspect,
be4c75a37e2921335a0ca55d169284f547c79a7ad17fae7171340ed35279552e,2025-02,South Yorkshire Police,South Yorkshire Police,-1.313608,53.407093,On or near Greystones Road,E01007812,Rotherham 034F,Vehicle crime,Investigation complete; no suspect identified,
c3e701aaa7e12f4242691d0b866d4dd8811f94d8461e37490a8cc220f92bfa32,2025-02,South Yorkshire Police,South Yorkshire Police,-1.318658,53.409288,On or near Hall Close Avenue,E01007812,Rotherham 034F,Vehicle crime,Investigation complete; no suspect identified,
52b5aff63672ab37be9deea75ea2431196593259b319201ff8c9f5b7bf9f2347,2025-02,South Yorkshire Police,South Yorkshire Police,-1.313366,53.408125,On or near Blyth Close,E01007812,Rotherham 034F,Violence and sexual offences,Local resolution,
,2025-02,South Yorkshire Police,South Yorkshire Police,-1.325378,53.404769,On or near Sorrelsykes Close,E01034253,Rotherham 034G,Anti-social behaviour,,
,2025-02,South Yorkshire Police,South Yorkshire Police,-1.307958,53.395618,On or near Morthen Lane,E01034253,Rotherham 034G,Anti-social behaviour,,
720c4cb26ee1fb01f6d7560d49e76d4bc0d741de8f1f03f6be2cf37e406137ba,2025-02,South Yorkshire Police,South Yorkshire Police,-1.328428,53.407896,On or near Sandringham Avenue,E01034253,Rotherham 034G,Burglary,Investigation complete; no suspect identified,
8f0a6757f404d64775e748070a53f6efa7b6a186bb5ea4b11a0ef8600921e00d,2025-02,South Yorkshire Police,South Yorkshire Police,-1.329218,53.407397,On or near Sandringham Avenue,E01034253,Rotherham 034G,Other theft,Investigation complete; no suspect identified,
3c5bf3542ef92bdd7e0c0caf5ea34e9323e0fd005f2573dd375fae71b0fac349,2025-02,South Yorkshire Police,South Yorkshire Police,-1.333098,53.406466,On or near Pleasley Road,E01034253,Rotherham 034G,Public order,Investigation complete; no suspect identified,
b9bfe28629f7a949fd1561bc2c220fdb5538181a59fb31b59b801087ddff97f6,2025-02,South Yorkshire Police,South Yorkshire Police,-1.324597,53.404720,On or near School Hill,E01034253,Rotherham 034G,Vehicle crime,Investigation complete; no suspect identified,
95aaab801a30190fce276789154eea8c2a114aaa45a9326b689f3983bdcdd44a,2025-02,South Yorkshire Police,South Yorkshire Police,-1.324923,53.405998,On or near Brook Street,E01034253,Rotherham 034G,Violence and sexual offences,Unable to prosecute suspect,
d1c243e7d9925eafc79f8f6a048928dd4d331afb802babee958dff28a4e1ca3a,2025-02,South Yorkshire Police,South Yorkshire Police,-1.333715,53.405517,On or near Guilthwaite Crescent,E01034253,Rotherham 034G,Violence and sexual offences,Unable to prosecute suspect,
7ed1161ed82a0562d9e876e12f00a1101ddcb1079eefd96949bd3b6a57be6526,2025-02,South Yorkshire Police,South Yorkshire Police,-1.327674,53.407011,On or near Saville Road,E01034253,Rotherham 034G,Violence and sexual offences,Unable to prosecute suspect,
,2025-02,South Yorkshire Police,South Yorkshire Police,-1.596442,53.482763,On or near Supermarket,E01008144,Sheffield 001A,Anti-social behaviour,,
,2025-02,South Yorkshire Police,South Yorkshire Police,-1.596442,53.482763,On or near Supermarket,E01008144,Sheffield 001A,Anti-social behaviour,,
,2025-02,South Yorkshire Police,South Yorkshire Police,-1.587946,53.482171,On or near Shopping Area,E01008144,Sheffield 001A,Anti-social behaviour,,
,2025-02,South Yorkshire Police,South Yorkshire Police,-1.587946,53.482171,On or near Shopping Area,E01008144,Sheffield 001A,Anti-social behaviour,,
,2025-02,South Yorkshire Police,South Yorkshire Police,-1.590955,53.481414,On or near Supermarket,E01008144,Sheffield 001A,Anti-social behaviour,,
c6bedf3ab5baf9ce6437c9a13a1ebd19a4eab540d1642827e229e9f6636e2a80,2025-02,South Yorkshire Police,South Yorkshire Police,-1.587946,53.482171,On or near Shopping Area,E01008144,Sheffield 001A,Criminal damage and arson,Unable to prosecute suspect,
396221fb7b17b04341e4552bb8d10703ed969d88bb245b6edf3864c216184d89,2025-02,South Yorkshire Police,South Yorkshire Police,-1.588135,53.483238,On or near Fox Valley Way,E01008144,Sheffield 001A,Criminal damage and arson,Local resolution,
50006f18f3d629276b6f94a1d81baf43c13a05abdae77b0cc9a5fdf516a68d10,2025-02,South Yorkshire Police,South Yorkshire Police,-1.587105,53.479145,On or near Wheatacre Road,E01008144,Sheffield 001A,Other theft,Investigation complete; no suspect identified,
400064ddc362d4de9b3229fc38f4ef32393d4897fc01e9d1c0e99c6fb80abecb,2025-02,South Yorkshire Police,South Yorkshire Police,-1.596442,53.482763,On or near Supermarket,E01008144,Sheffield 001A,Shoplifting,Awaiting court outcome,
e625973ff0ddfa7db33587ec3b00afcab77bdb362b621763ebf2606dfd70bc54,2025-02,South Yorkshire Police,South Yorkshire Police,-1.588135,53.483238,On or near Fox Valley Way,E01008144,Sheffield 001A,Shoplifting,Investigation complete; no suspect identified,
1853ceb1dc9ecd177e9926a6768d2dc839f8be3e0b80be9553ea18bf47dc5cc8,2025-02,South Yorkshire Police,South Yorkshire Police,-1.590955,53.481414,On or near Supermarket,E01008144,Sheffield 001A,Violence and sexual offences,Unable to prosecute suspect,
471b48e86585fc07f4c34c9f98f045097aa083732a1414ac77332a665005a77a,2025-02,South Yorkshire Police,South Yorkshire Police,-1.587946,53.482171,On or near Shopping Area,E01008144,Sheffield 001A,Violence and sexual offences,Investigation complete; no suspect identified,
45ceedff4e287ad79a263ea63df1c7d64fa682137a3222454ac99cebe115b476,2025-02,South Yorkshire Police,South Yorkshire Police,-1.584379,53.483603,On or near Fox Valley Way,E01008144,Sheffield 001A,Violence and sexual offences,Status update unavailable,
9312580c0d217361cde5dabe751fb1964ec926f934090991323b3e25757703ba,2025-02,South Yorkshire Police,South Yorkshire Police,-1.590252,53.484064,On or near Hunshelf Park,E01008144,Sheffield 001A,Other crime,Awaiting court outcome,
3841c85032112becd2ce5a8c80c36e288a6d5bb9ecd806d6414e1af0a2df3d40,2025-02,South Yorkshire Police,South Yorkshire Police,-1.584240,53.480888,On or near New Road,E01008144,Sheffield 001A,Other crime,Status update unavailable,
,2025-02,South Yorkshire Police,South Yorkshire Police,-1.590958,53.478026,On or near Stanley Road,E01008145,Sheffield 001B,Anti-social behaviour,,
,2025-02,South Yorkshire Police,South Yorkshire Police,-1.596769,53.478567,On or near Shay House Lane,E01008145,Sheffield 001B,Anti-social behaviour,,
,2025-02,South Yorkshire Police,South Yorkshire Police,-1.599398,53.476176,On or near Cedar Close,E01008145,Sheffield 001B,Anti-social behaviour,,
,2025-02,South Yorkshire Police,South Yorkshire Police,-1.596769,53.478567,On or near Shay House Lane,E01008145,Sheffield 001B,Anti-social behaviour,,
c137176bc1af379685b0b84969902675aed8d17869c084fdcf10ca01588e3fc7,2025-02,South Yorkshire Police,South Yorkshire Police,-1.590958,53.478026,On or near Stanley Road,E01008145,Sheffield 001B,Criminal damage and arson,Investigation complete; no suspect identified,
1188d2adf9533694b711d7ee627a56f0cf4a2c9c45cd113b278748deccf04aeb,2025-02,South Yorkshire Police,South Yorkshire Police,-1.592342,53.476682,On or near Glebelands Road,E01008145,Sheffield 001B,Criminal damage and arson,Investigation complete; no suspect identified,
390ae58922b3e89ca7480fa8f729ffbebc6f12187a62471517a4fe3285d6a19f,2025-02,South Yorkshire Police,South Yorkshire Police,-1.590958,53.478026,On or near Stanley Road,E01008145,Sheffield 001B,Public order,Investigation complete; no suspect identified,
8223191233a75ecc71056122bb335a8dea0009fef7c1ed8ffa27a68c2befb570,2025-02,South Yorkshire Police,South Yorkshire Police,-1.594935,53.479639,On or near Olive Road,E01008145,Sheffield 001B,Violence and sexual offences,Investigation complete; no suspect identified,
e3cafb03546b9c531dce6b0a5432e52915a157d23695a44269969f39b4a2e93f,2025-02,South Yorkshire Police,South Yorkshire Police,-1.596769,53.478567,On or near Shay House Lane,E01008145,Sheffield 001B,Violence and sexual offences,Unable to prosecute suspect,
05701cb1a7615874708432512dd569258e85c260ad1ac7f5096582916b808815,2025-02,South Yorkshire Police,South Yorkshire Police,-1.592564,53.477079,On or near Grayson Close,E01008145,Sheffield 001B,Violence and sexual offences,Unable to prosecute suspect,
41b7c075f53925489bc30688ebe6dfaaccd27c15c1f399f2548c3c763d7960e3,2025-02,South Yorkshire Police,South Yorkshire Police,-1.598789,53.478448,On or near Mcintyre Road,E01008145,Sheffield 001B,Violence and sexual offences,Unable to prosecute suspect,
2d882939893c12d47c003de5d8dceaaeaa570e1297e7c39829c018203bf6883b,2025-02,South Yorkshire Police,South Yorkshire Police,-1.599605,53.478136,On or near Pot House Lane,E01008145,Sheffield 001B,Violence and sexual offences,Unable to prosecute suspect,
444a788873ec7b09e7def80f4d0444a53a541fc4e2eb23874f206b128f863896,2025-02,South Yorkshire Police,South Yorkshire Police,-1.605909,53.480818,On or near Moorland Drive,E01008145,Sheffield 001B,Violence and sexual offences,Status update unavailable,
725d448878eb7a6c4a26cf4b7a20cca22abcc713ac518007b9b66f5c94808bea,2025-02,South Yorkshire Police,South Yorkshire Police,-1.592564,53.477079,On or near Grayson Close,E01008145,Sheffield 001B,Violence and sexual offences,Investigation complete; no suspect identified,
34930236c55400045ab8d62cb3fb02c2c40b046caba47ee989c08c700d8da2eb,2025-02,South Yorkshire Police,South Yorkshire Police,-1.590958,53.478026,On or near Stanley Road,E01008145,Sheffield 001B,Violence and sexual offences,Unable to prosecute suspect,
17f75bc23a6b346b1f6b44b07e0175d8814ef9771e8b37640922c9273cf8daaf,2025-02,South Yorkshire Police,South Yorkshire Police,-1.594660,53.476888,On or near Kenworthy Road,E01008148,Sheffield 001C,Criminal damage and arson,Investigation complete; no suspect identified,
a68f16fe9cd39ff8c7242d25e9b4a20b16245ab623ef6fcaf8d2bc33ad61d210,2025-02,South Yorkshire Police,South Yorkshire Police,-1.596191,53.475886,On or near John West Street,E01008148,Sheffield 001C,Public order,Investigation complete; no suspect identified,
174f65a98bca4700cc3533e279043aa43be974e09d2278ad8a94d2402f492218,2025-02,South Yorkshire Police,South Yorkshire Police,-1.594686,53.474111,On or near Ralph Ellis Drive,E01008148,Sheffield 001C,Vehicle crime,Investigation complete; no suspect identified,
db8c98164c07085f8ccf9ddcf9175574c4be1c125c3e7a1feb73f2b154e676d6,2025-02,South Yorkshire Police,South Yorkshire Police,-1.597172,53.475791,On or near Red Fern Grove,E01008148,Sheffield 001C,Violence and sexual offences,Unable to prosecute suspect,
440a05eafe4e4262f028ff9163446356228c7c5caca6c2c1063ffe41fdf961e4,2025-02,South Yorkshire Police,South Yorkshire Police,-1.594660,53.476888,On or near Kenworthy Road,E01008148,Sheffield 001C,Violence and sexual offences,Status update unavailable,
,2025-02,South Yorkshire Police,South Yorkshire Police,-1.610264,53.485686,On or near Alrich Mews,E01008149,Sheffield 001D,Anti-social behaviour,,
a9d79934992eba5b0fce1f6ca7e2b4ddcbca91f420e0a8a34b88385d1da06487,2025-02,South Yorkshire Police,South Yorkshire Police,-1.613068,53.484005,On or near Coppice Close,E01008149,Sheffield 001D,Public order,Unable to prosecute suspect,
b155eddcd8e4feee6b1443ab5a7fafbc35b6cdf3ae3d034f569add490884e7c5,2025-02,South Yorkshire Police,South Yorkshire Police,-1.614281,53.484827,On or near Goddard Avenue,E01008149,Sheffield 001D,Vehicle crime,Investigation complete; no suspect identified,
1739aa9bcdcc483fa77fd36c6b8711db4e1d231c6a8a2adbed430f3c61673c99,2025-02,South Yorkshire Police,South Yorkshire Police,-1.607193,53.482062,On or near Woolley Road,E01008149,Sheffield 001D,Violence and sexual offences,Investigation complete; no suspect identified,
05369d0a246235808565790bc8f96763c97b1c39aa5e26ace8c81f18135f048a,2025-02,South Yorkshire Police,South Yorkshire Police,-1.607193,53.482062,On or near Woolley Road,E01008149,Sheffield 001D,Other crime,Unable to prosecute suspect,
9cf51f94094bbf181c3e06eb8508522aa2e0e10c0d6fe54bec7aaf8f77482515,2025-02,South Yorkshire Police,South Yorkshire Police,-1.607193,53.482062,On or near Woolley Road,E01008149,Sheffield 001D,Other crime,Further action is not in the public interest,
0d73229d670d19b6816590e5c1888d215b79b3539178421338e3ce424ca90588,2025-02,South Yorkshire Police,South Yorkshire Police,-1.604866,53.482783,On or near Ridal Avenue,E01008150,Sheffield 001E,Criminal damage and arson,Unable to prosecute suspect,
d777048f744c45ccc713fb93cae07b4f2a66f38eeb27094a578476beb097a24b,2025-02,South Yorkshire Police,South Yorkshire Police,-1.605777,53.483612,On or near Ridal Croft,E01008150,Sheffield 001E,Public order,Investigation complete; no suspect identified,
73fc0c00b8f398fef65bb731dd5fec782f1439379e0a7cd39faa885500dda88c,2025-02,South Yorkshire Police,South Yorkshire Police,-1.599314,53.481910,On or near Coronation Road,E01008150,Sheffield 001E,Violence and sexual offences,Investigation complete; no suspect identified,
8e25bda93c8a94c3371abbc366b9fff629781ed5a2c604c1b7e595a2e2d8d9de,2025-02,South Yorkshire Police,South Yorkshire Police,-1.604866,53.482783,On or near Ridal Avenue,E01008150,Sheffield 001E,Violence and sexual offences,Unable to prosecute suspect,
64e4460e1dc0bd52d2c2d4059a00b09ba3f5cf296a445fd9e1aa09b66798a997,2025-02,South Yorkshire Police,South Yorkshire Police,-1.602915,53.481967,On or near Sitwell Avenue,E01008150,Sheffield 001E,Violence and sexual offences,Unable to prosecute suspect,
,2025-02,South Yorkshire Police,South Yorkshire Police,-1.585196,53.475534,On or near Broomfield Lane,E01008142,Sheffield 002A,Anti-social behaviour,,
eb5c83d7146ae6cc6b813749246a0628aa81275fe8b23d31cc3369f0775b950d,2025-02,South Yorkshire Police,South Yorkshire Police,-1.580148,53.477116,On or near Armitage Road,E01008142,Sheffield 002A,Criminal damage and arson,Investigation complete; no suspect identified,
4e4113e4bf60f40951e018e229f4ab8cf523c011e72050f100135a0270fa0833,2025-02,South Yorkshire Police,South Yorkshire Police,-1.580148,53.477116,On or near Armitage Road,E01008142,Sheffield 002A,Criminal damage and arson,Investigation complete; no suspect identified,
42e36481675dc8793993f3ac1c97260ad015b6c07d640c3fadc8e1c320ea33ec,2025-02,South Yorkshire Police,South Yorkshire Police,-1.583928,53.478900,On or near Hills Road,E01008142,Sheffield 002A,Drugs,Unable to prosecute suspect,
7cf2877767ecc5f84902336d0a4884df2926c7d13eb27407fcbb4c5c072a95f8,2025-02,South Yorkshire Police,South Yorkshire Police,-1.581563,53.480321,On or near New Road,E01008142,Sheffield 002A,Other theft,Investigation complete; no suspect identified,
b121cf95031047b2ceff8083bbb9aff04abd5fba286ea9006a91a6fde763176d,2025-02,South Yorkshire Police,South Yorkshire Police,-1.584296,53.478264,On or near Lee Avenue,E01008142,Sheffield 002A,Public order,Unable to prosecute suspect,
7f3d8b27f906514af49f16bd4d45d3d1041bd8c830d958d9d8b0291289812bc4,2025-02,South Yorkshire Police,South Yorkshire Police,-1.581563,53.480321,On or near New Road,E01008142,Sheffield 002A,Vehicle crime,Investigation complete; no suspect identified,
cea453d3fd5969a0702afb5918917c6f6ba9ff897896c3ff4e2db795c65c4d29,2025-02,South Yorkshire Police,South Yorkshire Police,-1.582354,53.479533,On or near Harvey Street,E01008142,Sheffield 002A,Violence and sexual offences,Unable to prosecute suspect,
1485f91d72cb7d9215a536b6ecde36ae2f955fba059ddcccdc5fd235363826a2,2025-02,South Yorkshire Police,South Yorkshire Police,-1.582354,53.479533,On or near Harvey Street,E01008142,Sheffield 002A,Violence and sexual offences,Unable to prosecute suspect,
0f9d4bf4911ad37d8a7b2fb855d40b0e7067aadc79d430a0c18b01d6fc0f0dcf,2025-02,South Yorkshire Police,South Yorkshire Police,-1.580148,53.477116,On or near Armitage Road,E01008142,Sheffield 002A,Violence and sexual offences,Unable to prosecute suspect,
fad6ec9a5955bb7e4b5034fe4050c74ac6a3ae1920d5b352ae78cd8f636f3fe0,2025-02,South Yorkshire Police,South Yorkshire Police,-1.580148,53.477116,On or near Armitage Road,E01008142,Sheffield 002A,Violence and sexual offences,Local resolution,
da8b62b269ae2c4ec689362434fdfdb3bb8e9adacf4fa07bb4486d60cb02bbf7,2025-02,South Yorkshire Police,South Yorkshire Police,-1.582048,53.475460,On or near Fox Glen Road,E01008142,Sheffield 002A,Violence and sexual offences,Investigation complete; no suspect identified,
74e85b9b366f6f82487ed434b14c42a076555a7d155a608b7b757951a13b88de,2025-02,South Yorkshire Police,South Yorkshire Police,-1.574587,53.475731,On or near Carr Road,E01008143,Sheffield 002B,Drugs,Awaiting court outcome,
4b32ad1204ad5ea0f96fa45e56187fa3c2b0acf3a49ea9b79fddb6c6cf656287,2025-02,South Yorkshire Police,South Yorkshire Police,-1.574587,53.475731,On or near Carr Road,E01008143,Sheffield 002B,Possession of weapons,Awaiting court outcome,
daa5ca99320a0a5e6228401ec23e856fbc4760fe3894e196dcdadc280aca65d9,2025-02,South Yorkshire Police,South Yorkshire Police,-1.568044,53.477604,On or near Carrcroft Court,E01008143,Sheffield 002B,Public order,Investigation complete; no suspect identified,
59d0bee2c4835fe791cbb1a84a7b233b7ae644d3ae3a606a991cdedcd1b9b132,2025-02,South Yorkshire Police,South Yorkshire Police,-1.577935,53.475419,On or near Carr Close,E01008143,Sheffield 002B,Robbery,Investigation complete; no suspect identified,
75d993174dd673c63fb2c8e43d37cbf67436864db2508371ed715cd483810e9b,2025-02,South Yorkshire Police,South Yorkshire Police,-1.570325,53.478574,On or near Petrol Station,E01008143,Sheffield 002B,Shoplifting,Investigation complete; no suspect identified,
76edf327ee6985366361e388e1ca90556c82b1a61a2cee8a9d492b3204ff5b3b,2025-02,South Yorkshire Police,South Yorkshire Police,-1.570325,53.478574,On or near Petrol Station,E01008143,Sheffield 002B,Shoplifting,Investigation complete; no suspect identified,
370705a43a4337463e64294857d2c7c960bdabd00f9210a4590cddca9a5a7689,2025-02,South Yorkshire Police,South Yorkshire Police,-1.570325,53.478574,On or near Petrol Station,E01008143,Sheffield 002B,Shoplifting,Investigation complete; no suspect identified,
6275e3ea14344d59f6fd2d1fab1a351ec2d84cad8f5a34c6721f8fb2eaa7bad0,2025-02,South Yorkshire Police,South Yorkshire Police,-1.570325,53.478574,On or near Petrol Station,E01008143,Sheffield 002B,Shoplifting,Further investigation is not in the public interest,
4c5a29e63796739ee56571abbd250a904c04ce0e92d179724e36d79ebcd646c5,2025-02,South Yorkshire Police,South Yorkshire Police,-1.566401,53.479153,On or near Truman Grove,E01008143,Sheffield 002B,Vehicle crime,Investigation complete; no suspect identified,
dfe2bc77e51c7e32f75d2dbd8bd279373e5f3f5556fcb73ed5db1ccbc277a818,2025-02,South Yorkshire Police,South Yorkshire Police,-1.568044,53.477604,On or near Carrcroft Court,E01008143,Sheffield 002B,Vehicle crime,Investigation complete; no suspect identified,
6374807ef90a2cca7020a4eec578b6dbcae0db890bc4a5c51a511537de24286a,2025-02,South Yorkshire Police,South Yorkshire Police,-1.567346,53.476603,On or near Wilson Road,E01008143,Sheffield 002B,Violence and sexual offences,Unable to prosecute suspect,
fb8288e36a7d3cfc6ee51329f37619a24b955f208b8dc303cf2365c55cf08c62,2025-02,South Yorkshire Police,South Yorkshire Police,-1.576070,53.472051,On or near Pen Nook Gardens,E01008147,Sheffield 002D,Criminal damage and arson,Investigation complete; no suspect identified,
30618c4396015409e3291421a402c49cdde7ffb81c545df3c41d4859a029e4c2,2025-02,South Yorkshire Police,South Yorkshire Police,-1.581211,53.471691,On or near Royd Lane,E01008147,Sheffield 002D,Vehicle crime,Investigation complete; no suspect identified,
18ef418259964c19ce83f85d11a1f2995ab7f189c2d86793d0645e6e2ea76df2,2025-02,South Yorkshire Police,South Yorkshire Police,-1.581211,53.471691,On or near Royd Lane,E01008147,Sheffield 002D,Violence and sexual offences,Unable to prosecute suspect,
30958bdb4e7a3358f478e1616482159aa8ce27c8a6413911ce63976dc21edf1b,2025-02,South Yorkshire Police,South Yorkshire Police,-1.492420,53.467644,On or near Smithey Close,E01007888,Sheffield 003A,Criminal damage and arson,Unable to prosecute suspect,
c61199609f7919731f55ef0ee2ded2c073a47fa9650b75f39f11d2da384d2251,2025-02,South Yorkshire Police,South Yorkshire Police,-1.492420,53.467644,On or near Smithey Close,E01007888,Sheffield 003A,Violence and sexual offences,Unable to prosecute suspect,
4ca54fe6a4608538b8ce33580c487b4eb79d4e7ea2441e4efb8a8c46c379ea98,2025-02,South Yorkshire Police,South Yorkshire Police,-1.486132,53.466880,On or near Charlton Drive,E01007888,Sheffield 003A,Violence and sexual offences,Unable to prosecute suspect,
1b4b0e30a3936c39e5d4d1d5b57800c730b1bb6fa14b39de03a84b01c80f90e7,2025-02,South Yorkshire Police,South Yorkshire Police,-1.488568,53.463520,On or near Mount Road,E01007888,Sheffield 003A,Violence and sexual offences,Investigation complete; no suspect identified,
a5fd180e08bbe11bff693a1716fe65040cbdb6f7b91953029e1600f241bb057e,2025-02,South Yorkshire Police,South Yorkshire Police,-1.495957,53.471650,On or near Hurst Green,E01007892,Sheffield 003B,Violence and sexual offences,Unable to prosecute suspect,
c292401701ab55d1ae58d2b3994e18ac283b419dda6a443806334097aa98786a,2025-02,South Yorkshire Police,South Yorkshire Police,-1.497323,53.472078,On or near Potters Gate,E01007892,Sheffield 003B,Other crime,Unable to prosecute suspect,
58e444bc94adccb054032eb380e9e313d016857a28a488504a6c114c84733923,2025-02,South Yorkshire Police,South Yorkshire Police,-1.495134,53.473732,On or near Hawthorn Mews,E01007892,Sheffield 003B,Other crime,Unable to prosecute suspect,
,2025-02,South Yorkshire Police,South Yorkshire Police,-1.492836,53.461821,On or near Charlton Clough,E01007893,Sheffield 003C,Anti-social behaviour,,
d204652227d003dab8659b711429534b756f8bb7115838049f9f1c75fcb2a586,2025-02,South Yorkshire Police,South Yorkshire Police,-1.485961,53.462367,On or near Wharfedale Drive,E01007893,Sheffield 003C,Vehicle crime,Investigation complete; no suspect identified,
193ce0d3649804933d319045c7962597fba35df7e9d13b7938a962511c69bba9,2025-02,South Yorkshire Police,South Yorkshire Police,-1.490071,53.459994,On or near Raleigh Drive,E01007893,Sheffield 003C,Violence and sexual offences,Status update unavailable,
3198e114a7c16725d9156dd500476723ac29a8348c85233745c8362e167fc5bd,2025-02,South Yorkshire Police,South Yorkshire Police,-1.485961,53.462367,On or near Wharfedale Drive,E01007893,Sheffield 003C,Violence and sexual offences,Unable to prosecute suspect,
1dbba0517a682a24192fda8435f735eb8e2776cc9d346f5ece857b960e247664,2025-02,South Yorkshire Police,South Yorkshire Police,-1.493828,53.459398,On or near Bracken Hill,E01007893,Sheffield 003C,Violence and sexual offences,Unable to prosecute suspect,
425047182d348fea598bef5bbd12c586676d71451704c9f1caf3a16771ede626,2025-02,South Yorkshire Police,South Yorkshire Police,-1.490071,53.459994,On or near Raleigh Drive,E01007893,Sheffield 003C,Other crime,Unable to prosecute suspect,
,2025-02,South Yorkshire Police,South Yorkshire Police,-1.491490,53.477375,On or near Dowland Court,E01007898,Sheffield 003D,Anti-social behaviour,,
792984066458730711e129812a8461b3cace4db87233fb09b09bd979153f3d2f,2025-02,South Yorkshire Police,South Yorkshire Police,-1.484596,53.474343,On or near Pack Horse Lane,E01007898,Sheffield 003D,Criminal damage and arson,Unable to prosecute suspect,
b3c0087b768f00ebf81124ffea6808148ef4570d927b04a07a5e82efbedd917a,2025-02,South Yorkshire Police,South Yorkshire Police,-1.486416,53.474575,On or near Bellamy Close,E01007898,Sheffield 003D,Drugs,Local resolution,
f830641c76cf36f025c03de837ca10b3c6bd5d159ae776053f318faa2bb59f17,2025-02,South Yorkshire Police,South Yorkshire Police,-1.486416,53.474575,On or near Bellamy Close,E01007898,Sheffield 003D,Public order,Investigation complete; no suspect identified,
2ec9506860b525cc2793dacb65400593b9b10b54556bae6d0b4d695f438f428d,2025-02,South Yorkshire Police,South Yorkshire Police,-1.493609,53.476593,On or near Oakfern Grove,E01007898,Sheffield 003D,Public order,Unable to prosecute suspect,
d1dd713dbad08b7b5ffd57ee08f6bb904a6b6f38adf6e9a191f5cc13c3d5e536,2025-02,South Yorkshire Police,South Yorkshire Police,-1.486416,53.474575,On or near Bellamy Close,E01007898,Sheffield 003D,Shoplifting,Investigation complete; no suspect identified,
840184058cbf459fb0aff4d1b65eec11c2d2c02d5abaef68971c9f2f38844049,2025-02,South Yorkshire Police,South Yorkshire Police,-1.486416,53.474575,On or near Bellamy Close,E01007898,Sheffield 003D,Shoplifting,Investigation complete; no suspect identified,
bba66ab2678b7714f77401a1a51c25dca55e7802f84def65d42f6a857dcd0cdb,2025-02,South Yorkshire Police,South Yorkshire Police,-1.486416,53.474575,On or near Bellamy Close,E01007898,Sheffield 003D,Shoplifting,Investigation complete; no suspect identified,
77b54909804be36c06891cd7b72ae6f0fdcfaf123a0732e94b054438393991aa,2025-02,South Yorkshire Police,South Yorkshire Police,-1.486416,53.474575,On or near Bellamy Close,E01007898,Sheffield 003D,Shoplifting,Investigation complete; no suspect identified,
51f2895e1aebe03b9e7cc274a6b14cb4c5375566d991adc05ce32e74a7c73d49,2025-02,South Yorkshire Police,South Yorkshire Police,-1.486416,53.474575,On or near Bellamy Close,E01007898,Sheffield 003D,Shoplifting,Investigation complete; no suspect identified,
490ccc29f8169110ca0bea24b4ae05286739a87a810c51a2f6e6871fa6c78b3e,2025-02,South Yorkshire Police,South Yorkshire Police,-1.486416,53.474575,On or near Bellamy Close,E01007898,Sheffield 003D,Shoplifting,Awaiting court outcome,
a6542e5f858ab4b42a5ea67b6a297c9015ccc8df89c402c66f2c860603030280,2025-02,South Yorkshire Police,South Yorkshire Police,-1.482678,53.479026,On or near Park/Open Space,E01007898,Sheffield 003D,Vehicle crime,Investigation complete; no suspect identified,
04968a66e01ef7d9515f088b3074df68b1a4c3aa6bd7eeada4ac7263e88dc5d8,2025-02,South Yorkshire Police,South Yorkshire Police,-1.482678,53.479026,On or near Park/Open Space,E01007898,Sheffield 003D,Vehicle crime,Investigation complete; no suspect identified,
cd89277c9e7572cfd4837a8be02c4a5a17644144243b234a18ccda05ab063188,2025-02,South Yorkshire Police,South Yorkshire Police,-1.486416,53.474575,On or near Bellamy Close,E01007898,Sheffield 003D,Violence and sexual offences,Investigation complete; no suspect identified,
034fd71582f49e34ba625fc021a435a634cbaf432cf5e22b9f93a6bda822c524,2025-02,South Yorkshire Police,South Yorkshire Police,-1.484596,53.474343,On or near Pack Horse Lane,E01007898,Sheffield 003D,Violence and sexual offences,Unable to prosecute suspect,
,2025-02,South Yorkshire Police,South Yorkshire Police,-1.502482,53.470212,On or near Oak Lodge Road,E01007899,Sheffield 003E,Anti-social behaviour,,
ab8a64717a635738c9138298446c1a6e74ad3b3a04d5c422ec083249812cb0ac,2025-02,South Yorkshire Police,South Yorkshire Police,-1.487588,53.472360,On or near Jeffcock Road,E01007900,Sheffield 003F,Burglary,Investigation complete; no suspect identified,
88d7a082aeb61f0f6907cf2caca6bb867cecba215404f362af5c552503c5ffd8,2025-02,South Yorkshire Police,South Yorkshire Police,-1.492691,53.473955,On or near Milgrove Crescent,E01007900,Sheffield 003F,Other theft,Unable to prosecute suspect,
fd282eefaa7c00f545d6a8d530b3ed5e59e07bba8bcb998e365b7c57a00184c7,2025-02,South Yorkshire Police,South Yorkshire Police,-1.490972,53.472806,On or near Alma Road,E01007900,Sheffield 003F,Violence and sexual offences,Awaiting court outcome,
f1d40e04d573032b1e06192d78f705ba3f2fc9804b919ec7bf2c0f99340446db,2025-02,South Yorkshire Police,South Yorkshire Police,-1.487588,53.472360,On or near Jeffcock Road,E01007900,Sheffield 003F,Violence and sexual offences,Unable to prosecute suspect,
f884e204d386cfd4b118c564dff810374bb2c4aa509d9ed72ef2bcc6d62b613c,2025-02,South Yorkshire Police,South Yorkshire Police,-1.493282,53.469850,On or near Foster Way,E01007900,Sheffield 003F,Violence and sexual offences,Unable to prosecute suspect,
d071ebf56bdef0ad99e44647505668ade6863455c7990fc4c0798c0608de34f5,2025-02,South Yorkshire Police,South Yorkshire Police,-1.491240,53.469293,On or near Francis Grove,E01007900,Sheffield 003F,Violence and sexual offences,Unable to prosecute suspect,
,2025-02,South Yorkshire Police,South Yorkshire Police,-1.487811,53.468793,On or near Greengate Lane,E01007901,Sheffield 003G,Anti-social behaviour,,
,2025-02,South Yorkshire Police,South Yorkshire Police,-1.486513,53.467798,On or near Valley Road,E01007901,Sheffield 003G,Anti-social behaviour,,
9fb2230c68073038d0e01fc86958f2dc7fca8bfc9b137d5bb498f24231a0edfb,2025-02,South Yorkshire Police,South Yorkshire Police,-1.475710,53.469154,On or near Worrall Road,E01007901,Sheffield 003G,Burglary,Investigation complete; no suspect identified,
c14519c70e180bb950857345a3b3d6cd5631b1e3848e5cf4c183129975040c06,2025-02,South Yorkshire Police,South Yorkshire Police,-1.487811,53.468793,On or near Greengate Lane,E01007901,Sheffield 003G,Public order,Investigation complete; no suspect identified,
fd3788c5e99c39922c19828f8e39a017690b148e1ab91fb05bf6258c89ad3ff4,2025-02,South Yorkshire Police,South Yorkshire Police,-1.487319,53.469636,On or near Greengate Court,E01007901,Sheffield 003G,Shoplifting,Awaiting court outcome,
eb7f935d86f6452b8c84834a97da14dea79e82633d525f5d045a31d4be16f3c3,2025-02,South Yorkshire Police,South Yorkshire Police,-1.484033,53.469819,On or near Entwhistle Road,E01007901,Sheffield 003G,Vehicle crime,Investigation complete; no suspect identified,
e4cba7e503e82988ae23dc858ea2fe47987a8324c0679f3eb156c62c6eb14c14,2025-02,South Yorkshire Police,South Yorkshire Police,-1.488859,53.469337,On or near Miles Road,E01007901,Sheffield 003G,Violence and sexual offences,Unable to prosecute suspect,
5103fbb62021df02386c74bf59354bc31410f823cb08aba2c9955fe5d228d7b1,2025-02,South Yorkshire Police,South Yorkshire Police,-1.488859,53.469337,On or near Miles Road,E01007901,Sheffield 003G,Violence and sexual offences,Unable to prosecute suspect,
c8d04634649ee32ffc73b990c954df6a555fcd4753dfc62533028f64032e44e6,2025-02,South Yorkshire Police,South Yorkshire Police,-1.483140,53.468890,On or near Mapplebeck Road,E01007901,Sheffield 003G,Violence and sexual offences,Unable to prosecute suspect,
317c463f67dafeac647ea01373cac4fed952977e98c64cdcc7b58f250de7813a,2025-02,South Yorkshire Police,South Yorkshire Police,-1.484255,53.462647,On or near Melbeck Court,E01007887,Sheffield 004A,Criminal damage and arson,Investigation complete; no suspect identified,
c4717e0904287372da33a11da1659bf6d4559c2638aa4c966f3dbac1deecdabd,2025-02,South Yorkshire Police,South Yorkshire Police,-1.480468,53.461640,On or near Supermarket,E01007887,Sheffield 004A,Public order,Awaiting court outcome,
e26808e5f7e0f944ca5fda9efcd8ec40f394b28f647577ce68ec0875b901301b,2025-02,South Yorkshire Police,South Yorkshire Police,-1.480468,53.461640,On or near Supermarket,E01007887,Sheffield 004A,Public order,Awaiting court outcome,
3c0e1c27b4b360940d2de552697129622459633073c02e4752f7240698dea8f3,2025-02,South Yorkshire Police,South Yorkshire Police,-1.480468,53.461640,On or near Supermarket,E01007887,Sheffield 004A,Public order,Awaiting court outcome,
29592b9e037c6292cb0a9e17d8950cc0b61acc5fc875c05abef8ac32eab23a76,2025-02,South Yorkshire Police,South Yorkshire Police,-1.480468,53.461640,On or near Supermarket,E01007887,Sheffield 004A,Public order,Awaiting court outcome,
eea613fe31ba4a3bc8c1e0de67eb690913ec5ca22d4040ac5019213a9e024d3e,2025-02,South Yorkshire Police,South Yorkshire Police,-1.480468,53.461640,On or near Supermarket,E01007887,Sheffield 004A,Shoplifting,Investigation complete; no suspect identified,
fcf1644b16b606f5ec20603064c86eb106477a45149efdfc9772dc9b64e1dc5e,2025-02,South Yorkshire Police,South Yorkshire Police,-1.480468,53.461640,On or near Supermarket,E01007887,Sheffield 004A,Shoplifting,Awaiting court outcome,
6bc435ab425a3d3b516a42cb471eb86a9c539059a43506aa9b4134814922e8e1,2025-02,South Yorkshire Police,South Yorkshire Police,-1.480468,53.461640,On or near Supermarket,E01007887,Sheffield 004A,Shoplifting,Investigation complete; no suspect identified,
96d994f02a3db73dadd92aab099a8a4d1caca6e4d74eb95fd14b165af360b407,2025-02,South Yorkshire Police,South Yorkshire Police,-1.480468,53.461640,On or near Supermarket,E01007887,Sheffield 004A,Shoplifting,Awaiting court outcome,
6bafc0a71185089b676084b084ab6b9be758133f1649265f3c90b644292cb084,2025-02,South Yorkshire Police,South Yorkshire Police,-1.480468,53.461640,On or near Supermarket,E01007887,Sheffield 004A,Shoplifting,Investigation complete; no suspect identified,
3a56d22d624b67ff946fd50bdad632407246eb31916fa98d90095e1535221dd9,2025-02,South Yorkshire Police,South Yorkshire Police,-1.480468,53.461640,On or near Supermarket,E01007887,Sheffield 004A,Shoplifting,Awaiting court outcome,
1fa63a3cd9339cf4fdf7952831290cc226892f063537d821acc34129124e045b,2025-02,South Yorkshire Police,South Yorkshire Police,-1.480468,53.461640,On or near Supermarket,E01007887,Sheffield 004A,Shoplifting,Awaiting court outcome,
4535df03f68022ed064f730fbe810d7cd73639a51de20cf1898c6841b4e39c34,2025-02,South Yorkshire Police,South Yorkshire Police,-1.481764,53.468102,On or near Worrall Road,E01007887,Sheffield 004A,Shoplifting,Investigation complete; no suspect identified,
0666dee728df2176aeea6e11e55766aa3c26ad84732ca62439e73b1e353cf08e,2025-02,South Yorkshire Police,South Yorkshire Police,-1.480468,53.461640,On or near Supermarket,E01007887,Sheffield 004A,Shoplifting,Awaiting court outcome,
c35369ce74a90cda28cb99054008510251ef8f8010d14b2fd787d14a88b26ce2,2025-02,South Yorkshire Police,South Yorkshire Police,-1.480468,53.461640,On or near Supermarket,E01007887,Sheffield 004A,Shoplifting,Investigation complete; no suspect identified,
71fcdf7761ea54e865d0089f16973cb50d12b24d857914f477471681a8aaef15,2025-02,South Yorkshire Police,South Yorkshire Police,-1.480200,53.460490,On or near Lansbury Avenue,E01007887,Sheffield 004A,Violence and sexual offences,Unable to prosecute suspect,
8d0e9afaacb07fc8e8e8d5b6b75b032e91fdac2633a4b787448cdd0b309b13f1,2025-02,South Yorkshire Police,South Yorkshire Police,-1.484255,53.462647,On or near Melbeck Court,E01007887,Sheffield 004A,Violence and sexual offences,Unable to prosecute suspect,
,2025-02,South Yorkshire Police,South Yorkshire Police,-1.476687,53.469365,On or near Lane End,E01007889,Sheffield 004B,Anti-social behaviour,,
2f99b4aacfb680429eb33624d079010488af8d7415df9ff5c62678deed707820,2025-02,South Yorkshire Police,South Yorkshire Police,-1.475547,53.467724,On or near School Road,E01007889,Sheffield 004B,Public order,Investigation complete; no suspect identified,
74323aa4cb71e339c7ec26973aef704d9e0c6d4c856e0b53a99a210bf100ec3e,2025-02,South Yorkshire Police,South Yorkshire Police,-1.473570,53.471688,On or near Park Square,E01007889,Sheffield 004B,Vehicle crime,Investigation complete; no suspect identified,
419b5d32b689506dcd7739dbc4cfeb269cde6b3116668cfccc852e4c8d029d8c,2025-02,South Yorkshire Police,South Yorkshire Police,-1.467282,53.475795,On or near Warren Lane,E01007889,Sheffield 004B,Violence and sexual offences,Unable to prosecute suspect,
395f0f0bbf8d135049404e079a9d77820088f5cbf2722257feee8b090a47d7ad,2025-02,South Yorkshire Police,South Yorkshire Police,-1.475547,53.467724,On or near School Road,E01007889,Sheffield 004B,Violence and sexual offences,Unable to prosecute suspect,
c7ded94d3b7a65cb54ea8273d5ae843d27e63063fb7477d1c8ef7aa1a185f633,2025-02,South Yorkshire Police,South Yorkshire Police,-1.465850,53.474593,On or near Warren Gardens,E01007889,Sheffield 004B,Violence and sexual offences,Unable to prosecute suspect,
fd7a715008bfa6f6d12bf44218baa3e317ae01c0dd0e111f8df21e89df9ee33d,2025-02,South Yorkshire Police,South Yorkshire Police,-1.465850,53.474593,On or near Warren Gardens,E01007889,Sheffield 004B,Violence and sexual offences,Unable to prosecute suspect,
,2025-02,South Yorkshire Police,South Yorkshire Police,-1.477595,53.465360,On or near Yoredale Avenue,E01007890,Sheffield 004C,Anti-social behaviour,,
bfb7c3edb430dcd05b3363ef1811c6716086428e6c71494f3dec3538b857c968,2025-02,South Yorkshire Police,South Yorkshire Police,-1.474388,53.465229,On or near Grassington Way,E01007890,Sheffield 004C,Burglary,Status update unavailable,
ea30ce5984309d1fb7402709d49ee9e1f700be2d9d47f3867fc2c3a7d51963b2,2025-02,South Yorkshire Police,South Yorkshire Police,-1.477595,53.465360,On or near Yoredale Avenue,E01007890,Sheffield 004C,Criminal damage and arson,Investigation complete; no suspect identified,
,2025-02,South Yorkshire Police,South Yorkshire Police,-1.464498,53.457500,On or near Ecclesfield Road,E01007891,Sheffield 004D,Anti-social behaviour,,
c1f53b264a4a7abb3a75f52974682db1a877586c93542ba6d90adebbbb8fc8a9,2025-02,South Yorkshire Police,South Yorkshire Police,-1.454955,53.455956,On or near Cowley Hill,E01007891,Sheffield 004D,Criminal damage and arson,Investigation complete; no suspect identified,
b46a70c314076bce69c78319af4a4c3beef19abb21f1d862fdc3d8b834299149,2025-02,South Yorkshire Police,South Yorkshire Police,-1.465087,53.454977,On or near Bentley Road,E01007891,Sheffield 004D,Other theft,Investigation complete; no suspect identified,
4ce4d473d70324f00a3226bfc76350f01e327159f311cd7238bab79fbcf112a5,2025-02,South Yorkshire Police,South Yorkshire Police,-1.454955,53.455956,On or near Cowley Hill,E01007891,Sheffield 004D,Vehicle crime,Investigation complete; no suspect identified,
2f211d8f7e5216a56d24e4f4152de93b8043f5c707de4b5d0c183af9111c2501,2025-02,South Yorkshire Police,South Yorkshire Police,-1.465959,53.456302,On or near Stuart Road,E01007891,Sheffield 004D,Vehicle crime,Investigation complete; no suspect identified,
a9aa58e77f145da64e6f1e50644cdf8c47cf4d4f5b60c130ada2aeee01757e28,2025-02,South Yorkshire Police,South Yorkshire Police,-1.454955,53.455956,On or near Cowley Hill,E01007891,Sheffield 004D,Vehicle crime,Investigation complete; no suspect identified,
0d1eea7abcc1e8b1cbe7bb52d0463b4c57622ef5f300837a223cefb253aeac2f,2025-02,South Yorkshire Police,South Yorkshire Police,-1.454955,53.455956,On or near Cowley Hill,E01007891,Sheffield 004D,Violence and sexual offences,Unable to prosecute suspect,
4a087c895dcdb7b7aa51242995d03a64b6c29abc951119a077a103a214b5cc59,2025-02,South Yorkshire Police,South Yorkshire Police,-1.466145,53.452267,On or near Crakehall Road,E01007891,Sheffield 004D,Violence and sexual offences,Local resolution,
6b1fccb475aa8f872544061992531335ccd762a6c87252d10da65f9ba0e1f8d5,2025-02,South Yorkshire Police,South Yorkshire Police,-1.466145,53.452267,On or near Crakehall Road,E01007891,Sheffield 004D,Violence and sexual offences,Action to be taken by another organisation,
fc711bf77f3f20c179d5b34fcf2c3e7c216af01adb4e5f31c35f9392d1ad5984,2025-02,South Yorkshire Police,South Yorkshire Police,-1.466145,53.452267,On or near Crakehall Road,E01007891,Sheffield 004D,Violence and sexual offences,Unable to prosecute suspect,
edc962420c009c42b0cec70bdaf8ed9130079a5cd322bb4244c386c6ce6ac642,2025-02,South Yorkshire Police,South Yorkshire Police,-1.454955,53.455956,On or near Cowley Hill,E01007891,Sheffield 004D,Violence and sexual offences,Unable to prosecute suspect,
,2025-02,South Yorkshire Police,South Yorkshire Police,-1.465832,53.461650,On or near Market Place,E01007894,Sheffield 004E,Anti-social behaviour,,
,2025-02,South Yorkshire Police,South Yorkshire Police,-1.466785,53.461294,On or near Smith Street,E01007894,Sheffield 004E,Anti-social behaviour,,
,2025-02,South Yorkshire Police,South Yorkshire Police,-1.465832,53.461650,On or near Market Place,E01007894,Sheffield 004E,Anti-social behaviour,,
,2025-02,South Yorkshire Police,South Yorkshire Police,-1.465832,53.461650,On or near Market Place,E01007894,Sheffield 004E,Anti-social behaviour,,
2fc8855a146b6f73f4d255fc37b70f7afdcd22139d20bd5bfe65c94c9f065dc8,2025-02,South Yorkshire Police,South Yorkshire Police,-1.465832,53.461650,On or near Market Place,E01007894,Sheffield 004E,Other theft,Awaiting court outcome,
71e79fc2029507795820bf99f4b7ffac14a0c617fd6c8272d7c54623665755bb,2025-02,South Yorkshire Police,South Yorkshire Police,-1.467773,53.461784,On or near Petrol Station,E01007894,Sheffield 004E,Public order,Awaiting court outcome,
314be29a2bd4033117df9269fb27660f1feb00d17eb9e43fae1688f5cba473a2,2025-02,South Yorkshire Police,South Yorkshire Police,-1.467773,53.461784,On or near Petrol Station,E01007894,Sheffield 004E,Public order,Awaiting court outcome,
cee3201f4ee5010078b95f9051c634d5f3a89968f0c7e026b8ea7ff6eb3e3fda,2025-02,South Yorkshire Police,South Yorkshire Police,-1.465832,53.461650,On or near Market Place,E01007894,Sheffield 004E,Public order,Investigation complete; no suspect identified,
989a91c7962990f27d1363b6e6ca50cd865b00375ed6f4c15d014b7218177f8b,2025-02,South Yorkshire Police,South Yorkshire Police,-1.465832,53.461650,On or near Market Place,E01007894,Sheffield 004E,Public order,Investigation complete; no suspect identified,
0e09116c1bde3d0844f260bf11be4e5f14073597a5ce84e170dac8596948ee59,2025-02,South Yorkshire Police,South Yorkshire Police,-1.467773,53.461784,On or near Petrol Station,E01007894,Sheffield 004E,Public order,Awaiting court outcome,
07cd0ada64cfa9b5944736a96a12558836d7a67086b078edd6246e496de562b2,2025-02,South Yorkshire Police,South Yorkshire Police,-1.467773,53.461784,On or near Petrol Station,E01007894,Sheffield 004E,Shoplifting,Awaiting court outcome,
787d3de46365d72df1405696db8f875cb41831d0ba61e2e3287bf3281c99748f,2025-02,South Yorkshire Police,South Yorkshire Police,-1.467773,53.461784,On or near Petrol Station,E01007894,Sheffield 004E,Shoplifting,Investigation complete; no suspect identified,
1466a73ed3aa43e39ab7f676fc2a08d9b3e8a99e325265472352ba783bc7304e,2025-02,South Yorkshire Police,South Yorkshire Police,-1.467773,53.461784,On or near Petrol Station,E01007894,Sheffield 004E,Shoplifting,Awaiting court outcome,
5eccad6531af1ef22f6336f1dd40e1966ce1790d87ae77b91f6a9bae7cea0c29,2025-02,South Yorkshire Police,South Yorkshire Police,-1.467773,53.461784,On or near Petrol Station,E01007894,Sheffield 004E,Shoplifting,Investigation complete; no suspect identified,
83bf857692258c59484ec9d1a17d51aa5dcd73080ff017222406c6fdb28adad8,2025-02,South Yorkshire Police,South Yorkshire Police,-1.465832,53.461650,On or near Market Place,E01007894,Sheffield 004E,Shoplifting,Investigation complete; no suspect identified,
5a16ac5393d2579965ba57f55cbb804a6cf1a048f2734d22af0606312c505337,2025-02,South Yorkshire Police,South Yorkshire Police,-1.467773,53.461784,On or near Petrol Station,E01007894,Sheffield 004E,Shoplifting,Awaiting court outcome,
0845fa074c5f1e3b66a3f70ce923738d17c5909a682d8b7dd6d4ef5125d3557d,2025-02,South Yorkshire Police,South Yorkshire Police,-1.465832,53.461650,On or near Market Place,E01007894,Sheffield 004E,Shoplifting,Investigation complete; no suspect identified,
2214cf674b99cea71b09bc347cc20420b8bf2be5061bc4682f7d05d2e2546708,2025-02,South Yorkshire Police,South Yorkshire Police,-1.467773,53.461784,On or near Petrol Station,E01007894,Sheffield 004E,Shoplifting,Awaiting court outcome,
5239761580a66d035b1da0bf22ca2254c4fbae2b6393064b46bc18d860c9ead5,2025-02,South Yorkshire Police,South Yorkshire Police,-1.467773,53.461784,On or near Petrol Station,E01007894,Sheffield 004E,Vehicle crime,Investigation complete; no suspect identified,
c69dac28d27e9ad73bb8a8f3221f31935ba295aed09e4593756af263d01c413d,2025-02,South Yorkshire Police,South Yorkshire Police,-1.462738,53.466921,On or near Coppice Rise,E01007894,Sheffield 004E,Violence and sexual offences,Unable to prosecute suspect,
c618e1acf6de0b0f188fc3fe68cc7245d53e1bacb6c0bfa883eb2bae28ac5803,2025-02,South Yorkshire Police,South Yorkshire Police,-1.467773,53.461784,On or near Petrol Station,E01007894,Sheffield 004E,Violence and sexual offences,Unable to prosecute suspect,
9479536697aa45b1580097dcaba94e5d1c7750a24caad06ddcfaec2d6099940e,2025-02,South Yorkshire Police,South Yorkshire Police,-1.479240,53.460136,On or near Burns Drive,E01007895,Sheffield 004F,Burglary,Investigation complete; no suspect identified,
ef20f911a11067a3e49db6a820c41bcb96690bc489e43c019b1c51e8a7fecac1,2025-02,South Yorkshire Police,South Yorkshire Police,-1.479240,53.460136,On or near Burns Drive,E01007895,Sheffield 004F,Burglary,Investigation complete; no suspect identified,
3d6cfb70b312250533acd02075b3755b926e460fbbc1174fe7715caadbe410db,2025-02,South Yorkshire Police,South Yorkshire Police,-1.474611,53.459351,On or near Steven Close,E01007895,Sheffield 004F,Criminal damage and arson,Unable to prosecute suspect,
d152ffcd98d32d87e0db42e4937c8cac680021bb4b3a7ad023f9c1e9c6d71387,2025-02,South Yorkshire Police,South Yorkshire Police,-1.478182,53.461677,On or near Petrol Station,E01007895,Sheffield 004F,Other theft,Investigation complete; no suspect identified,
5224d45d33c0e7a47efdb88c16a2522633f124cde9c609eaec7fb630cf9116dd,2025-02,South Yorkshire Police,South Yorkshire Police,-1.474611,53.459351,On or near Steven Close,E01007895,Sheffield 004F,Public order,Unable to prosecute suspect,
fe321fa6403df68b6743668007d08e0c3fbd42d048a3e380b49f14a0de908461,2025-02,South Yorkshire Police,South Yorkshire Police,-1.478182,53.461677,On or near Petrol Station,E01007895,Sheffield 004F,Vehicle crime,Investigation complete; no suspect identified,
8b80061457743824e48e50ab59509ffcf0f502dd63adadba526f82cb044a7701,2025-02,South Yorkshire Police,South Yorkshire Police,-1.469947,53.461416,On or near Nether Ley Court,E01007895,Sheffield 004F,Vehicle crime,Investigation complete; no suspect identified,
4518ed4b91683d74fbb31a969c0a35a9ccf5c356dd9cbd12ca0b8a4fde0efa72,2025-02,South Yorkshire Police,South Yorkshire Police,-1.474611,53.459351,On or near Steven Close,E01007895,Sheffield 004F,Other crime,Unable to prosecute suspect,
a9ab673aadcb605bad8117af028fa8dadfe79c65dfffd23901f1f77cda9cd66b,2025-02,South Yorkshire Police,South Yorkshire Police,-1.485998,53.460524,On or near Chapel Close,E01007897,Sheffield 005A,Vehicle crime,Investigation complete; no suspect identified,
b32753c8fa97ad719a02323de7648012248c8420537317614be8402d391f43b9,2025-02,South Yorkshire Police,South Yorkshire Police,-1.497424,53.441823,On or near School Lane,E01008134,Sheffield 005B,Criminal damage and arson,Investigation complete; no suspect identified,
73746e6c6bc16db53a033faf985fa7802c0011cd45dc3339082166bf36f0bc53,2025-02,South Yorkshire Police,South Yorkshire Police,-1.497424,53.441823,On or near School Lane,E01008134,Sheffield 005B,Criminal damage and arson,Investigation complete; no suspect identified,
d6b9d4e4ac6be4eb2b97260b83da12ba363fe82ceab074de8da167ee5d32e85f,2025-02,South Yorkshire Police,South Yorkshire Police,-1.502005,53.442759,On or near Norfolk Hill Croft,E01008134,Sheffield 005B,Violence and sexual offences,Unable to prosecute suspect,
9e8e023411f6503b2af7059744ea2e0a0f731763ca4b7cfd0831f1c924757db3,2025-02,South Yorkshire Police,South Yorkshire Police,-1.502005,53.442759,On or near Norfolk Hill Croft,E01008134,Sheffield 005B,Violence and sexual offences,Unable to prosecute suspect,
,2025-02,South Yorkshire Police,South Yorkshire Police,-1.456176,53.442145,On or near Bus/Coach Station,E01008135,Sheffield 005C,Anti-social behaviour,,
,2025-02,South Yorkshire Police,South Yorkshire Police,-1.468203,53.441858,On or near St Mary'S Close,E01008135,Sheffield 005C,Anti-social behaviour,,
,2025-02,South Yorkshire Police,South Yorkshire Police,-1.463767,53.444049,On or near Park/Open Space,E01008135,Sheffield 005C,Anti-social behaviour,,
432842f369d728fec75ba1e26fc43fbf6a7d575db212859ed6666e615f6f71f3,2025-02,South Yorkshire Police,South Yorkshire Police,-1.468203,53.441858,On or near St Mary'S Close,E01008135,Sheffield 005C,Burglary,Investigation complete; no suspect identified,
9f5fe6ab40db7f4d9559f83fdb04546fe2bacf736123855022d9092f8fe2178e,2025-02,South Yorkshire Police,South Yorkshire Police,-1.466509,53.447253,On or near Whitley Croft,E01008135,Sheffield 005C,Burglary,Investigation complete; no suspect identified,
8622eefbb2891f9419084b6c6635958c3195c9295baf2bea48806dbe036d2ca1,2025-02,South Yorkshire Police,South Yorkshire Police,-1.457555,53.450207,On or near Further/Higher Educational Building,E01008135,Sheffield 005C,Criminal damage and arson,Investigation complete; no suspect identified,
d07b31f4fead2e3bc6ff91c48eed5a80561c09d25fdeff796bb5a038dcd4f73d,2025-02,South Yorkshire Police,South Yorkshire Police,-1.468203,53.441858,On or near St Mary'S Close,E01008135,Sheffield 005C,Criminal damage and arson,Investigation complete; no suspect identified,
b1f3cfd343b5132f8fc866319ece32fb1f6ca6a38350b6f813e62d6c99698d2b,2025-02,South Yorkshire Police,South Yorkshire Police,-1.468203,53.441858,On or near St Mary'S Close,E01008135,Sheffield 005C,Criminal damage and arson,Investigation complete; no suspect identified,
839c40177e7a22d36c95cb01c793a5a9471a1c92da3d0609202f557d07e0a3e9,2025-02,South Yorkshire Police,South Yorkshire Police,-1.453989,53.453758,On or near Smithy Wood Drive,E01008135,Sheffield 005C,Other theft,Investigation complete; no suspect identified,
7b6549a2225bbf73719eb2e6495be61d90fa833a316fc9addb069a3ff9f59694,2025-02,South Yorkshire Police,South Yorkshire Police,-1.457555,53.450207,On or near Further/Higher Educational Building,E01008135,Sheffield 005C,Other theft,Investigation complete; no suspect identified,
496b4970f1bb9e785ae8245fa819ec34f263b0ab8d6569549cab711e63b27e8f,2025-02,South Yorkshire Police,South Yorkshire Police,-1.468203,53.441858,On or near St Mary'S Close,E01008135,Sheffield 005C,Public order,Unable to prosecute suspect,
a1d928dbba7c0a2303d845d3cc702f60411bf717b810f8d83b66c94094f09da1,2025-02,South Yorkshire Police,South Yorkshire Police,-1.459621,53.444292,On or near Supermarket,E01008135,Sheffield 005C,Shoplifting,Investigation complete; no suspect identified,
efa0cf8e79d6dbcf3ef32bd1e0d57272029662c49c5476685d957026fd60e615,2025-02,South Yorkshire Police,South Yorkshire Police,-1.459621,53.444292,On or near Supermarket,E01008135,Sheffield 005C,Shoplifting,Investigation complete; no suspect identified,
2e6f8f5b978fa77338471922e64639be36595c28dda94541b8775affc00cfa0b,2025-02,South Yorkshire Police,South Yorkshire Police,-1.459621,53.444292,On or near Supermarket,E01008135,Sheffield 005C,Shoplifting,Status update unavailable,
4dbeab48c1e52aaa9985abd1c6a6faddfd2d856cb498146c7b8c14168c7a48f4,2025-02,South Yorkshire Police,South Yorkshire Police,-1.459621,53.444292,On or near Supermarket,E01008135,Sheffield 005C,Shoplifting,Investigation complete; no suspect identified,
309aab8676aee1b3837938812ee244763f79dbcbbb5f4c051ccde45b7d2f1526,2025-02,South Yorkshire Police,South Yorkshire Police,-1.459621,53.444292,On or near Supermarket,E01008135,Sheffield 005C,Shoplifting,Investigation complete; no suspect identified,
d05f25edc2e3159c60ffc0c0a5736f3ec806bcb02905924175bd56beb03497e8,2025-02,South Yorkshire Police,South Yorkshire Police,-1.459621,53.444292,On or near Supermarket,E01008135,Sheffield 005C,Shoplifting,Investigation complete; no suspect identified,
7cd19180262c2c5a20c7a35ab1f8a35700a716c28b0553b97b8e999daba49746,2025-02,South Yorkshire Police,South Yorkshire Police,-1.459621,53.444292,On or near Supermarket,E01008135,Sheffield 005C,Shoplifting,Investigation complete; no suspect identified,
2b1f3f9025fc129728a4fb19901841e7afdc64cb131a7abc34137f91645e0892,2025-02,South Yorkshire Police,South Yorkshire Police,-1.459621,53.444292,On or near Supermarket,E01008135,Sheffield 005C,Shoplifting,Investigation complete; no suspect identified,
ae502c3bff5963987ef944759112d5e08ba7bf9359aa49c7b3850387e8099f9c,2025-02,South Yorkshire Police,South Yorkshire Police,-1.459621,53.444292,On or near Supermarket,E01008135,Sheffield 005C,Shoplifting,Investigation complete; no suspect identified,
2e01e3e0fbb923879f8fa5fdca1e68470496c03501c893ee92b6a162112ff929,2025-02,South Yorkshire Police,South Yorkshire Police,-1.459621,53.444292,On or near Supermarket,E01008135,Sheffield 005C,Shoplifting,Investigation complete; no suspect identified,
1859800dc1ae65bc4e836c3eb65c3a04ef54b29e07d3bcb2c256b57576460e8f,2025-02,South Yorkshire Police,South Yorkshire Police,-1.459621,53.444292,On or near Supermarket,E01008135,Sheffield 005C,Shoplifting,Investigation complete; no suspect identified,
160ef42a20bab2c0ccb3a31ce214fbdffe0fe4b051318c74b1b4e435ef19a5a1,2025-02,South Yorkshire Police,South Yorkshire Police,-1.459621,53.444292,On or near Supermarket,E01008135,Sheffield 005C,Shoplifting,Investigation complete; no suspect identified,
07c3a150029480438495dfa150d84d13efab25d7ded9c64688a833570218fc37,2025-02,South Yorkshire Police,South Yorkshire Police,-1.459621,53.444292,On or near Supermarket,E01008135,Sheffield 005C,Shoplifting,Investigation complete; no suspect identified,
faedacf61fae78e3f512a6d4c9945142722c5be97b91f74c3e3fb3e8e0f863fd,2025-02,South Yorkshire Police,South Yorkshire Police,-1.459621,53.444292,On or near Supermarket,E01008135,Sheffield 005C,Shoplifting,Investigation complete; no suspect identified,
baa96a4949234fbe71e4424d15cc1f0bb796018271a98373b9897a9cb50964ad,2025-02,South Yorkshire Police,South Yorkshire Police,-1.459621,53.444292,On or near Supermarket,E01008135,Sheffield 005C,Shoplifting,Investigation complete; no suspect identified,
8052246cfcb5ffb9ab9b91e9ee1a918986fec965e5e18351ccdf83f3f299ad50,2025-02,South Yorkshire Police,South Yorkshire Police,-1.459621,53.444292,On or near Supermarket,E01008135,Sheffield 005C,Shoplifting,Investigation complete; no suspect identified,
19c84100dbe7fd163440c67ac30313f5aef89ef47019f69a56675a96b7fc0c75,2025-02,South Yorkshire Police,South Yorkshire Police,-1.459621,53.444292,On or near Supermarket,E01008135,Sheffield 005C,Shoplifting,Investigation complete; no suspect identified,
a8963c52b98a18db71e638e5050e0e2e36c137b26e4da757e6a21ce48477f831,2025-02,South Yorkshire Police,South Yorkshire Police,-1.459621,53.444292,On or near Supermarket,E01008135,Sheffield 005C,Shoplifting,Investigation complete; no suspect identified,
7231cb93b7ed776f09202a453c7bd2df63f299f7cec79d9db60d4476ae9df92d,2025-02,South Yorkshire Police,South Yorkshire Police,-1.459621,53.444292,On or near Supermarket,E01008135,Sheffield 005C,Shoplifting,Investigation complete; no suspect identified,
0806e040dfc72181d9c776e87ab2c6b70ad1787eac62c1235bb78dce0adfba75,2025-02,South Yorkshire Police,South Yorkshire Police,-1.463496,53.446242,On or near Whitley View,E01008135,Sheffield 005C,Vehicle crime,Investigation complete; no suspect identified,
55e7f225eaebf84da123fbd5020f94f16f157b3141de5556318840c40892d7fc,2025-02,South Yorkshire Police,South Yorkshire Police,-1.461833,53.445560,On or near Washington Road,E01008135,Sheffield 005C,Vehicle crime,Investigation complete; no suspect identified,
33fdeefa1d6531f7c221f0de2f1b79dc9d42c734e963a768b8bd9b0eec7719c5,2025-02,South Yorkshire Police,South Yorkshire Police,-1.461015,53.444801,On or near Ecclesfield Way,E01008135,Sheffield 005C,Vehicle crime,Investigation complete; no suspect identified,
f1989024eeaf52be9c3a1540a432ef9ae5d7f57b4fa5d17c7c228c16c5eb85bb,2025-02,South Yorkshire Police,South Yorkshire Police,-1.459621,53.444292,On or near Supermarket,E01008135,Sheffield 005C,Vehicle crime,Investigation complete; no suspect identified,
f9592f3aa2f522dc2d27bf6b21cdad1ca84ad7c92b1fe5ed657b36a1c6636531,2025-02,South Yorkshire Police,South Yorkshire Police,-1.468203,53.441858,On or near St Mary'S Close,E01008135,Sheffield 005C,Vehicle crime,Investigation complete; no suspect identified,
da52ee2c7c759da621f2cc0a66de6046ad0c9c834d76f6382f0b8ba26a2739b2,2025-02,South Yorkshire Police,South Yorkshire Police,-1.461440,53.443302,On or near Linden Court,E01008135,Sheffield 005C,Vehicle crime,Investigation complete; no suspect identified,
99cd9b965cb0eeb6acdc95574d893c83b8a53b892fca1ee0c2ea469c64e4cd1f,2025-02,South Yorkshire Police,South Yorkshire Police,-1.453989,53.453758,On or near Smithy Wood Drive,E01008135,Sheffield 005C,Vehicle crime,Investigation complete; no suspect identified,
,2025-02,South Yorkshire Police,South Yorkshire Police,-1.482386,53.441723,On or near Cinder Hill Lane,E01008137,Sheffield 005D,Anti-social behaviour,,
,2025-02,South Yorkshire Police,South Yorkshire Police,-1.488736,53.438227,On or near Creswick Lane,E01008137,Sheffield 005D,Anti-social behaviour,,
aa6c54c341765dd8fdeeb307b225d8ccb7a4c75608bc584af472ddfd93d1bb26,2025-02,South Yorkshire Police,South Yorkshire Police,-1.496116,53.441710,On or near Penistone Road,E01008137,Sheffield 005D,Criminal damage and arson,Investigation complete; no suspect identified,
e2c7237fc0cadaf8333c90b2da39f3e881e131b780ba6c92ed404c704c91e99c,2025-02,South Yorkshire Police,South Yorkshire Police,-1.480239,53.441282,On or near The Wheel,E01008137,Sheffield 005D,Criminal damage and arson,Investigation complete; no suspect identified,
6d416ee974f2b16794bea7eee216839972c0d5fba7d1f4bd67338cb06793e463,2025-02,South Yorkshire Police,South Yorkshire Police,-1.496116,53.441710,On or near Penistone Road,E01008137,Sheffield 005D,Criminal damage and arson,Investigation complete; no suspect identified,
754211df14ae70ff45fee66ba183b0e1a7cc406dee3a124a6c9d01b1f3370390,2025-02,South Yorkshire Police,South Yorkshire Police,-1.493092,53.440268,On or near Grenobank Road,E01008137,Sheffield 005D,Violence and sexual offences,Unable to prosecute suspect,
,2025-02,South Yorkshire Police,South Yorkshire Police,-1.502724,53.440506,On or near Vicarage Close,E01008141,Sheffield 005E,Anti-social behaviour,,
9bdd58b93692f36dffc32034105ca27e1e6e81d8485f5a9d9654368b098489ab,2025-02,South Yorkshire Police,South Yorkshire Police,-1.503941,53.436790,On or near Skew Hill,E01008141,Sheffield 005E,Criminal damage and arson,Unable to prosecute suspect,
82e83af1b22e69a5df7a18d66e3bce62c139f3d03960840a8d5d4137dc661e98,2025-02,South Yorkshire Police,South Yorkshire Police,-1.501855,53.438875,On or near Vicarage Road,E01008141,Sheffield 005E,Violence and sexual offences,Unable to prosecute suspect,
c6a68cf30be5e59d3b6b2122270216454bca7d2ff5990377cfdef0366f6e9731,2025-02,South Yorkshire Police,South Yorkshire Police,-1.464418,53.435181,On or near Tunwell Drive,E01008053,Sheffield 006A,Burglary,Investigation complete; no suspect identified,
f6536eb382be228485654b804ef582c569d382643a04efc49af863b30d3a58e6,2025-02,South Yorkshire Police,South Yorkshire Police,-1.462039,53.429220,On or near Colley Drive,E01008053,Sheffield 006A,Other theft,Investigation complete; no suspect identified,
d1e41a3ab59e858bccd9caa98e43d84791d67581920d1fa4fc7992447088df19,2025-02,South Yorkshire Police,South Yorkshire Police,-1.466809,53.434131,On or near Wheata Drive,E01008053,Sheffield 006A,Violence and sexual offences,Unable to prosecute suspect,
831c93280dbafb1d0027a0eb0f42d3bd7e6e10a73bb33884379fb8ea6d3c8e19,2025-02,South Yorkshire Police,South Yorkshire Police,-1.462039,53.429220,On or near Colley Drive,E01008053,Sheffield 006A,Violence and sexual offences,Unable to prosecute suspect,
,2025-02,South Yorkshire Police,South Yorkshire Police,-1.469770,53.433236,On or near Wheata Place,E01008056,Sheffield 006B,Anti-social behaviour,,
,2025-02,South Yorkshire Police,South Yorkshire Police,-1.469770,53.433236,On or near Wheata Place,E01008056,Sheffield 006B,Anti-social behaviour,,
14c8fa94805438e6ce1c4b508b49b0006ab6a23d6048f10cac1bf30cf12e6c9a,2025-02,South Yorkshire Police,South Yorkshire Police,-1.462281,53.430380,On or near Martin Crescent,E01008056,Sheffield 006B,Burglary,Investigation complete; no suspect identified,
23566e6f429b2f049fee6820f8827bfba01c94d80a4832ba3e7737b85a2a05bc,2025-02,South Yorkshire Police,South Yorkshire Police,-1.466553,53.431766,On or near Rokeby Drive,E01008056,Sheffield 006B,Burglary,Investigation complete; no suspect identified,
bcb54ee0e9e0ca0cad8167607fce28d07c7d675ee9712991fc6bc2e5a4cd7a9f,2025-02,South Yorkshire Police,South Yorkshire Police,-1.469770,53.433236,On or near Wheata Place,E01008056,Sheffield 006B,Criminal damage and arson,Investigation complete; no suspect identified,
82ea8277c4f974c91f8a9a6c4ece681fe9e15b872105d46a2858b1b2486539bc,2025-02,South Yorkshire Police,South Yorkshire Police,-1.462281,53.430380,On or near Martin Crescent,E01008056,Sheffield 006B,Criminal damage and arson,Investigation complete; no suspect identified,
22ab936bf886e624a8c200d60c6bf84c715d9bd4555813a853b41ee00d6500d0,2025-02,South Yorkshire Police,South Yorkshire Police,-1.469770,53.433236,On or near Wheata Place,E01008056,Sheffield 006B,Criminal damage and arson,Investigation complete; no suspect identified,
8890c440711b80bd61e280b76777e631d0dd0b942a664fd8ea2cc3950062eb76,2025-02,South Yorkshire Police,South Yorkshire Police,-1.469770,53.433236,On or near Wheata Place,E01008056,Sheffield 006B,Criminal damage and arson,Unable to prosecute suspect,
d78a74e3da7786ff6684001b9e0317d1b367793643e14eea71009c8ba68797bd,2025-02,South Yorkshire Police,South Yorkshire Police,-1.462281,53.430380,On or near Martin Crescent,E01008056,Sheffield 006B,Robbery,Unable to prosecute suspect,
f8b6c7018ce3f94a62af6d92821f309c07c55c5714c3180441c80a5357d7f2d2,2025-02,South Yorkshire Police,South Yorkshire Police,-1.473483,53.431185,On or near Turie Crescent,E01008056,Sheffield 006B,Vehicle crime,Investigation complete; no suspect identified,
2aa2fb48aaf4faf73ad1e9ce125460570176dc79a518ad0e82ab8d2984c68283,2025-02,South Yorkshire Police,South Yorkshire Police,-1.469770,53.433236,On or near Wheata Place,E01008056,Sheffield 006B,Violence and sexual offences,Unable to prosecute suspect,
354ff171c0c2307c3e88832f1810858d41c8d441842b273eb70f229ac5b7d880,2025-02,South Yorkshire Police,South Yorkshire Police,-1.469770,53.433236,On or near Wheata Place,E01008056,Sheffield 006B,Violence and sexual offences,Unable to prosecute suspect,
f190cf36c1534eb73f9da493f8f9c1db350af6bbab43aa1c287f3876abad894b,2025-02,South Yorkshire Police,South Yorkshire Police,-1.462281,53.430380,On or near Martin Crescent,E01008056,Sheffield 006B,Violence and sexual offences,Unable to prosecute suspect,
52b9b2e9413b626ad736eab5cf61fc36388c02f196271ba08ae8a3fb1ecd033a,2025-02,South Yorkshire Police,South Yorkshire Police,-1.469770,53.433236,On or near Wheata Place,E01008056,Sheffield 006B,Violence and sexual offences,Unable to prosecute suspect,
72f1907ee0bd2d5a54b305c6624ab70287e625e4c4ac9ffce5bb2968f8b17fff,2025-02,South Yorkshire Police,South Yorkshire Police,-1.469770,53.433236,On or near Wheata Place,E01008056,Sheffield 006B,Violence and sexual offences,Unable to prosecute suspect,
,2025-02,South Yorkshire Police,South Yorkshire Police,-1.458654,53.431487,On or near High Greave,E01008058,Sheffield 006C,Anti-social behaviour,,
dd5580f45517b586b8183394aa5ac7152d156d89eebb9540cb72a302260feaa9,2025-02,South Yorkshire Police,South Yorkshire Police,-1.472949,53.435461,On or near Britland Close,E01008058,Sheffield 006C,Possession of weapons,Unable to prosecute suspect,
28cba2b1b663eb27e0fb31b5a377ee5d588a8e7eda4aca3bf6d430e896eed6bb,2025-02,South Yorkshire Police,South Yorkshire Police,-1.458654,53.431487,On or near High Greave,E01008058,Sheffield 006C,Public order,Unable to prosecute suspect,
536c280da3ff5cfd3b0e6684a8b15d4a4b7b7443b68d95dde08a44b226c829cf,2025-02,South Yorkshire Police,South Yorkshire Police,-1.460586,53.433501,On or near Tunwell Greave,E01008058,Sheffield 006C,Public order,Investigation complete; no suspect identified,
25436f5b32e0d649305ce44b586a8e3fe9b26c1a4608735a469bce6a7bdc3e6b,2025-02,South Yorkshire Police,South Yorkshire Police,-1.458503,53.436323,On or near Cross Hill,E01008058,Sheffield 006C,Vehicle crime,Investigation complete; no suspect identified,
8a32b210fe57f00e6f649edef1c889d8270d5c15d908736805d2a4ade5d37d8e,2025-02,South Yorkshire Police,South Yorkshire Police,-1.461815,53.437434,On or near St Michael'S Close,E01008058,Sheffield 006C,Vehicle crime,Investigation complete; no suspect identified,
a272ee2e1db173d72b6b21d19d4b80284dc08952f010c9a7724c500dd1d965e9,2025-02,South Yorkshire Police,South Yorkshire Police,-1.458654,53.431487,On or near High Greave,E01008058,Sheffield 006C,Violence and sexual offences,Investigation complete; no suspect identified,
5895a84444bea83cd6a287d2b15f992660313365a5d77498a66ab9b903badcf4,2025-02,South Yorkshire Police,South Yorkshire Police,-1.467092,53.436802,On or near Tyas Road,E01008058,Sheffield 006C,Violence and sexual offences,Unable to prosecute suspect,
c0af8cae4126c359fa58a8e96c538f5a76ecb82d38b1201310fb8ca523140b76,2025-02,South Yorkshire Police,South Yorkshire Police,-1.460586,53.433501,On or near Tunwell Greave,E01008058,Sheffield 006C,Violence and sexual offences,Unable to prosecute suspect,
f58897161b20863cebc8a09593a1f7e8315cd37396015092fb334b6765eb7253,2025-02,South Yorkshire Police,South Yorkshire Police,-1.466535,53.439952,On or near Theatre/Concert Hall,E01008138,Sheffield 006D,Criminal damage and arson,Investigation complete; no suspect identified,
a3a7f5a8c83c958a3f48b0e38bd5b460c17085134d7b2eae1621058c55894d36,2025-02,South Yorkshire Police,South Yorkshire Police,-1.462296,53.439872,On or near Hilton Drive,E01008138,Sheffield 006D,Robbery,Unable to prosecute suspect,
5e917d04e2908b631930227b7021066d4ee553348042633116afeba915e6a326,2025-02,South Yorkshire Police,South Yorkshire Police,-1.463619,53.438872,On or near Supermarket,E01008138,Sheffield 006D,Shoplifting,Investigation complete; no suspect identified,
150d7609085c54c28697b981cbeb2d84919cf44c7ecd78459e950e53ae15139e,2025-02,South Yorkshire Police,South Yorkshire Police,-1.468940,53.440729,On or near Reneville Crescent,E01008138,Sheffield 006D,Violence and sexual offences,Unable to prosecute suspect,
cdafc44627117a21827ca53defc69523dfdcd51fd3b8a89a270ea4f569e2ec2b,2025-02,South Yorkshire Police,South Yorkshire Police,-1.464278,53.439135,On or near High Street,E01008139,Sheffield 006E,Criminal damage and arson,Investigation complete; no suspect identified,
e09dd285464c2d206a3cc7e04332df9e2f88cfec21cef68e397127373fa74597,2025-02,South Yorkshire Police,South Yorkshire Police,-1.471083,53.437817,On or near Brailsford Avenue,E01008139,Sheffield 006E,Vehicle crime,Investigation complete; no suspect identified,
fdf84986e6e20dcc6588d88813a0e32d1e4bbac2c7ab6921b5bc8958017d62ba,2025-02,South Yorkshire Police,South Yorkshire Police,-1.465613,53.439510,On or near Hanwell Close,E01008139,Sheffield 006E,Vehicle crime,Investigation complete; no suspect identified,
f47b08313311fc1199e158381d9a301bfdc3769782b9cc8fdebb949f66f3c9ca,2025-02,South Yorkshire Police,South Yorkshire Police,-1.460868,53.439722,On or near Nursery Drive,E01008139,Sheffield 006E,Violence and sexual offences,Local resolution,
f6349f05d8990cbadce1b1a515b98c2d862accfa254a8045e4baf228b08832c6,2025-02,South Yorkshire Police,South Yorkshire Police,-1.464278,53.439135,On or near High Street,E01008139,Sheffield 006E,Violence and sexual offences,Local resolution,
19ec50bb59f79d207e74a2b8f69693a9395cd0abc870cedfc9f133568b636b8f,2025-02,South Yorkshire Police,South Yorkshire Police,-1.472959,53.437097,On or near Butchill Avenue,E01008139,Sheffield 006E,Violence and sexual offences,Unable to prosecute suspect,
f80afe3bcaccf786ba38f429669964b356c45090849484a37bfca18a9586d7cc,2025-02,South Yorkshire Police,South Yorkshire Police,-1.464278,53.439135,On or near High Street,E01008139,Sheffield 006E,Violence and sexual offences,Unable to prosecute suspect,
,2025-02,South Yorkshire Police,South Yorkshire Police,-1.438259,53.433892,On or near Woolley Wood Road,E01007856,Sheffield 007A,Anti-social behaviour,,
,2025-02,South Yorkshire Police,South Yorkshire Police,-1.438259,53.433892,On or near Woolley Wood Road,E01007856,Sheffield 007A,Anti-social behaviour,,
,2025-02,South Yorkshire Police,South Yorkshire Police,-1.438259,53.433892,On or near Woolley Wood Road,E01007856,Sheffield 007A,Anti-social behaviour,,
,2025-02,South Yorkshire Police,South Yorkshire Police,-1.433874,53.437602,On or near Grange Mill Lane,E01007856,Sheffield 007A,Anti-social behaviour,,
e25be6cb220819821bf0a39abc9800226d92cf314bb0c40ff51c77bcff0b89c0,2025-02,South Yorkshire Police,South Yorkshire Police,-1.438259,53.433892,On or near Woolley Wood Road,E01007856,Sheffield 007A,Criminal damage and arson,Investigation complete; no suspect identified,
33b8bba6d91ca3514f89deea35294a8f5dd91a4ea25eb308958a5db04a7adf9e,2025-02,South Yorkshire Police,South Yorkshire Police,-1.436295,53.432121,On or near Keppel Road,E01007856,Sheffield 007A,Drugs,Investigation complete; no suspect identified,
08c8bfa753d15fcb1cbc6f1cbdc525ed32549a13ec4e920450c79a940392890a,2025-02,South Yorkshire Police,South Yorkshire Police,-1.439335,53.434455,On or near The Ravine,E01007856,Sheffield 007A,Vehicle crime,Investigation complete; no suspect identified,
,2025-02,South Yorkshire Police,South Yorkshire Police,-1.440998,53.432736,On or near Lowhouse Road,E01008054,Sheffield 007B,Anti-social behaviour,,
,2025-02,South Yorkshire Police,South Yorkshire Police,-1.440852,53.431235,On or near Supermarket,E01008054,Sheffield 007B,Anti-social behaviour,,
,2025-02,South Yorkshire Police,South Yorkshire Police,-1.440998,53.432736,On or near Lowhouse Road,E01008054,Sheffield 007B,Anti-social behaviour,,
0252503400aad3757d2de0b159589742e19b6781d2da2f387f81f3d1931ae4c6,2025-02,South Yorkshire Police,South Yorkshire Police,-1.440998,53.432736,On or near Lowhouse Road,E01008054,Sheffield 007B,Other theft,Investigation complete; no suspect identified,
a89020b37a2b3ca0dc57cffabec03e3c85c0961f0411634fd92a90f1672f30e0,2025-02,South Yorkshire Police,South Yorkshire Police,-1.440998,53.432736,On or near Lowhouse Road,E01008054,Sheffield 007B,Other theft,Investigation complete; no suspect identified,
0f5a51e1345ff8f771a6cb8a80d7934e8e0074cc9009b7943385541928f92f32,2025-02,South Yorkshire Police,South Yorkshire Police,-1.440852,53.431235,On or near Supermarket,E01008054,Sheffield 007B,Violence and sexual offences,Unable to prosecute suspect,
892f9d08dc94cef2517749e35ca0c61546425bbb536fddfb0e6f8903968cad0d,2025-02,South Yorkshire Police,South Yorkshire Police,-1.440852,53.431235,On or near Supermarket,E01008054,Sheffield 007B,Violence and sexual offences,Unable to prosecute suspect,
,2025-02,South Yorkshire Police,South Yorkshire Police,-1.442655,53.436115,On or near Butterthwaite Crescent,E01008055,Sheffield 007C,Anti-social behaviour,,
2fe759b8d996dfb4d6b44c41f223af09ba7ac6d31481cb3dac74938f1e948fbb,2025-02,South Yorkshire Police,South Yorkshire Police,-1.439107,53.436916,On or near B6086,E01008055,Sheffield 007C,Burglary,Investigation complete; no suspect identified,
1aff4cb838d2aa20ba36976acc7abbd487ca94c4b517a1a9a444d0e4949ddc69,2025-02,South Yorkshire Police,South Yorkshire Police,-1.442615,53.436852,On or near Paper Mill Road,E01008055,Sheffield 007C,Criminal damage and arson,Investigation complete; no suspect identified,
93d41bf0c93e51be83d3a56adb7f1820d8cb4ea1fdc77489280b55ade09faa30,2025-02,South Yorkshire Police,South Yorkshire Police,-1.442615,53.436852,On or near Paper Mill Road,E01008055,Sheffield 007C,Vehicle crime,Investigation complete; no suspect identified,
427a362e24c4f7ad3978f9f60328de9762132b2219317213d39c2445fac11741,2025-02,South Yorkshire Police,South Yorkshire Police,-1.442302,53.435475,On or near Beck Close,E01008055,Sheffield 007C,Violence and sexual offences,Unable to prosecute suspect,
4ae58934f4c00aaed1e71d27a1cc6104d2e5155fa2c9e82eb9dbd137ce891d10,2025-02,South Yorkshire Police,South Yorkshire Police,-1.448451,53.437238,On or near Butterthwaite Road,E01008055,Sheffield 007C,Violence and sexual offences,Unable to prosecute suspect,
0208db0e01ad222af94b7000d59600e00f50cec74744bc39f62483972c9a5f6b,2025-02,South Yorkshire Police,South Yorkshire Police,-1.442615,53.436852,On or near Paper Mill Road,E01008055,Sheffield 007C,Violence and sexual offences,Further investigation is not in the public interest,
a2f25d5036e0eac10ef7a7c5a19d527dd8f35399f2ef90baf8fd4bea647e4df5,2025-02,South Yorkshire Police,South Yorkshire Police,-1.442615,53.436852,On or near Paper Mill Road,E01008055,Sheffield 007C,Violence and sexual offences,Investigation complete; no suspect identified,
069d800c2164a35457a5d60ee02129ed1614b66e9ef6bae420584db23ffcac8d,2025-02,South Yorkshire Police,South Yorkshire Police,-1.442615,53.436852,On or near Paper Mill Road,E01008055,Sheffield 007C,Violence and sexual offences,Status update unavailable,
07e85e59522a5f89509d8888c7e01c39e7d19085d3b218d4bdd7af831b36f64a,2025-02,South Yorkshire Police,South Yorkshire Police,-1.447987,53.437003,On or near Dunninc Terrace,E01008055,Sheffield 007C,Violence and sexual offences,Unable to prosecute suspect,
4822c6e4ffc30d33067dcded7aa05380b6396c5e4178c0cb9501dc1652f4f1fa,2025-02,South Yorkshire Police,South Yorkshire Police,-1.442615,53.436852,On or near Paper Mill Road,E01008055,Sheffield 007C,Violence and sexual offences,Investigation complete; no suspect identified,
3d53aacd885be628ff829ca0e0355d1588fd18b89d9dc3bcc2725860efdabfbd,2025-02,South Yorkshire Police,South Yorkshire Police,-1.448451,53.437238,On or near Butterthwaite Road,E01008055,Sheffield 007C,Violence and sexual offences,Unable to prosecute suspect,
7f6fd59d40e23e00f32218732c831deac2004e92871f05d62c431284ab85f3a8,2025-02,South Yorkshire Police,South Yorkshire Police,-1.442302,53.435475,On or near Beck Close,E01008055,Sheffield 007C,Other crime,Status update unavailable,
9c571e8b79ae094784e12b7461edbd4a10a0858749c3c68d822b6cd870c7c441,2025-02,South Yorkshire Police,South Yorkshire Police,-1.439107,53.436916,On or near B6086,E01008055,Sheffield 007C,Other crime,Awaiting court outcome,
5f3670058cbba5d118ec16d030b7dc2c931edff7d01ad9b49a4da4f4439f2fb4,2025-02,South Yorkshire Police,South Yorkshire Police,-1.453699,53.435321,On or near Godric Road,E01008057,Sheffield 007D,Criminal damage and arson,Investigation complete; no suspect identified,
899a3134592e02790672f2c7606028424d38bebafae951265213091524260c65,2025-02,South Yorkshire Police,South Yorkshire Police,-1.451295,53.433818,On or near Perkyn Road,E01008057,Sheffield 007D,Possession of weapons,Unable to prosecute suspect,
d11b6c4cd443c28312cc642dfa90f6c79a7dfca1f3689520f9801fb899921062,2025-02,South Yorkshire Police,South Yorkshire Police,-1.451295,53.433818,On or near Perkyn Road,E01008057,Sheffield 007D,Possession of weapons,Unable to prosecute suspect,
ceda4fac16e19d14b3f35bbe022833c3c575d01c8cb5f11a45c9d2003f1e7ab4,2025-02,South Yorkshire Police,South Yorkshire Police,-1.453699,53.435321,On or near Godric Road,E01008057,Sheffield 007D,Violence and sexual offences,Unable to prosecute suspect,
d0541ae40887f3d46be7665fb12b0f5a3a8566441160628ff2e5f7661b2f88bc,2025-02,South Yorkshire Police,South Yorkshire Police,-1.451330,53.434546,On or near Perkyn Terrace,E01008057,Sheffield 007D,Violence and sexual offences,Unable to prosecute suspect,
679d29f01b8558e17ab87d0b45646a84a0feaca31bd6b2cf797f5a7bd147ab04,2025-02,South Yorkshire Police,South Yorkshire Police,-1.445892,53.436040,On or near Westnall Road,E01008057,Sheffield 007D,Violence and sexual offences,Unable to prosecute suspect,
6f391dd888e187d1dbf4e4c931ac0c73c9e3a64f62b6d2e4563e21485cbd4f6c,2025-02,South Yorkshire Police,South Yorkshire Police,-1.451295,53.433818,On or near Perkyn Road,E01008057,Sheffield 007D,Violence and sexual offences,Unable to prosecute suspect,
82bd5fb87dd0ae0f749e979c66640f99253e2e84b7d4596175d557f9f1efc357,2025-02,South Yorkshire Police,South Yorkshire Police,-1.451018,53.431920,On or near Hartley Brook Road,E01008057,Sheffield 007D,Other crime,Unable to prosecute suspect,
,2025-02,South Yorkshire Police,South Yorkshire Police,-1.541227,53.424238,On or near Top Road,E01008126,Sheffield 008A,Anti-social behaviour,,
593bfcd16abe7f98786afe7ce97804f11a0602f42a26c809b307d38b7858b2e5,2025-02,South Yorkshire Police,South Yorkshire Police,-1.543644,53.424813,On or near Briarfields Lane,E01008126,Sheffield 008A,Public order,Further action is not in the public interest,
f4c571ab640c05838ed37627436e329d3cc9b5ef9a352fc7cf0d079b2d9612ce,2025-02,South Yorkshire Police,South Yorkshire Police,-1.543078,53.431301,On or near Hillcrest Drive,E01008126,Sheffield 008A,Violence and sexual offences,Unable to prosecute suspect,
948fa1af3ea14db875b0a6a318c475168dd9dd714cafe362da077baebb94a988,2025-02,South Yorkshire Police,South Yorkshire Police,-1.545867,53.432201,On or near Hollin Road,E01008126,Sheffield 008A,Other crime,Investigation complete; no suspect identified,
,2025-02,South Yorkshire Police,South Yorkshire Police,-1.650124,53.491220,On or near Midhope Hall Lane,E01008128,Sheffield 008C,Anti-social behaviour,,
,2025-02,South Yorkshire Police,South Yorkshire Police,-1.649837,53.401603,On or near Sugworth Road,E01008128,Sheffield 008C,Anti-social behaviour,,
,2025-02,South Yorkshire Police,South Yorkshire Police,-1.643627,53.421225,On or near Hall Lane,E01008128,Sheffield 008C,Anti-social behaviour,,
,2025-02,South Yorkshire Police,South Yorkshire Police,-1.628799,53.423625,On or near Dale Road,E01008128,Sheffield 008C,Anti-social behaviour,,
e0488295d291570aa99e7cb754a31e468ac5fbd50be9a083c6afff61a1496fea,2025-02,South Yorkshire Police,South Yorkshire Police,-1.563139,53.451978,On or near Town Field Lane,E01008128,Sheffield 008C,Criminal damage and arson,Investigation complete; no suspect identified,
964aa21c19e9609653cbdf772ef8009af43d5578d10d5db8a8a45fad210c6306,2025-02,South Yorkshire Police,South Yorkshire Police,-1.598078,53.429287,On or near Brown House Lane,E01008128,Sheffield 008C,Public order,Unable to prosecute suspect,
8c17cff82247d2ffdf51046615bfaf76c01cd24c0f7d77300c29f360178faf73,2025-02,South Yorkshire Police,South Yorkshire Police,-1.628799,53.423625,On or near Dale Road,E01008128,Sheffield 008C,Public order,Unable to prosecute suspect,
4d07a5eeb813043bda19a87a536678c1568f4308cf0d88133f8e8fabc8d569ef,2025-02,South Yorkshire Police,South Yorkshire Police,-1.598078,53.429287,On or near Brown House Lane,E01008128,Sheffield 008C,Violence and sexual offences,Unable to prosecute suspect,
eff28809f305911bcb1068e70e60e4b5506a9043abcef2f950926e97b99be34b,2025-02,South Yorkshire Police,South Yorkshire Police,-1.554625,53.449672,On or near Dixon Drive,E01008136,Sheffield 008D,Bicycle theft,Awaiting court outcome,
15cbb26aaf5fec4bc5cba3fb76c333504b6b738ac22f9fc88e63704c021ee0d1,2025-02,South Yorkshire Police,South Yorkshire Police,-1.554625,53.449672,On or near Dixon Drive,E01008136,Sheffield 008D,Burglary,Investigation complete; no suspect identified,
52ad1781231eea3e31e50234dcf0e764fb7204ef99caf0f0641a4ed130639d71,2025-02,South Yorkshire Police,South Yorkshire Police,-1.553371,53.451555,On or near Wharncliffe Avenue,E01008136,Sheffield 008D,Other theft,Investigation complete; no suspect identified,
48de3d836ad1b6d2006bfe27a1cf0fee3fceee7105336ca78e7c8e8c521cbe85,2025-02,South Yorkshire Police,South Yorkshire Police,-1.548959,53.442999,On or near Langsett Road North,E01008136,Sheffield 008D,Public order,Unable to prosecute suspect,
f1214f53fce9c707e94af2e1e9674c2e8e93d2f885c5c0bea22cc9c0f65fa4e1,2025-02,South Yorkshire Police,South Yorkshire Police,-1.554510,53.452089,On or near Broom Royd,E01008136,Sheffield 008D,Vehicle crime,Investigation complete; no suspect identified,
bf8acdddbf56929712390a4620987412f97c8e170106b2ddd4ea033efff9bcee,2025-02,South Yorkshire Police,South Yorkshire Police,-1.554510,53.452089,On or near Broom Royd,E01008136,Sheffield 008D,Violence and sexual offences,Action to be taken by another organisation,
fe3db07bab714ed0f8ede599ec68e2f653ed12ea43830e7ef33307e3308523ff,2025-02,South Yorkshire Police,South Yorkshire Police,-1.553371,53.451555,On or near Wharncliffe Avenue,E01008136,Sheffield 008D,Violence and sexual offences,Unable to prosecute suspect,
bf5e2c27d0f32de0bc3ad09ccac2c8bba24cd6df35979d1af2d14f5e46bf509a,2025-02,South Yorkshire Police,South Yorkshire Police,-1.554510,53.452089,On or near Broom Royd,E01008136,Sheffield 008D,Violence and sexual offences,Status update unavailable,
44e87aaba478363e7b770a8cf8696bd2783f66d1b43edafcdb30d748206445ab,2025-02,South Yorkshire Police,South Yorkshire Police,-1.554510,53.452089,On or near Broom Royd,E01008136,Sheffield 008D,Violence and sexual offences,Status update unavailable,
2b63109876a1293ac150e3574535d441a690f6e3adeb20b2061482c17e6b0a27,2025-02,South Yorkshire Police,South Yorkshire Police,-1.553371,53.451555,On or near Wharncliffe Avenue,E01008136,Sheffield 008D,Violence and sexual offences,Unable to prosecute suspect,
4823985bcf383468e123edebe099ba2b05843690742be8ba75ac19b5f765fbb1,2025-02,South Yorkshire Police,South Yorkshire Police,-1.552671,53.446528,On or near Old School Croft,E01008136,Sheffield 008D,Violence and sexual offences,Status update unavailable,
31e7216b3cab7fc23f47877336873cb55e11fa85170bc7a6f119d55254ce6d07,2025-02,South Yorkshire Police,South Yorkshire Police,-1.548959,53.442999,On or near Langsett Road North,E01008136,Sheffield 008D,Violence and sexual offences,Investigation complete; no suspect identified,
,2025-02,South Yorkshire Police,South Yorkshire Police,-1.539580,53.435997,On or near Bridge Hill,E01008140,Sheffield 008E,Anti-social behaviour,,
4def206afe3e160f8604f5a4bb7c58d8c395133f85985bcc3d9d2d6245a7d444,2025-02,South Yorkshire Police,South Yorkshire Police,-1.537625,53.434435,On or near Chestnut Court,E01008140,Sheffield 008E,Bicycle theft,Investigation complete; no suspect identified,
ce96a19e3b4b102b3b7e211ecb479c41bcf0a55b7901bca8249cd34499995eb1,2025-02,South Yorkshire Police,South Yorkshire Police,-1.537625,53.434435,On or near Chestnut Court,E01008140,Sheffield 008E,Public order,Unable to prosecute suspect,
5975871163c8fa545b37beda0c3ecdb68f9416624ec5a06d0ad2c7593d5909a8,2025-02,South Yorkshire Police,South Yorkshire Police,-1.543832,53.433955,On or near Poplar Road,E01008140,Sheffield 008E,Violence and sexual offences,Unable to prosecute suspect,
e2bcf376a5f1c10f4a1fb12072d2808ebe0811dbc464eca61ece4e295f130833,2025-02,South Yorkshire Police,South Yorkshire Police,-1.543832,53.433955,On or near Poplar Road,E01008140,Sheffield 008E,Violence and sexual offences,Unable to prosecute suspect,
9a3a523cd31a63db4cbfb302e6a233f8e49769b240998c5413bbcd3ca532cdb1,2025-02,South Yorkshire Police,South Yorkshire Police,-1.543832,53.433955,On or near Poplar Road,E01008140,Sheffield 008E,Violence and sexual offences,Unable to prosecute suspect,
db63e1b9b1f7b76972e02e5cfe40224570ecaa9a7dcebeae3d31fc3af4dcd173,2025-02,South Yorkshire Police,South Yorkshire Police,-1.520898,53.414765,On or near Dykewood Drive,E01033275,Sheffield 008F,Violence and sexual offences,Unable to prosecute suspect,
0782beedf1af9c4cad3f865dd96513965b227de8db8f60597d79d5787e86dfed,2025-02,South Yorkshire Police,South Yorkshire Police,-1.519441,53.415909,On or near Queenswood Close,E01033275,Sheffield 008F,Other crime,Investigation complete; no suspect identified,
,2025-02,South Yorkshire Police,South Yorkshire Police,-1.536323,53.432371,On or near Clough Wood View,E01033280,Sheffield 008G,Anti-social behaviour,,
,2025-02,South Yorkshire Police,South Yorkshire Police,-1.537768,53.435109,On or near Low Road,E01033280,Sheffield 008G,Anti-social behaviour,,
,2025-02,South Yorkshire Police,South Yorkshire Police,-1.533301,53.432045,On or near Langsett Road South,E01033280,Sheffield 008G,Anti-social behaviour,,
b17a4c881a59734729224f9d4e2c77f55fee3d0a8e35ff076d13a8af6877b2fc,2025-02,South Yorkshire Police,South Yorkshire Police,-1.535845,53.436154,On or near Station Lane,E01033280,Sheffield 008G,Criminal damage and arson,Unable to prosecute suspect,
ff2dcf0fbe09c94eb25cec7ac86e86260e1cefe1947200df1f732b1e93054f70,2025-02,South Yorkshire Police,South Yorkshire Police,-1.520550,53.421586,On or near Forest Close,E01033280,Sheffield 008G,Other theft,Investigation complete; no suspect identified,
0941c4110aabc2e387b33f133f504220dcabba10931f469c77d9f6cff720b889,2025-02,South Yorkshire Police,South Yorkshire Police,-1.527980,53.436842,On or near Fairholme Heights,E01033280,Sheffield 008G,Public order,Investigation complete; no suspect identified,
1fa9b3f524413697c1268970505da29fe18b5ace5f96613e2b42a2e867b467b5,2025-02,South Yorkshire Police,South Yorkshire Police,-1.535845,53.436154,On or near Station Lane,E01033280,Sheffield 008G,Violence and sexual offences,Unable to prosecute suspect,
8f59716e36f4d333f23c9653a52dac6cfa7fc3f1386eb08149a9a22c6a205dcd,2025-02,South Yorkshire Police,South Yorkshire Police,-1.520550,53.421586,On or near Forest Close,E01033280,Sheffield 008G,Violence and sexual offences,Unable to prosecute suspect,
c38fb0895e8add1a8bbd21a465af32cbf5210ee3496b4a9e8e1d78a6471403cf,2025-02,South Yorkshire Police,South Yorkshire Police,-1.520550,53.421586,On or near Forest Close,E01033280,Sheffield 008G,Violence and sexual offences,Awaiting court outcome,
2041f515c830a8d399ca0c806660bd58f5015587dc300d0d535dfa6fe7694685,2025-02,South Yorkshire Police,South Yorkshire Police,-1.537768,53.435109,On or near Low Road,E01033280,Sheffield 008G,Violence and sexual offences,Unable to prosecute suspect,
,2025-02,South Yorkshire Police,South Yorkshire Police,-1.497359,53.430740,On or near Carrill Road,E01008085,Sheffield 009A,Anti-social behaviour,,
,2025-02,South Yorkshire Police,South Yorkshire Police,-1.497359,53.430740,On or near Carrill Road,E01008085,Sheffield 009A,Anti-social behaviour,,
,2025-02,South Yorkshire Police,South Yorkshire Police,-1.496511,53.429954,On or near Keats Road,E01008085,Sheffield 009A,Anti-social behaviour,,
,2025-02,South Yorkshire Police,South Yorkshire Police,-1.497359,53.430740,On or near Carrill Road,E01008085,Sheffield 009A,Anti-social behaviour,,
35801ee51439e26b6181979bc42582d5fcf553ee2bac540427085276096bf9cb,2025-02,South Yorkshire Police,South Yorkshire Police,-1.497359,53.430740,On or near Carrill Road,E01008085,Sheffield 009A,Criminal damage and arson,Unable to prosecute suspect,
48f61d73b486e5d6b41105806ed887f6b340716c71af7680f91993ad87377189,2025-02,South Yorkshire Police,South Yorkshire Police,-1.494821,53.431547,On or near Owen Close,E01008085,Sheffield 009A,Criminal damage and arson,Investigation complete; no suspect identified,
c8850d3282cb9b7306456d8e2eafbfffd78436b6708c9a6c7a0851b7efe0f77c,2025-02,South Yorkshire Police,South Yorkshire Police,-1.497359,53.430740,On or near Carrill Road,E01008085,Sheffield 009A,Drugs,Offender given a caution,
fd3b0ed06f6edc3ce2e526b8c13b475b47a1ca83f14c6b8e8d3038059eaef49a,2025-02,South Yorkshire Police,South Yorkshire Police,-1.494988,53.432716,On or near Grimsell Crescent,E01008085,Sheffield 009A,Vehicle crime,Investigation complete; no suspect identified,
3b1292722254b94d851e398002ced956ad2a9819eeb73079ad0214f8b126dfcb,2025-02,South Yorkshire Police,South Yorkshire Police,-1.496511,53.429954,On or near Keats Road,E01008085,Sheffield 009A,Violence and sexual offences,Investigation complete; no suspect identified,
7f804a3ebed86fa9a15b4b9722dab4a22b27699da527122668631fe105143458,2025-02,South Yorkshire Police,South Yorkshire Police,-1.497359,53.430740,On or near Carrill Road,E01008085,Sheffield 009A,Violence and sexual offences,Status update unavailable,
68ae543c91e1c9b7ba146f736502e0c0829bf6c761eb81c3076ea0bb6350cee7,2025-02,South Yorkshire Police,South Yorkshire Police,-1.493257,53.430174,On or near Cowper Crescent,E01008085,Sheffield 009A,Violence and sexual offences,Unable to prosecute suspect,
6b2d97e9840321ddc01c8bd1da6310c01a1b7d14a587d804a69c37159be1e796,2025-02,South Yorkshire Police,South Yorkshire Police,-1.496397,53.431922,On or near Owen Place,E01008085,Sheffield 009A,Violence and sexual offences,Unable to prosecute suspect,
,2025-02,South Yorkshire Police,South Yorkshire Police,-1.492789,53.427754,On or near Halifax Road,E01008086,Sheffield 009B,Anti-social behaviour,,
,2025-02,South Yorkshire Police,South Yorkshire Police,-1.497983,53.428918,On or near Carrill Drive,E01008086,Sheffield 009B,Anti-social behaviour,,
,2025-02,South Yorkshire Police,South Yorkshire Police,-1.497983,53.428918,On or near Carrill Drive,E01008086,Sheffield 009B,Anti-social behaviour,,
,2025-02,South Yorkshire Police,South Yorkshire Police,-1.503929,53.428835,On or near Edge Well Close,E01008086,Sheffield 009B,Anti-social behaviour,,
b16c4fa6953fe05f0cb96fc2acb67b0bd874932c869cfd892c9524dfe1972b1f,2025-02,South Yorkshire Police,South Yorkshire Police,-1.493788,53.427273,On or near Wilcox Close,E01008086,Sheffield 009B,Burglary,Investigation complete; no suspect identified,
675243540d3c4811990e5c56335858af4b509f433a28d7a3569524cf1fe8f15f,2025-02,South Yorkshire Police,South Yorkshire Police,-1.503012,53.429999,On or near Fox Hill Way,E01008086,Sheffield 009B,Criminal damage and arson,Investigation complete; no suspect identified,
91b84d4de9614d2e3b53124dc71282ebaa93b522268c58c1eedec8bfd09cdc60,2025-02,South Yorkshire Police,South Yorkshire Police,-1.502233,53.427093,On or near Fox Hill Close,E01008086,Sheffield 009B,Other theft,Investigation complete; no suspect identified,
07b2c2fbe78740eedff0a5db4c55fb1ea09151ff52c2e4f86e521e97bfa92e8a,2025-02,South Yorkshire Police,South Yorkshire Police,-1.502233,53.427093,On or near Fox Hill Close,E01008086,Sheffield 009B,Violence and sexual offences,Status update unavailable,
58b8a1cae4a02c6f3c91a885b670a0bfb74e46199661d978b4dcfa99e9b3e54d,2025-02,South Yorkshire Police,South Yorkshire Police,-1.503012,53.429999,On or near Fox Hill Way,E01008086,Sheffield 009B,Violence and sexual offences,Unable to prosecute suspect,
8e64d4e4d9065367d96df5d7dfb951ffbef7eb1c80d9394712149c5efb2de077,2025-02,South Yorkshire Police,South Yorkshire Police,-1.503012,53.429999,On or near Fox Hill Way,E01008086,Sheffield 009B,Violence and sexual offences,Unable to prosecute suspect,
321103e6e83b68529cd632f180db7af91c47990cf7fdeb9228ecaa0aa616a358,2025-02,South Yorkshire Police,South Yorkshire Police,-1.496067,53.428029,On or near Wilcox Road,E01008086,Sheffield 009B,Violence and sexual offences,Unable to prosecute suspect,
05f697bd6c3d55fd26caa32bfeeb8fd034f77ac8422cfeb72bb38a319bb07c88,2025-02,South Yorkshire Police,South Yorkshire Police,-1.502515,53.427444,On or near Fox Hill Crescent,E01008086,Sheffield 009B,Violence and sexual offences,Unable to prosecute suspect,
c0bdda59340b1ea410cb8aa4a0300697cb7b5e72a524b3b304742e945cad8589,2025-02,South Yorkshire Police,South Yorkshire Police,-1.502233,53.427093,On or near Fox Hill Close,E01008086,Sheffield 009B,Violence and sexual offences,Unable to prosecute suspect,
53f94cfcb64f38ac6d27e3e36df48bde68e8aecf52808e592063cbd976d1a0e3,2025-02,South Yorkshire Police,South Yorkshire Police,-1.503012,53.429999,On or near Fox Hill Way,E01008086,Sheffield 009B,Violence and sexual offences,Unable to prosecute suspect,
dfa6a9713ca65969d9527544762fdb6e4830074bd93b08f24a87ef45262612af,2025-02,South Yorkshire Police,South Yorkshire Police,-1.492789,53.427754,On or near Halifax Road,E01008086,Sheffield 009B,Violence and sexual offences,Unable to prosecute suspect,
504173ae11119c88ac82b9e680394b8f9c827872e12ae479a3f65dde218d404c,2025-02,South Yorkshire Police,South Yorkshire Police,-1.503379,53.428257,On or near Edge Well Drive,E01008086,Sheffield 009B,Violence and sexual offences,Unable to prosecute suspect,
,2025-02,South Yorkshire Police,South Yorkshire Police,-1.488473,53.430037,On or near Deerlands Mount,E01008116,Sheffield 009C,Anti-social behaviour,,
df1c56295fe5f2ed06b86d41e7c5b87ba0d591632dfee79aeeafbc37acaf6fc5,2025-02,South Yorkshire Police,South Yorkshire Police,-1.484891,53.428799,On or near Wordsworth Close,E01008116,Sheffield 009C,Burglary,Investigation complete; no suspect identified,
700577db095c17da89642934cba03a1b511c9319fb80c0c60ab99a3a49c7256a,2025-02,South Yorkshire Police,South Yorkshire Police,-1.484891,53.428799,On or near Wordsworth Close,E01008116,Sheffield 009C,Criminal damage and arson,Investigation complete; no suspect identified,
054ebd84ccb869b27379637a00f3115307ad811ef69cb9f3087424e54653f6f1,2025-02,South Yorkshire Police,South Yorkshire Police,-1.488473,53.430037,On or near Deerlands Mount,E01008116,Sheffield 009C,Other theft,Unable to prosecute suspect,
3d1003ee35e0aa2f6a2a51bc28aa05082cecba4cb8e1fa36e62ef8f89cacf1f9,2025-02,South Yorkshire Police,South Yorkshire Police,-1.488473,53.430037,On or near Deerlands Mount,E01008116,Sheffield 009C,Vehicle crime,Investigation complete; no suspect identified,
e532fb08d9c5709e0558765e9ddc0ff74cb38da2be8be7cc788ef3d84794254d,2025-02,South Yorkshire Police,South Yorkshire Police,-1.488473,53.430037,On or near Deerlands Mount,E01008116,Sheffield 009C,Vehicle crime,Investigation complete; no suspect identified,
a0b3bf514129387da4bed7fa5b5fe329477107bdcd42007e1e609dbb9299469f,2025-02,South Yorkshire Police,South Yorkshire Police,-1.488820,53.431189,On or near Mansel Road,E01008116,Sheffield 009C,Violence and sexual offences,Unable to prosecute suspect,
3de31705733fde3908e3c16afd79f1540ed10c3a13ee8cc1949345e23650f438,2025-02,South Yorkshire Police,South Yorkshire Police,-1.488430,53.431142,On or near Mansel Crescent,E01008116,Sheffield 009C,Violence and sexual offences,Unable to prosecute suspect,
114f81f93ec4b45f9b25c69eb958d09dc054f6f225e30d4a46b11d1d390d8cfd,2025-02,South Yorkshire Police,South Yorkshire Police,-1.488473,53.430037,On or near Deerlands Mount,E01008116,Sheffield 009C,Violence and sexual offences,Unable to prosecute suspect,
9858f8653b4c6695949c1ff6e76968e365a63e888c7fa8b173efd7b253554d41,2025-02,South Yorkshire Police,South Yorkshire Police,-1.488473,53.430037,On or near Deerlands Mount,E01008116,Sheffield 009C,Violence and sexual offences,Unable to prosecute suspect,
203f3645257bdc9aa5232b6be8090563ffa9a4df588852fbf298d288e37551ad,2025-02,South Yorkshire Police,South Yorkshire Police,-1.490236,53.428552,On or near Chaucer Close,E01008116,Sheffield 009C,Violence and sexual offences,Unable to prosecute suspect,
eb5404aad1dad61a8c78723902086be72613b15170e2f2405a7ac126709dcef7,2025-02,South Yorkshire Police,South Yorkshire Police,-1.490236,53.428552,On or near Chaucer Close,E01008116,Sheffield 009C,Other crime,Unable to prosecute suspect,
,2025-02,South Yorkshire Police,South Yorkshire Police,-1.478872,53.429887,On or near Milnrow Road,E01008117,Sheffield 009D,Anti-social behaviour,,
,2025-02,South Yorkshire Police,South Yorkshire Police,-1.478872,53.429887,On or near Milnrow Road,E01008117,Sheffield 009D,Anti-social behaviour,,
36e49890372531c6ff2d502ab54e9b1cffa33b5b149e0253fe529b5648aacbac,2025-02,South Yorkshire Police,South Yorkshire Police,-1.484061,53.432669,On or near Knutton Crescent,E01008117,Sheffield 009D,Criminal damage and arson,Investigation complete; no suspect identified,
d401ee04ddc6c9cf38a12a98780d9fb1b7dd0f801268412d23bb4e8b2d4971b7,2025-02,South Yorkshire Police,South Yorkshire Police,-1.484200,53.431169,On or near Fulmere Road,E01008117,Sheffield 009D,Criminal damage and arson,Investigation complete; no suspect identified,
5e73b5455f1dde278057f7459513300d3b83f9515011fa6cd334ddacff5a7d08,2025-02,South Yorkshire Police,South Yorkshire Police,-1.484147,53.429317,On or near Petrol Station,E01008117,Sheffield 009D,Criminal damage and arson,Unable to prosecute suspect,
9b5f68a8a11677eea4fd99f8ef44ca281738639f1e1758ba3b549895bc1bf194,2025-02,South Yorkshire Police,South Yorkshire Police,-1.484061,53.432669,On or near Knutton Crescent,E01008117,Sheffield 009D,Criminal damage and arson,Investigation complete; no suspect identified,
8009b40434017d06f0145fd961a38ed4ff41e4dc40dfd80082597ed34e72ac67,2025-02,South Yorkshire Police,South Yorkshire Police,-1.480681,53.429716,On or near Milnrow Drive,E01008117,Sheffield 009D,Criminal damage and arson,Investigation complete; no suspect identified,
f321a80b4d8663d3d43db8e6748c018945e2b50824d2d8963a91168f63411d00,2025-02,South Yorkshire Police,South Yorkshire Police,-1.484147,53.429317,On or near Petrol Station,E01008117,Sheffield 009D,Criminal damage and arson,Unable to prosecute suspect,
971ce03ecf3f9318fdc92d6a433e4fff2f8db6c872cf20f0daa344a1fa00d72d,2025-02,South Yorkshire Police,South Yorkshire Police,-1.481691,53.432057,On or near Knutton Road,E01008117,Sheffield 009D,Criminal damage and arson,Unable to prosecute suspect,
783ddfe5a0b7e56a405e050c28765c00822e0706eade35d9ddd6479d83db46a6,2025-02,South Yorkshire Police,South Yorkshire Police,-1.484147,53.429317,On or near Petrol Station,E01008117,Sheffield 009D,Possession of weapons,Further action is not in the public interest,
3cf625e0e6e736fb74b9972d01df4f911b70b30a16345169db070fe7d5333eba,2025-02,South Yorkshire Police,South Yorkshire Police,-1.484571,53.432878,On or near Knutton Rise,E01008117,Sheffield 009D,Public order,Unable to prosecute suspect,
120f3b05ad4636741e17fec90a9b5c1cb5937402b97f7ab2a5ef131f8e0b0f57,2025-02,South Yorkshire Police,South Yorkshire Police,-1.481493,53.430951,On or near Margetson Drive,E01008117,Sheffield 009D,Robbery,Unable to prosecute suspect,
5499539eaadbad6647dae832b07490fef4c4df93ceb25970f7c268f40f955005,2025-02,South Yorkshire Police,South Yorkshire Police,-1.481691,53.432057,On or near Knutton Road,E01008117,Sheffield 009D,Theft from the person,Unable to prosecute suspect,
f2a2807cadf55baf79a070070e12e930b8dc65c0d6b10c8e1349ac564ad35e2a,2025-02,South Yorkshire Police,South Yorkshire Police,-1.481691,53.432057,On or near Knutton Road,E01008117,Sheffield 009D,Theft from the person,Status update unavailable,
fa8108671ef6a1c65ed2e7256baf5c47fd1b0cc1c9d27f74e81d9709a9e7dd0c,2025-02,South Yorkshire Police,South Yorkshire Police,-1.484200,53.431169,On or near Fulmere Road,E01008117,Sheffield 009D,Vehicle crime,Investigation complete; no suspect identified,
d56c2f638e71c65f4d3926dcc57dcaad1c8b70343c71ffe7d77af0580040d28f,2025-02,South Yorkshire Police,South Yorkshire Police,-1.478596,53.431576,On or near Margetson Crescent,E01008117,Sheffield 009D,Violence and sexual offences,Unable to prosecute suspect,
fa1ab7d6dbc1f42b34fb1bc84ea1392fccddf1f9d05f7cda834a92f6da48285e,2025-02,South Yorkshire Police,South Yorkshire Police,-1.484061,53.432669,On or near Knutton Crescent,E01008117,Sheffield 009D,Violence and sexual offences,Unable to prosecute suspect,
7a32ccf2be830fd3d1018535708b248e5dd2c21757fe4811f3def24709614a7d,2025-02,South Yorkshire Police,South Yorkshire Police,-1.484200,53.431169,On or near Fulmere Road,E01008117,Sheffield 009D,Violence and sexual offences,Awaiting court outcome,
68d866ff5fa088394947c18790763b746ee97674955f7d0aaeb720fbe6e523f2,2025-02,South Yorkshire Police,South Yorkshire Police,-1.484061,53.432669,On or near Knutton Crescent,E01008117,Sheffield 009D,Violence and sexual offences,Investigation complete; no suspect identified,
b9839e198ae5e238751cebe18b61ba0d34fc4d245ba879a5308834c4fbebbe1b,2025-02,South Yorkshire Police,South Yorkshire Police,-1.478872,53.429887,On or near Milnrow Road,E01008117,Sheffield 009D,Violence and sexual offences,Unable to prosecute suspect,
967600163952837a8ac2d737bc5993426ab6732dabeb8a13dbe9e6050d30a5d3,2025-02,South Yorkshire Police,South Yorkshire Police,-1.481691,53.432057,On or near Knutton Road,E01008117,Sheffield 009D,Other crime,Unable to prosecute suspect,
396597c86b6f4465c94a4c645b21876e1c73428012321a2ca793c907b465d58f,2025-02,South Yorkshire Police,South Yorkshire Police,-1.478596,53.431576,On or near Margetson Crescent,E01008117,Sheffield 009D,Other crime,Investigation complete; no suspect identified,
,2025-02,South Yorkshire Police,South Yorkshire Police,-1.484726,53.424987,On or near Lytton Crescent,E01008118,Sheffield 009E,Anti-social behaviour,,
,2025-02,South Yorkshire Police,South Yorkshire Police,-1.487202,53.428108,On or near Supermarket,E01008118,Sheffield 009E,Anti-social behaviour,,
e9d7cebee77bf3af11b6fa98048b9f1449646be44cdf443df51b037bf8586ccd,2025-02,South Yorkshire Police,South Yorkshire Police,-1.482485,53.426137,On or near Buchanan Drive,E01008118,Sheffield 009E,Criminal damage and arson,Status update unavailable,
dc3839701ccd98a4070c42563b4b595048f15c9829969a562c3aa4987ec01601,2025-02,South Yorkshire Police,South Yorkshire Police,-1.487202,53.428108,On or near Supermarket,E01008118,Sheffield 009E,Criminal damage and arson,Investigation complete; no suspect identified,
a137c569bb155b4d3472fb65093fc8460f0792577e51b90b05894c8e80cbd828,2025-02,South Yorkshire Police,South Yorkshire Police,-1.482799,53.423837,On or near Lytton Avenue,E01008118,Sheffield 009E,Criminal damage and arson,Status update unavailable,
f24aa72095b401b0beb366813a59c423184487cf5f7759b7717e1efaebc28501,2025-02,South Yorkshire Police,South Yorkshire Police,-1.484726,53.424987,On or near Lytton Crescent,E01008118,Sheffield 009E,Other theft,Investigation complete; no suspect identified,
2d86f17692e1118b5fbed5cff56cda64ecf9e150aa3256b1216f5205ef03e591,2025-02,South Yorkshire Police,South Yorkshire Police,-1.487202,53.428108,On or near Supermarket,E01008118,Sheffield 009E,Shoplifting,Investigation complete; no suspect identified,
8681f1b1725482af3db0ba51c3be045c1cda5fa62a1c86ffb582951eaad7fd6b,2025-02,South Yorkshire Police,South Yorkshire Police,-1.482485,53.426137,On or near Buchanan Drive,E01008118,Sheffield 009E,Violence and sexual offences,Unable to prosecute suspect,
1e38dd56d75cd61b90e02d89275f335c79924d9f3ac13b84184162601edda5b5,2025-02,South Yorkshire Police,South Yorkshire Police,-1.487202,53.428108,On or near Supermarket,E01008118,Sheffield 009E,Violence and sexual offences,Investigation complete; no suspect identified,
8773c0a5b3f205b17a69732d20822ac030f298fd94689c8817ac2743d4f48df6,2025-02,South Yorkshire Police,South Yorkshire Police,-1.482485,53.426137,On or near Buchanan Drive,E01008118,Sheffield 009E,Violence and sexual offences,Unable to prosecute suspect,
bab87dfbe3d5e9aec8d21f95bf88297b4bf7495ad2bc1d15e11a5a8e8ff03006,2025-02,South Yorkshire Police,South Yorkshire Police,-1.484726,53.424987,On or near Lytton Crescent,E01008118,Sheffield 009E,Violence and sexual offences,Investigation complete; no suspect identified,
d4ed1895e34ce695bdcb18076093768a6849b1cc7d2dcb13b66ee54b647dcfbd,2025-02,South Yorkshire Police,South Yorkshire Police,-1.483660,53.424776,On or near Lytton Road,E01008118,Sheffield 009E,Violence and sexual offences,Unable to prosecute suspect,
,2025-02,South Yorkshire Police,South Yorkshire Police,-1.469525,53.428804,On or near Holgate Road,E01008119,Sheffield 009F,Anti-social behaviour,,
,2025-02,South Yorkshire Police,South Yorkshire Police,-1.471107,53.434664,On or near Sports/Recreation Area,E01008119,Sheffield 009F,Anti-social behaviour,,
,2025-02,South Yorkshire Police,South Yorkshire Police,-1.475576,53.429945,On or near Milnrow Crescent,E01008119,Sheffield 009F,Anti-social behaviour,,
abe24919bf0df7eb02c504d08064bb28faf201aa134f0d157f5c9e8f882cbec9,2025-02,South Yorkshire Police,South Yorkshire Police,-1.468598,53.429501,On or near Holgate Drive,E01008119,Sheffield 009F,Burglary,Investigation complete; no suspect identified,
596a6941081bc5214efd466f41c21a6c8bb1b95bb5ecfb28f1235dbca4782848,2025-02,South Yorkshire Police,South Yorkshire Police,-1.468598,53.429501,On or near Holgate Drive,E01008119,Sheffield 009F,Vehicle crime,Investigation complete; no suspect identified,
fe10794e819c7bf23deddebaf8bcc2b8f338abf4579a4a5efd07fed79a59cc33,2025-02,South Yorkshire Police,South Yorkshire Police,-1.471748,53.429119,On or near Holgate Crescent,E01008119,Sheffield 009F,Vehicle crime,Investigation complete; no suspect identified,
71b800e2b87023a57cd16e5cfb44ea395d6fbe0f768fe6bd62740b6c806a0a6e,2025-02,South Yorkshire Police,South Yorkshire Police,-1.471107,53.434664,On or near Sports/Recreation Area,E01008119,Sheffield 009F,Violence and sexual offences,Investigation complete; no suspect identified,
34e3cbc4965e1f17b17ef3b6fc536662c02a0a7ba7629c59e1c943bc01d3fff1,2025-02,South Yorkshire Police,South Yorkshire Police,-1.475815,53.428831,On or near Holgate Avenue,E01008119,Sheffield 009F,Violence and sexual offences,Local resolution,
a19e7a179830dea45d49d12b811aedab4fc282819bfbde17eb738cd4a7d44dc3,2025-02,South Yorkshire Police,South Yorkshire Police,-1.470596,53.429797,On or near Colley Close,E01008119,Sheffield 009F,Violence and sexual offences,Unable to prosecute suspect,
832e436515d6d1991a27ceb285c71f2b60765c99a24127225fadb763088cc844,2025-02,South Yorkshire Police,South Yorkshire Police,-1.475815,53.428831,On or near Holgate Avenue,E01008119,Sheffield 009F,Violence and sexual offences,Unable to prosecute suspect,
64657a5c9ad307eadddef18a7d914bf2b211bedd69a0cb9ec3fd4082fd5d0289,2025-02,South Yorkshire Police,South Yorkshire Police,-1.475815,53.428831,On or near Holgate Avenue,E01008119,Sheffield 009F,Violence and sexual offences,Investigation complete; no suspect identified,
8fcddfc83ff01a2bd27e54c7e795ba74dec3d8a4d3021703e33b76762e852aad,2025-02,South Yorkshire Police,South Yorkshire Police,-1.470596,53.429797,On or near Colley Close,E01008119,Sheffield 009F,Other crime,Unable to prosecute suspect,
808e851c029e6f36c639d809c45ecadbe1b3617e58e3e77d637b4e427fb1e426,2025-02,South Yorkshire Police,South Yorkshire Police,-1.479226,53.434186,On or near Dugdale Drive,E01008125,Sheffield 009G,Burglary,Investigation complete; no suspect identified,
5492e3916a1864db1b261cc201a9619d8db6eeb2101fe1931b4477cd386165d1,2025-02,South Yorkshire Police,South Yorkshire Police,-1.480785,53.433509,On or near Dugdale Road,E01008125,Sheffield 009G,Criminal damage and arson,Local resolution,
27e7129e53ca17065c0e43f9d67cce82fb92a63b3b4f7fceec57a47ad738825d,2025-02,South Yorkshire Police,South Yorkshire Police,-1.479226,53.434186,On or near Dugdale Drive,E01008125,Sheffield 009G,Criminal damage and arson,Unable to prosecute suspect,
8a31dcf6926069f6a4726d8f16c1a05468bc97154dbd1c0eee8e8f52b315f531,2025-02,South Yorkshire Police,South Yorkshire Police,-1.484274,53.435007,On or near Creswick Greave,E01008125,Sheffield 009G,Violence and sexual offences,Unable to prosecute suspect,
f56a67febef740cd64146f1f3202612bb86c7fd0927dd3575e969e21a432f6de,2025-02,South Yorkshire Police,South Yorkshire Police,-1.479226,53.434186,On or near Dugdale Drive,E01008125,Sheffield 009G,Violence and sexual offences,Unable to prosecute suspect,
c38392805658e38314a34e9ba0b0b66f3f517717314df8eac7eb3abdce570e12,2025-02,South Yorkshire Police,South Yorkshire Police,-1.480785,53.433509,On or near Dugdale Road,E01008125,Sheffield 009G,Violence and sexual offences,Status update unavailable,
07ba1b8668195f8bf1ec0136a3f9cc0872a4e777ca811145ba534ae1dc855b04,2025-02,South Yorkshire Police,South Yorkshire Police,-1.475738,53.435114,On or near Remington Drive,E01008125,Sheffield 009G,Other crime,Investigation complete; no suspect identified,
,2025-02,South Yorkshire Police,South Yorkshire Police,-1.441369,53.422097,On or near Sports/Recreation Area,E01007849,Sheffield 010A,Anti-social behaviour,,
e6644d77fff46e3f6382efb8ba99fb1bc577027661465ee5fff2c1c24593ff98,2025-02,South Yorkshire Police,South Yorkshire Police,-1.441153,53.426634,On or near Oaks Fold Avenue,E01007849,Sheffield 010A,Criminal damage and arson,Investigation complete; no suspect identified,
4cee67aa62ff5f842bfc762847ab166c769ca9d528f662ce4fa90225f609ccdb,2025-02,South Yorkshire Police,South Yorkshire Police,-1.447927,53.423061,On or near Torksey Road West,E01007849,Sheffield 010A,Criminal damage and arson,Investigation complete; no suspect identified,
62a30dae54ef47511b2eb72319d86e967ef0487efcea682b60f3d574a0d51f7b,2025-02,South Yorkshire Police,South Yorkshire Police,-1.441369,53.422097,On or near Sports/Recreation Area,E01007849,Sheffield 010A,Public order,Unable to prosecute suspect,
2bf718a4d393314b84f439206023bcf57ec387f7fb6b89d25516a5f4e702d77f,2025-02,South Yorkshire Police,South Yorkshire Police,-1.441369,53.422097,On or near Sports/Recreation Area,E01007849,Sheffield 010A,Vehicle crime,Investigation complete; no suspect identified,
044bfad666cd138cbffd09a94ff6315c390b98d2391013030b8518159f8e6b47,2025-02,South Yorkshire Police,South Yorkshire Police,-1.441153,53.426634,On or near Oaks Fold Avenue,E01007849,Sheffield 010A,Violence and sexual offences,Unable to prosecute suspect,
00f834a476f7685257621cd2983f2aea20dd409cf55059d3dee9402ab860f909,2025-02,South Yorkshire Police,South Yorkshire Police,-1.447927,53.423061,On or near Torksey Road West,E01007849,Sheffield 010A,Violence and sexual offences,Status update unavailable,
141b327a121eda31ba1dc42dc6412eccdd928414a1a01d5283639bacbec95db1,2025-02,South Yorkshire Police,South Yorkshire Police,-1.447927,53.423061,On or near Torksey Road West,E01007849,Sheffield 010A,Violence and sexual offences,Unable to prosecute suspect,
b1f814a1feb693341b9e558fae472d7247fdb9766a9c7740437afa1c8268bcf7,2025-02,South Yorkshire Police,South Yorkshire Police,-1.445563,53.421989,On or near Keepers Close,E01007849,Sheffield 010A,Violence and sexual offences,Unable to prosecute suspect,
1976e72699559da648190116062b8c8b604bbe293b777f322bd7e1bafeb0ab27,2025-02,South Yorkshire Police,South Yorkshire Police,-1.447927,53.423061,On or near Torksey Road West,E01007849,Sheffield 010A,Violence and sexual offences,Unable to prosecute suspect,
1603273a9de0224e7f1dc53b605f8b911309319a90a6fbe7bf8b89a554f67300,2025-02,South Yorkshire Police,South Yorkshire Police,-1.445563,53.421989,On or near Keepers Close,E01007849,Sheffield 010A,Violence and sexual offences,Unable to prosecute suspect,
,2025-02,South Yorkshire Police,South Yorkshire Police,-1.440251,53.428922,On or near Oaks Fold,E01007857,Sheffield 010B,Anti-social behaviour,,
cca38667e33f6f9ad8b5f494648652b7a1906f44b0d965f70386bbf12e1c6701,2025-02,South Yorkshire Police,South Yorkshire Police,-1.444597,53.427998,On or near Fircroft Avenue,E01007857,Sheffield 010B,Other theft,Unable to prosecute suspect,
65d05f0bd7893953e1041543b9b5181c42e39aa9fdb88f7728fbd8ab51f26f78,2025-02,South Yorkshire Police,South Yorkshire Police,-1.443867,53.426278,On or near Bellhouse Mews,E01007857,Sheffield 010B,Other theft,Unable to prosecute suspect,
94c271c9d3fef8fb829174cebbb4db5b4426d7ade0e9d2101fc82b8940ceecfd,2025-02,South Yorkshire Police,South Yorkshire Police,-1.443867,53.426278,On or near Bellhouse Mews,E01007857,Sheffield 010B,Public order,Investigation complete; no suspect identified,
28e80dffa6ada450947a04ee88dad4f76b87320cec92ae2dbbb03425fc292e8a,2025-02,South Yorkshire Police,South Yorkshire Police,-1.444597,53.427998,On or near Fircroft Avenue,E01007857,Sheffield 010B,Violence and sexual offences,Awaiting court outcome,
944513e7bb1b285739a798768596b5f92c87d3e40c2a95f9634d20f366e2277c,2025-02,South Yorkshire Police,South Yorkshire Police,-1.440251,53.428922,On or near Oaks Fold,E01007857,Sheffield 010B,Violence and sexual offences,Unable to prosecute suspect,
8787886c12b9ef954901ae6ae1162a2dac7dcd0ccaef27a7245a885f67041c9b,2025-02,South Yorkshire Police,South Yorkshire Police,-1.443867,53.426278,On or near Bellhouse Mews,E01007857,Sheffield 010B,Violence and sexual offences,Investigation complete; no suspect identified,
3ac1dd59a9350b1e1a8f21f34b885fd4405ba25fdc9621255a288a9175da316d,2025-02,South Yorkshire Police,South Yorkshire Police,-1.443867,53.426278,On or near Bellhouse Mews,E01007857,Sheffield 010B,Violence and sexual offences,Unable to prosecute suspect,
e4792fa04cee34121ab13be7948d5b903be7f3812d1958d480ea4f5670f267df,2025-02,South Yorkshire Police,South Yorkshire Police,-1.443867,53.426278,On or near Bellhouse Mews,E01007857,Sheffield 010B,Violence and sexual offences,Local resolution,
2a8a6f5e00a278a124711a8c0e4f5f705b674046e1acd672a4d3f78b0a26f2a9,2025-02,South Yorkshire Police,South Yorkshire Police,-1.443867,53.426278,On or near Bellhouse Mews,E01007857,Sheffield 010B,Violence and sexual offences,Unable to prosecute suspect,
8acede13cbff92e22af4b841d11ab56072ab0db6da1eaa2967faae0c70e7cc81,2025-02,South Yorkshire Police,South Yorkshire Police,-1.440251,53.428922,On or near Oaks Fold,E01007857,Sheffield 010B,Violence and sexual offences,Unable to prosecute suspect,
c85e5504c76a1b8dcc95d1570930419fcf5811e852c0ebc038b633d7ca10ffd8,2025-02,South Yorkshire Police,South Yorkshire Police,-1.445289,53.430321,On or near Pear Tree Road,E01008059,Sheffield 010C,Burglary,Investigation complete; no suspect identified,
b6bef9bb5807541f151ed0f06c0a80f460f6080f265f9ad5c0185e175c388668,2025-02,South Yorkshire Police,South Yorkshire Police,-1.450169,53.424222,On or near Hatfield House Croft,E01008059,Sheffield 010C,Criminal damage and arson,Unable to prosecute suspect,
c35eee1dd664865a1053194554d41df125c8c9130ca309c9b632deb662ddeaf9,2025-02,South Yorkshire Police,South Yorkshire Police,-1.450169,53.424222,On or near Hatfield House Croft,E01008059,Sheffield 010C,Other theft,Unable to prosecute suspect,
54ebd14ecf23ea31e12255cdf9f3d3e9d71bedb1291d9753838d76ed67310bc4,2025-02,South Yorkshire Police,South Yorkshire Police,-1.451053,53.428028,On or near Champion Close,E01008059,Sheffield 010C,Violence and sexual offences,Unable to prosecute suspect,
358b020b887b14634a0687e9101c58bc2edd0ca43a76bc7bc5a8f233a5e49cce,2025-02,South Yorkshire Police,South Yorkshire Police,-1.448238,53.429238,On or near Wheatfield Crescent,E01008059,Sheffield 010C,Violence and sexual offences,Unable to prosecute suspect,
9825354f2f5026bd010cc957e530a96d7c5fb4b18d1f339372b5cc0ed21c7580,2025-02,South Yorkshire Police,South Yorkshire Police,-1.444478,53.431377,On or near Nether Shire Lane,E01008059,Sheffield 010C,Violence and sexual offences,Investigation complete; no suspect identified,
497688b4b7e931cf8d88b9fc27976f4ac09258aca97ad6f518b48bacb40a6976,2025-02,South Yorkshire Police,South Yorkshire Police,-1.448238,53.429238,On or near Wheatfield Crescent,E01008059,Sheffield 010C,Violence and sexual offences,Unable to prosecute suspect,
7bc2d681823b6f3481fb22f8655589018f586a02afea9079b4042ad6c7fc1376,2025-02,South Yorkshire Police,South Yorkshire Police,-1.451053,53.428028,On or near Champion Close,E01008059,Sheffield 010C,Violence and sexual offences,Unable to prosecute suspect,
c7c9fe7789f146e54beac1103f3ae1043e4ac2e553f9fa7b76b3df212e30285d,2025-02,South Yorkshire Police,South Yorkshire Police,-1.451053,53.428028,On or near Champion Close,E01008059,Sheffield 010C,Violence and sexual offences,Unable to prosecute suspect,
b3e6a839bde0d2cace5df5a40dc2a0d82793a51d0bb001f1d3f86d0f0e8895d0,2025-02,South Yorkshire Police,South Yorkshire Police,-1.450169,53.424222,On or near Hatfield House Croft,E01008059,Sheffield 010C,Violence and sexual offences,Investigation complete; no suspect identified,
479f78f4e5d36548f1437ed4df605104682e7423fcce2b3027874bfbc07a83e4,2025-02,South Yorkshire Police,South Yorkshire Police,-1.448238,53.429238,On or near Wheatfield Crescent,E01008059,Sheffield 010C,Violence and sexual offences,Unable to prosecute suspect,
f9319e9a2fa406ce47714756ff6c0ad8a754c5fc73aeb5b6b8e4251578399f9d,2025-02,South Yorkshire Police,South Yorkshire Police,-1.451257,53.425054,On or near Homestead Road,E01008059,Sheffield 010C,Violence and sexual offences,Unable to prosecute suspect,
d5209a583fee5481ec0e5e86632dc02f9ae765a8aafe1533b24abedd911795b5,2025-02,South Yorkshire Police,South Yorkshire Police,-1.448238,53.429238,On or near Wheatfield Crescent,E01008059,Sheffield 010C,Violence and sexual offences,Status update unavailable,
a6d2aa82d81c2eb5a9616f36c5e842259ddae89acbd520dc45aeb186bc13ca52,2025-02,South Yorkshire Police,South Yorkshire Police,-1.448238,53.429238,On or near Wheatfield Crescent,E01008059,Sheffield 010C,Violence and sexual offences,Status update unavailable,
5ec6a2478d92337c7a20a2f8c0278b70662cefad17b7732023f9db6e5209f10c,2025-02,South Yorkshire Police,South Yorkshire Police,-1.448238,53.429238,On or near Wheatfield Crescent,E01008059,Sheffield 010C,Violence and sexual offences,Status update unavailable,
8cfa40a5a955187b9bf7568fc076bd5f4dd6f04e99ecedd66d9701cfaac4789f,2025-02,South Yorkshire Police,South Yorkshire Police,-1.448238,53.429238,On or near Wheatfield Crescent,E01008059,Sheffield 010C,Violence and sexual offences,Status update unavailable,
628b30a8602dd50bf93255f31e716088cd45b15041721f0e44c66173b15408ba,2025-02,South Yorkshire Police,South Yorkshire Police,-1.448238,53.429238,On or near Wheatfield Crescent,E01008059,Sheffield 010C,Other crime,Investigation complete; no suspect identified,
,2025-02,South Yorkshire Police,South Yorkshire Police,-1.454809,53.427362,On or near Kinnaird Place,E01008060,Sheffield 010D,Anti-social behaviour,,
ee21935762fa9ded2816a3bf2daa1ac674842145e7bfdc77efd2d12131c7ba1f,2025-02,South Yorkshire Police,South Yorkshire Police,-1.451755,53.428445,On or near Champion Road,E01008060,Sheffield 010D,Criminal damage and arson,Investigation complete; no suspect identified,
29519f553e188a83282783fee5df2e59bdf7237130dca714b0b22a1ce0f0461b,2025-02,South Yorkshire Police,South Yorkshire Police,-1.449142,53.426824,On or near Homestead Close,E01008060,Sheffield 010D,Criminal damage and arson,Unable to prosecute suspect,
50c3690cb2e1c3dc743d8e1b1af6966e279d4a806b56d69488e425d05a47619f,2025-02,South Yorkshire Police,South Yorkshire Police,-1.451755,53.428445,On or near Champion Road,E01008060,Sheffield 010D,Public order,Unable to prosecute suspect,
ec6e5cfae962310be2daec4b848a629125e8db381dc884d87adf0935c0565324,2025-02,South Yorkshire Police,South Yorkshire Police,-1.452166,53.426892,On or near Follett Road,E01008060,Sheffield 010D,Public order,Unable to prosecute suspect,
21d3b3c69ba8f29783a654fda3b0f09e2611f004d527ee638c994cbb1da7e2b4,2025-02,South Yorkshire Police,South Yorkshire Police,-1.455726,53.426252,On or near Kinnaird Road,E01008060,Sheffield 010D,Other crime,Unable to prosecute suspect,
,2025-02,South Yorkshire Police,South Yorkshire Police,-1.453844,53.421596,On or near Etwall Way,E01008061,Sheffield 011A,Anti-social behaviour,,
,2025-02,South Yorkshire Police,South Yorkshire Police,-1.453844,53.421596,On or near Etwall Way,E01008061,Sheffield 011A,Anti-social behaviour,,
,2025-02,South Yorkshire Police,South Yorkshire Police,-1.463592,53.424247,On or near Emerson Close,E01008061,Sheffield 011A,Anti-social behaviour,,
,2025-02,South Yorkshire Police,South Yorkshire Police,-1.453844,53.421596,On or near Etwall Way,E01008061,Sheffield 011A,Anti-social behaviour,,
,2025-02,South Yorkshire Police,South Yorkshire Police,-1.457554,53.426925,On or near Parking Area,E01008061,Sheffield 011A,Anti-social behaviour,,
,2025-02,South Yorkshire Police,South Yorkshire Police,-1.457554,53.426925,On or near Parking Area,E01008061,Sheffield 011A,Anti-social behaviour,,
,2025-02,South Yorkshire Police,South Yorkshire Police,-1.459918,53.424401,On or near Masters Crescent,E01008061,Sheffield 011A,Anti-social behaviour,,
,2025-02,South Yorkshire Police,South Yorkshire Police,-1.453844,53.421596,On or near Etwall Way,E01008061,Sheffield 011A,Anti-social behaviour,,
6043acb2d5f65d4db33b9d8f37079c46183e0e8b61aa38bf2f39b97012bfcc85,2025-02,South Yorkshire Police,South Yorkshire Police,-1.457554,53.426925,On or near Parking Area,E01008061,Sheffield 011A,Criminal damage and arson,Unable to prosecute suspect,
b543133f3d6c10ca2ebaea94858b6e2abce1e1f54c237db40eb8c803384f852e,2025-02,South Yorkshire Police,South Yorkshire Police,-1.453844,53.421596,On or near Etwall Way,E01008061,Sheffield 011A,Criminal damage and arson,Unable to prosecute suspect,
a9de25b4a0c28f54100f1d7eda254c98a54e61603cde384ed43de22257c15acd,2025-02,South Yorkshire Police,South Yorkshire Police,-1.453844,53.421596,On or near Etwall Way,E01008061,Sheffield 011A,Criminal damage and arson,Investigation complete; no suspect identified,
558e8f00b88840f62e44638597782cfab2a2e97bbb8c77c025e0c439606f08f3,2025-02,South Yorkshire Police,South Yorkshire Police,-1.456638,53.425582,On or near Kinnaird Avenue,E01008061,Sheffield 011A,Other theft,Investigation complete; no suspect identified,
a9f36e19f894897062905af49c06c1be9c0e7388a38768dd820bb49e9f3447d2,2025-02,South Yorkshire Police,South Yorkshire Police,-1.453844,53.421596,On or near Etwall Way,E01008061,Sheffield 011A,Public order,Unable to prosecute suspect,
1cd903132f822f81a87a554dafe1998c480b8a2f93677da63dde2510bd96fd06,2025-02,South Yorkshire Police,South Yorkshire Police,-1.457734,53.424589,On or near Swanbourne Road,E01008061,Sheffield 011A,Vehicle crime,Awaiting court outcome,
6c823e59e532f956e156761b6bebb0d8ca66647814ae28ab6f187c55f3a1dd39,2025-02,South Yorkshire Police,South Yorkshire Police,-1.459918,53.424401,On or near Masters Crescent,E01008061,Sheffield 011A,Vehicle crime,Investigation complete; no suspect identified,
53c43818f6f5561c139fe5bc57ca4ad37d719bf5b2b16bfc482216cf4a47195e,2025-02,South Yorkshire Police,South Yorkshire Police,-1.459918,53.424401,On or near Masters Crescent,E01008061,Sheffield 011A,Violence and sexual offences,Unable to prosecute suspect,
07f0da18339c168d9a6a8d9f93a3a701fdb7cdaeac42dc903b8a48367e5c0f6b,2025-02,South Yorkshire Police,South Yorkshire Police,-1.461723,53.424490,On or near Masters Road,E01008061,Sheffield 011A,Violence and sexual offences,Unable to prosecute suspect,
fe55e997f258b862b20a720d80e00743ad5b56434e7f78fb1e9cee3435e843e5,2025-02,South Yorkshire Police,South Yorkshire Police,-1.457554,53.426925,On or near Parking Area,E01008061,Sheffield 011A,Violence and sexual offences,Local resolution,
9fa8e1ff53162b4c2344dce66787be7350dadb7141db4224cac616c8afbd6631,2025-02,South Yorkshire Police,South Yorkshire Police,-1.456638,53.425582,On or near Kinnaird Avenue,E01008061,Sheffield 011A,Violence and sexual offences,Unable to prosecute suspect,
c99d1a7c62d0c68d0ce3b1f1f7b972734f2e8482302f8db7e4495b6187a0b200,2025-02,South Yorkshire Police,South Yorkshire Police,-1.459918,53.424401,On or near Masters Crescent,E01008061,Sheffield 011A,Violence and sexual offences,Unable to prosecute suspect,
5091317840ba86825cc8889ebde0f3b27de1c722201fc50d4e68d7b18f6ba129,2025-02,South Yorkshire Police,South Yorkshire Police,-1.459918,53.424401,On or near Masters Crescent,E01008061,Sheffield 011A,Violence and sexual offences,Awaiting court outcome,
757114e77977c4ff08687ea5eb0fd3993db32a68164b077a50a66a9305e64bda,2025-02,South Yorkshire Police,South Yorkshire Police,-1.456638,53.425582,On or near Kinnaird Avenue,E01008061,Sheffield 011A,Violence and sexual offences,Unable to prosecute suspect,
559142a50e4b58d727bcbc07b889f15a7131cdc5db582aadb1415a5c223a7016,2025-02,South Yorkshire Police,South Yorkshire Police,-1.457554,53.426925,On or near Parking Area,E01008061,Sheffield 011A,Other crime,Unable to prosecute suspect,
4ee727bc30202e60a42304faa03a367f4319084682f74db952cd4433803bde7f,2025-02,South Yorkshire Police,South Yorkshire Police,-1.463592,53.424247,On or near Emerson Close,E01008061,Sheffield 011A,Other crime,Unable to prosecute suspect,
,2025-02,South Yorkshire Police,South Yorkshire Police,-1.455357,53.420974,On or near Oswestry Road,E01008063,Sheffield 011B,Anti-social behaviour,,
,2025-02,South Yorkshire Police,South Yorkshire Police,-1.464754,53.422805,On or near Emerson Crescent,E01008063,Sheffield 011B,Anti-social behaviour,,
1d88e1bd67768a679fd1647f79278e67a2cc7f9d8d52c8ff1a1961e7f8304381,2025-02,South Yorkshire Police,South Yorkshire Police,-1.464697,53.421349,On or near Emerson Drive,E01008063,Sheffield 011B,Burglary,Investigation complete; no suspect identified,
ac1fcd90cd8c8a9a39b7c7b0192ff75a6ffbbad24beb2d07a620783d8bcc289c,2025-02,South Yorkshire Police,South Yorkshire Police,-1.464697,53.421349,On or near Emerson Drive,E01008063,Sheffield 011B,Burglary,Investigation complete; no suspect identified,
3e908a2113e4c1b14c8bcf3b01ffa8a44d14c420bdfab1b6006863358689af72,2025-02,South Yorkshire Police,South Yorkshire Police,-1.464754,53.422805,On or near Emerson Crescent,E01008063,Sheffield 011B,Burglary,Investigation complete; no suspect identified,
fc8fa3826071c4234aa32e3b48aa5b33c76e9b1c4c021f049e8fbe2b34e25447,2025-02,South Yorkshire Police,South Yorkshire Police,-1.464697,53.421349,On or near Emerson Drive,E01008063,Sheffield 011B,Criminal damage and arson,Investigation complete; no suspect identified,
575f60ad5887960f0837a75b330bbfa8d6ca25686ad2cc7835adfe172f28c2b7,2025-02,South Yorkshire Police,South Yorkshire Police,-1.464697,53.421349,On or near Emerson Drive,E01008063,Sheffield 011B,Criminal damage and arson,Investigation complete; no suspect identified,
fcc91f2996b408e0b91cfac3efdcc340058efe713f81e5d23056f091edb169c6,2025-02,South Yorkshire Police,South Yorkshire Police,-1.464697,53.421349,On or near Emerson Drive,E01008063,Sheffield 011B,Criminal damage and arson,Investigation complete; no suspect identified,
c2fa71558b8de5cc69a87f8badbc1eecd24ad6faa69996ce7d589ca7143c6ef6,2025-02,South Yorkshire Police,South Yorkshire Police,-1.460861,53.422428,On or near Elmfield Avenue,E01008063,Sheffield 011B,Drugs,Investigation complete; no suspect identified,
5074ec6ec8470b4fa1848bc0a668420b12bedf8a8da284874463cfa4a83cef65,2025-02,South Yorkshire Police,South Yorkshire Police,-1.464754,53.422805,On or near Emerson Crescent,E01008063,Sheffield 011B,Other theft,Unable to prosecute suspect,
f1f2713a8769c441093bd655e2dc7c02a03ea409ff6c00c00d872dfd45e668b3,2025-02,South Yorkshire Police,South Yorkshire Police,-1.464754,53.422805,On or near Emerson Crescent,E01008063,Sheffield 011B,Possession of weapons,Offender given a caution,
2d352ecd19f74378aec7f3f578959d4662facf306af34cac411c78f4cf1eb90a,2025-02,South Yorkshire Police,South Yorkshire Police,-1.464754,53.422805,On or near Emerson Crescent,E01008063,Sheffield 011B,Public order,Unable to prosecute suspect,
774bd15d4363dc5272b5cc06f63b0cc912d5cf5afbdcd2deb1780f3ed258b4b3,2025-02,South Yorkshire Police,South Yorkshire Police,-1.464697,53.421349,On or near Emerson Drive,E01008063,Sheffield 011B,Vehicle crime,Investigation complete; no suspect identified,
bfe8fed36d8bf79a7d280251acf2a1e7e81e5e988ddcb8d6a7a8bca8e6c9f9e4,2025-02,South Yorkshire Police,South Yorkshire Police,-1.464697,53.421349,On or near Emerson Drive,E01008063,Sheffield 011B,Vehicle crime,Investigation complete; no suspect identified,
f90c9e931ad665cdc36b2666454fed52f85cfed4a8612066ce9da8061304781b,2025-02,South Yorkshire Police,South Yorkshire Police,-1.464754,53.422805,On or near Emerson Crescent,E01008063,Sheffield 011B,Violence and sexual offences,Status update unavailable,
c820bd7d8755bdac7cb381ee004bdd05a1472e250d4cbc8a6833680cbb4f3d2f,2025-02,South Yorkshire Police,South Yorkshire Police,-1.464697,53.421349,On or near Emerson Drive,E01008063,Sheffield 011B,Violence and sexual offences,Unable to prosecute suspect,
2fed7de43a6d2bc3785f1478a2a86532d25cec93745c443368d06bee261b2ef0,2025-02,South Yorkshire Police,South Yorkshire Police,-1.464754,53.422805,On or near Emerson Crescent,E01008063,Sheffield 011B,Violence and sexual offences,Unable to prosecute suspect,
e6eb60d8857008ea6428ce015060f4247fcb4568d30b54f5f76c353a7e115f27,2025-02,South Yorkshire Police,South Yorkshire Police,-1.462159,53.422137,On or near Cliffe House Road,E01008063,Sheffield 011B,Violence and sexual offences,Unable to prosecute suspect,
d6caa1fc74eeb3f92c553220a4146b625331af2baae6859554f2e8142f543cf9,2025-02,South Yorkshire Police,South Yorkshire Police,-1.464754,53.422805,On or near Emerson Crescent,E01008063,Sheffield 011B,Violence and sexual offences,Local resolution,
18ddda4a0ec06f64d7502da8fa84d843f00710313b26df62dd67fa3ce9b86a52,2025-02,South Yorkshire Police,South Yorkshire Police,-1.464754,53.422805,On or near Emerson Crescent,E01008063,Sheffield 011B,Violence and sexual offences,Unable to prosecute suspect,
f94d6091111f51aace4c870b5f6aa0684ca6528f82a5c762b938624a1aac217c,2025-02,South Yorkshire Police,South Yorkshire Police,-1.464754,53.422805,On or near Emerson Crescent,E01008063,Sheffield 011B,Violence and sexual offences,Investigation complete; no suspect identified,
6aee37f2a83ab245ac85b1b24cd9b07a08d04d3db213516ae56a02b20529d444,2025-02,South Yorkshire Police,South Yorkshire Police,-1.459750,53.422216,On or near Crest Road,E01008063,Sheffield 011B,Violence and sexual offences,Unable to prosecute suspect,
9317a9adebc1973d81e17294ce7dca05fd82c3a3f4a6db4a56138bf46356ead7,2025-02,South Yorkshire Police,South Yorkshire Police,-1.464754,53.422805,On or near Emerson Crescent,E01008063,Sheffield 011B,Violence and sexual offences,Status update unavailable,
a46882397a26c77c1ef62655fd830439cc48a49ca397eb5b3d7534b728dd2212,2025-02,South Yorkshire Police,South Yorkshire Police,-1.464697,53.421349,On or near Emerson Drive,E01008063,Sheffield 011B,Violence and sexual offences,Unable to prosecute suspect,
,2025-02,South Yorkshire Police,South Yorkshire Police,-1.482266,53.426855,On or near Buchanan Crescent,E01033277,Sheffield 011E,Anti-social behaviour,,
,2025-02,South Yorkshire Police,South Yorkshire Police,-1.463393,53.424525,On or near Lindsay Avenue,E01033277,Sheffield 011E,Anti-social behaviour,,
,2025-02,South Yorkshire Police,South Yorkshire Police,-1.465990,53.425022,On or near Lindsay Road,E01033277,Sheffield 011E,Anti-social behaviour,,
,2025-02,South Yorkshire Police,South Yorkshire Police,-1.482266,53.426855,On or near Buchanan Crescent,E01033277,Sheffield 011E,Anti-social behaviour,,
,2025-02,South Yorkshire Police,South Yorkshire Police,-1.482266,53.426855,On or near Buchanan Crescent,E01033277,Sheffield 011E,Anti-social behaviour,,
0ad7b74dff82c53650799dab1cfd4502e24a000e92afe441b9a94e415758a1e4,2025-02,South Yorkshire Police,South Yorkshire Police,-1.482266,53.426855,On or near Buchanan Crescent,E01033277,Sheffield 011E,Criminal damage and arson,Investigation complete; no suspect identified,
8cb5d4ff11763764a9d6b7d7fcace5ae9e7a8cd096b2f683fc5d1d254fc6e832,2025-02,South Yorkshire Police,South Yorkshire Police,-1.482266,53.426855,On or near Buchanan Crescent,E01033277,Sheffield 011E,Criminal damage and arson,Investigation complete; no suspect identified,
52a118b99f3545c636d2927501b6de8861e8a34c5a2341b9eea3f8ab94865ebb,2025-02,South Yorkshire Police,South Yorkshire Police,-1.481663,53.428120,On or near Deerlands Close,E01033277,Sheffield 011E,Drugs,Formal action is not in the public interest,
c82432037253edab51030c24ecdcfc47fed41207addf3bc10731bc0ead19d2a2,2025-02,South Yorkshire Police,South Yorkshire Police,-1.461391,53.426925,On or near Drummond Road,E01033277,Sheffield 011E,Vehicle crime,Investigation complete; no suspect identified,
f78e9f3e8237a9858bada0b4f0f65450eb6d9d9d228f3edc7ba3125bcc88caea,2025-02,South Yorkshire Police,South Yorkshire Police,-1.481663,53.428120,On or near Deerlands Close,E01033277,Sheffield 011E,Vehicle crime,Investigation complete; no suspect identified,
e98cdc010ad2391c01b24ad1b2588a16d6e3e8f76ac04a0d9803ef4467f567bc,2025-02,South Yorkshire Police,South Yorkshire Police,-1.463393,53.424525,On or near Lindsay Avenue,E01033277,Sheffield 011E,Violence and sexual offences,Unable to prosecute suspect,
cf48296a8ab95a0a5d4be14ec762f5b3535e658cb6ab46dbf25d8ca8eb43d05a,2025-02,South Yorkshire Police,South Yorkshire Police,-1.476725,53.424593,On or near Buchanan Road,E01033277,Sheffield 011E,Violence and sexual offences,Unable to prosecute suspect,
cfa54809290dfb509714a03195746f2fd94de5fc8453c74bcd2b189cc0731382,2025-02,South Yorkshire Police,South Yorkshire Police,-1.482266,53.426855,On or near Buchanan Crescent,E01033277,Sheffield 011E,Violence and sexual offences,Unable to prosecute suspect,
db3ba6705c1134b3ea2f6c29887bd4a1a475f51b3f1fabb3c9e2c7cacbe0f667,2025-02,South Yorkshire Police,South Yorkshire Police,-1.476725,53.424593,On or near Buchanan Road,E01033277,Sheffield 011E,Violence and sexual offences,Unable to prosecute suspect,
6271261825525a4c15d1a1666701f2717266e33c64759913a73ec7b53c8ce201,2025-02,South Yorkshire Police,South Yorkshire Police,-1.481663,53.428120,On or near Deerlands Close,E01033277,Sheffield 011E,Violence and sexual offences,Unable to prosecute suspect,
30af9e10d1cb4a7142d51590762183802d47380f6355afbf7dc50070392d3647,2025-02,South Yorkshire Police,South Yorkshire Police,-1.461391,53.426925,On or near Drummond Road,E01033277,Sheffield 011E,Violence and sexual offences,Status update unavailable,
19d4e3653b8a943979fca29ae6f18ebf440694a8b2a649d3e2aa7361e26e3ea3,2025-02,South Yorkshire Police,South Yorkshire Police,-1.464781,53.426616,On or near Lindsay Drive,E01033277,Sheffield 011E,Violence and sexual offences,Investigation complete; no suspect identified,
ed4348dec30d67bd0ee3711593c258a26b84e08631093168d7c69d4a7ab0a156,2025-02,South Yorkshire Police,South Yorkshire Police,-1.463393,53.424525,On or near Lindsay Avenue,E01033277,Sheffield 011E,Violence and sexual offences,Unable to prosecute suspect,
29dd41c0d5ba1b9d8dab78ef7bc7e210b07b17df14a3fbe7078a5c5aac45c1d4,2025-02,South Yorkshire Police,South Yorkshire Police,-1.462576,53.426067,On or near Ingelow Avenue,E01033277,Sheffield 011E,Violence and sexual offences,Unable to prosecute suspect,
5c332dde5165005e1e49881e668118f66051217eadba3ca52b294d7617a6c371,2025-02,South Yorkshire Police,South Yorkshire Police,-1.481663,53.428120,On or near Deerlands Close,E01033277,Sheffield 011E,Other crime,Investigation complete; no suspect identified,
,2025-02,South Yorkshire Police,South Yorkshire Police,-1.496381,53.420587,On or near Heath Road,E01008087,Sheffield 012A,Anti-social behaviour,,
,2025-02,South Yorkshire Police,South Yorkshire Police,-1.496381,53.420587,On or near Heath Road,E01008087,Sheffield 012A,Anti-social behaviour,,
,2025-02,South Yorkshire Police,South Yorkshire Police,-1.497362,53.422866,On or near Alney Place,E01008087,Sheffield 012A,Anti-social behaviour,,
,2025-02,South Yorkshire Police,South Yorkshire Police,-1.496381,53.420587,On or near Heath Road,E01008087,Sheffield 012A,Anti-social behaviour,,
2a12b345edf625e627773101ca03b63bfeba32bb7f82529d4654345df0a47506,2025-02,South Yorkshire Police,South Yorkshire Police,-1.498322,53.423112,On or near Welney Place,E01008087,Sheffield 012A,Burglary,Investigation complete; no suspect identified,
f13aacae8d4bbb3a1874171b0562e3fef78bfa67c185e530d48176d52ae8621e,2025-02,South Yorkshire Police,South Yorkshire Police,-1.496652,53.421847,On or near Parson Cross Road,E01008087,Sheffield 012A,Burglary,Investigation complete; no suspect identified,
fad711180924cc218512cbdd4ed1bf53135ff236359e1019ad51d85adea70468,2025-02,South Yorkshire Police,South Yorkshire Police,-1.501340,53.426307,On or near Fox Hill Drive,E01008087,Sheffield 012A,Violence and sexual offences,Unable to prosecute suspect,
127b4323b34d16e11a4e2ff26b21ae096a9448e5baaa4b2b655851b5b09b3b9e,2025-02,South Yorkshire Police,South Yorkshire Police,-1.501262,53.425255,On or near Camborne Close,E01008087,Sheffield 012A,Violence and sexual offences,Status update unavailable,
4f8b2d39b686e09b0119a8f52933525be2052f5fead7bf5dce7c763876a7c741,2025-02,South Yorkshire Police,South Yorkshire Police,-1.496686,53.421488,On or near Farnley Avenue,E01008087,Sheffield 012A,Violence and sexual offences,Unable to prosecute suspect,
331473aaf66a43033d202df221b073e979ffba2eebc00e1961519fcf8ef47804,2025-02,South Yorkshire Police,South Yorkshire Police,-1.498969,53.424427,On or near Camborne Road,E01008087,Sheffield 012A,Other crime,Unable to prosecute suspect,
2ead3fd135d721a7497b602a9014bf8b3c535e1b6146b2caf0b680e7d242a2dc,2025-02,South Yorkshire Police,South Yorkshire Police,-1.494794,53.418585,On or near Binsted Close,E01008088,Sheffield 012B,Public order,Awaiting court outcome,
ab4ddca4df4229c28e8dea407a5b1b2b91a3d38fa1a364518f3eeb5a75b406c8,2025-02,South Yorkshire Police,South Yorkshire Police,-1.496851,53.425344,On or near Browning Road,E01008088,Sheffield 012B,Public order,Unable to prosecute suspect,
1fffea5feaf17ac9843d73d0d6637c2905528214857eb2513f8475b3b70e7dd7,2025-02,South Yorkshire Police,South Yorkshire Police,-1.494794,53.418585,On or near Binsted Close,E01008088,Sheffield 012B,Shoplifting,Investigation complete; no suspect identified,
3bd49aa6f59e9c5f9345d95cd35ddef0cff6fbe30812ef26d80a1635721662be,2025-02,South Yorkshire Police,South Yorkshire Police,-1.494424,53.418080,On or near Binsted Crescent,E01008088,Sheffield 012B,Shoplifting,Investigation complete; no suspect identified,
4cd831a26b69958de26453a63c2ed94e58729f8ecc2c38aa6633266a85e8d689,2025-02,South Yorkshire Police,South Yorkshire Police,-1.494794,53.418585,On or near Binsted Close,E01008088,Sheffield 012B,Shoplifting,Investigation complete; no suspect identified,
5028ca6855109eb2bd88c29b8e65dea9019e80464d80b08e05bd45cb5e9ca86d,2025-02,South Yorkshire Police,South Yorkshire Police,-1.494424,53.418080,On or near Binsted Crescent,E01008088,Sheffield 012B,Shoplifting,Investigation complete; no suspect identified,
a46b4067dba077d40fa7ceff109b3654af2556ecf9459debff1782d4890bb5b7,2025-02,South Yorkshire Police,South Yorkshire Police,-1.494794,53.418585,On or near Binsted Close,E01008088,Sheffield 012B,Shoplifting,Awaiting court outcome,
ee4dcd9f8f5e7b66e75b52ceaafd30736fd6385862b2e6a8b64ed9523aa987f0,2025-02,South Yorkshire Police,South Yorkshire Police,-1.494794,53.418585,On or near Binsted Close,E01008088,Sheffield 012B,Shoplifting,Investigation complete; no suspect identified,
04fada08f908a6bf8ef251ced68789afd0b2bb69c9d22e0b30cb0d54f264b609,2025-02,South Yorkshire Police,South Yorkshire Police,-1.494794,53.418585,On or near Binsted Close,E01008088,Sheffield 012B,Shoplifting,Investigation complete; no suspect identified,
9ad01153228b4fc51a403e525cedd40bf0834eb0883bbbaa43d7edda99684bbf,2025-02,South Yorkshire Police,South Yorkshire Police,-1.494984,53.421651,On or near Carrville Drive,E01008088,Sheffield 012B,Vehicle crime,Investigation complete; no suspect identified,
1a924dc98a5ea7c88b7336232df65fcdd11c1e007cc0fa7e13c66164146613cc,2025-02,South Yorkshire Police,South Yorkshire Police,-1.494483,53.424570,On or near Browning Drive,E01008088,Sheffield 012B,Violence and sexual offences,Awaiting court outcome,
358d464a6711718454370825d423f548157cbc0c2118a67ab22b5cbc346e6563,2025-02,South Yorkshire Police,South Yorkshire Police,-1.494483,53.424570,On or near Browning Drive,E01008088,Sheffield 012B,Violence and sexual offences,Unable to prosecute suspect,
a484aec46037c5dc5a3b33ff2038b7d7ae88d023aec37062760983317fff7b73,2025-02,South Yorkshire Police,South Yorkshire Police,-1.494974,53.423727,On or near Bignor Place,E01008088,Sheffield 012B,Violence and sexual offences,Unable to prosecute suspect,
,2025-02,South Yorkshire Police,South Yorkshire Police,-1.491846,53.422584,On or near Supermarket,E01008090,Sheffield 012C,Anti-social behaviour,,
,2025-02,South Yorkshire Police,South Yorkshire Police,-1.491846,53.422584,On or near Supermarket,E01008090,Sheffield 012C,Anti-social behaviour,,
,2025-02,South Yorkshire Police,South Yorkshire Police,-1.491846,53.422584,On or near Supermarket,E01008090,Sheffield 012C,Anti-social behaviour,,
b20195d74771aaaede0ea7d494dad72754f69b2a2e684bf20ef7ec656f70cfa0,2025-02,South Yorkshire Police,South Yorkshire Police,-1.492089,53.419571,On or near Cookson Close,E01008090,Sheffield 012C,Criminal damage and arson,Investigation complete; no suspect identified,
6040a65d4884ac2683d9a0c9f341bafdf7a4bb03594bc8e2e8d899f0fff8851d,2025-02,South Yorkshire Police,South Yorkshire Police,-1.492089,53.419571,On or near Cookson Close,E01008090,Sheffield 012C,Other theft,Investigation complete; no suspect identified,
35dd48b50381aea4523b093e4e98b2e6b23999e7b1fbbde7db97e595d0de99a5,2025-02,South Yorkshire Police,South Yorkshire Police,-1.490916,53.422065,On or near Meynell Road,E01008090,Sheffield 012C,Possession of weapons,Unable to prosecute suspect,
ce3c314949b2e6ce16526c30fe36a8d24db4bf874e6446b7a75db43c62b8a02d,2025-02,South Yorkshire Police,South Yorkshire Police,-1.490204,53.418719,On or near Halliwell Close,E01008090,Sheffield 012C,Possession of weapons,Unable to prosecute suspect,
e9bb8d8ee115383f3b6106ce378e6cae0e3fa7b8fb7b91daa79b56a475b71b56,2025-02,South Yorkshire Police,South Yorkshire Police,-1.490916,53.422065,On or near Meynell Road,E01008090,Sheffield 012C,Possession of weapons,Unable to prosecute suspect,
02291b679cba26cdef478000e71ce8c59046729b636af010a560436595f8f6e2,2025-02,South Yorkshire Police,South Yorkshire Police,-1.492089,53.419571,On or near Cookson Close,E01008090,Sheffield 012C,Vehicle crime,Investigation complete; no suspect identified,
0df62d4edae2e5a9a178c464e3c1432e6968fdf9b504d3ab7d6fd34525b85f84,2025-02,South Yorkshire Police,South Yorkshire Police,-1.488866,53.421104,On or near Palgrave Crescent,E01008090,Sheffield 012C,Violence and sexual offences,Status update unavailable,
2b4ad4a6377922c66dbf9a65af928ca60c53423f300200343fb5a5b5879fbda6,2025-02,South Yorkshire Police,South Yorkshire Police,-1.487681,53.420811,On or near Wordsworth Drive,E01008090,Sheffield 012C,Violence and sexual offences,Unable to prosecute suspect,
c01a047c279bc402f54eb61560b555f92508812ccc1793ad0ed07dda8b1e0952,2025-02,South Yorkshire Police,South Yorkshire Police,-1.492089,53.419571,On or near Cookson Close,E01008090,Sheffield 012C,Violence and sexual offences,Unable to prosecute suspect,
627a23d6adff971c961a88baefbe971cd3145bfe53d2719eda9232c3f39da287,2025-02,South Yorkshire Police,South Yorkshire Police,-1.490916,53.422065,On or near Meynell Road,E01008090,Sheffield 012C,Violence and sexual offences,Unable to prosecute suspect,
16e333b1a92abb98bfacfb9b48a637092ae2dfc42193a43fdb4e31faf0bf82ac,2025-02,South Yorkshire Police,South Yorkshire Police,-1.490916,53.422065,On or near Meynell Road,E01008090,Sheffield 012C,Violence and sexual offences,Investigation complete; no suspect identified,
56bfb599468314042e6e170237fad983679c4e26fb333f13908b87a47027ea4b,2025-02,South Yorkshire Police,South Yorkshire Police,-1.492089,53.419571,On or near Cookson Close,E01008090,Sheffield 012C,Violence and sexual offences,Unable to prosecute suspect,
39af9df996e9d21e0256a331a8083dd90cabebc738ba8f6e9a63b7332a4c24be,2025-02,South Yorkshire Police,South Yorkshire Police,-1.488866,53.421104,On or near Palgrave Crescent,E01008090,Sheffield 012C,Other crime,Status update unavailable,
,2025-02,South Yorkshire Police,South Yorkshire Police,-1.488779,53.413328,On or near Scraith Wood Drive,E01008092,Sheffield 012D,Anti-social behaviour,,
,2025-02,South Yorkshire Police,South Yorkshire Police,-1.491625,53.414356,On or near Oxspring Bank,E01008092,Sheffield 012D,Anti-social behaviour,,
e657f05f3e37e4253dcbc8f9e978fbeb11c310dcef0d0b904ffb22a3e00f50f8,2025-02,South Yorkshire Police,South Yorkshire Police,-1.491410,53.416000,On or near Lamb Drive,E01008092,Sheffield 012D,Burglary,Unable to prosecute suspect,
1e00a8555548a73666b0b0653b1b4299ae02a34870f0a3c105f06c3c53f0e169,2025-02,South Yorkshire Police,South Yorkshire Police,-1.488779,53.413328,On or near Scraith Wood Drive,E01008092,Sheffield 012D,Drugs,Status update unavailable,
ee7fc64a31a5fd744a5960a301d63344a6be8b73fe6266ba58d6e0b073803d5c,2025-02,South Yorkshire Police,South Yorkshire Police,-1.491410,53.416000,On or near Lamb Drive,E01008092,Sheffield 012D,Possession of weapons,Unable to prosecute suspect,
97f9e595d0ef1f9dbb76e9de850092091bdad84bd01953a05976003283bb7d85,2025-02,South Yorkshire Police,South Yorkshire Police,-1.488779,53.413328,On or near Scraith Wood Drive,E01008092,Sheffield 012D,Robbery,Investigation complete; no suspect identified,
3ceff4da36e07355da5176f8df25d1ac93b3fa7c7da18bee832c26e4d8387f64,2025-02,South Yorkshire Police,South Yorkshire Police,-1.491410,53.416000,On or near Lamb Drive,E01008092,Sheffield 012D,Robbery,Investigation complete; no suspect identified,
5bd24c7349c8fad788639b61109b48b8fed5665a7cfe4510fc7f9e6ffd1bdfe1,2025-02,South Yorkshire Police,South Yorkshire Police,-1.488779,53.413328,On or near Scraith Wood Drive,E01008092,Sheffield 012D,Vehicle crime,Investigation complete; no suspect identified,
1fd1241c314309af010b72eed2387b75c6513756d97c0b58e3217650d6398b3a,2025-02,South Yorkshire Police,South Yorkshire Police,-1.488779,53.413328,On or near Scraith Wood Drive,E01008092,Sheffield 012D,Violence and sexual offences,Unable to prosecute suspect,
8201ec9c703c28927b161e204ce42328cb7aaa0cc36caafc2b7325176813c0c9,2025-02,South Yorkshire Police,South Yorkshire Police,-1.492129,53.417486,On or near Binsted Drive,E01008092,Sheffield 012D,Violence and sexual offences,Unable to prosecute suspect,
361abe6d58e8de0b05a8361153e8aa219ce8d58015d15e92662aab4be9bc37b2,2025-02,South Yorkshire Police,South Yorkshire Police,-1.491625,53.414356,On or near Oxspring Bank,E01008092,Sheffield 012D,Violence and sexual offences,Unable to prosecute suspect,
73d55efa2567cf349971199e6e2060d080690b60fd2d1d3627c440003f3b64df,2025-02,South Yorkshire Police,South Yorkshire Police,-1.491625,53.414356,On or near Oxspring Bank,E01008092,Sheffield 012D,Violence and sexual offences,Unable to prosecute suspect,
d9b670016e9b80d9acaa3edd7d1ea18c8d4370f2a933f50eaa00dcc7e7fe66de,2025-02,South Yorkshire Police,South Yorkshire Police,-1.479514,53.424147,On or near Adlington Road,E01008122,Sheffield 012E,Burglary,Investigation complete; no suspect identified,
d27ee590868b96b599f3ad47f507ca72660f2d2bd594d3c1962b7e56ce73421b,2025-02,South Yorkshire Police,South Yorkshire Police,-1.479300,53.418303,On or near Southey Green Close,E01008122,Sheffield 012E,Criminal damage and arson,Unable to prosecute suspect,
a0c782288e9ab158e52df60c3ce123bbb837d4870e96df112e8aea00cd7e65bd,2025-02,South Yorkshire Police,South Yorkshire Police,-1.479514,53.424147,On or near Adlington Road,E01008122,Sheffield 012E,Criminal damage and arson,Investigation complete; no suspect identified,
67c98042211e8dab9b33e65e7d69b198a22cdffa3af371340baa7c5878c65723,2025-02,South Yorkshire Police,South Yorkshire Police,-1.479300,53.418303,On or near Southey Green Close,E01008122,Sheffield 012E,Criminal damage and arson,Investigation complete; no suspect identified,
7caeec18961a51f2d00872037a4bb27322191e9277cef3aa63a804f33d1651bc,2025-02,South Yorkshire Police,South Yorkshire Police,-1.481087,53.423524,On or near Adlington Crescent,E01008122,Sheffield 012E,Criminal damage and arson,Unable to prosecute suspect,
894a1932ce5d59906260f56ef1b9dcd10a870968854449353e742e816ad3576c,2025-02,South Yorkshire Police,South Yorkshire Police,-1.479776,53.418754,On or near Supermarket,E01008122,Sheffield 012E,Criminal damage and arson,Investigation complete; no suspect identified,
fa54cac0cfa88a5220185ddd5a4ab349ab86101b70ccab5aa3bc845e9226b2d2,2025-02,South Yorkshire Police,South Yorkshire Police,-1.482576,53.419863,On or near Dryden Avenue,E01008122,Sheffield 012E,Drugs,Investigation complete; no suspect identified,
bb1d0645c3312e0dce4eda8d5fc27c20a65029a25b5b58f635acf3112287b3ee,2025-02,South Yorkshire Police,South Yorkshire Police,-1.482004,53.418665,On or near Hilltop Green,E01008122,Sheffield 012E,Other theft,Investigation complete; no suspect identified,
71fbdf9985303f712df765984453b69b439fd331337128d0542840ad8b74d44e,2025-02,South Yorkshire Police,South Yorkshire Police,-1.484038,53.420885,On or near Dryden Road,E01008122,Sheffield 012E,Possession of weapons,Unable to prosecute suspect,
ecf433174a024031b577cc2579bc344c7b7421aa1a788a5a9c775f192074fd4d,2025-02,South Yorkshire Police,South Yorkshire Police,-1.479776,53.418754,On or near Supermarket,E01008122,Sheffield 012E,Shoplifting,Investigation complete; no suspect identified,
630a0fc94927659770adf0bc383fb022520c928cc37edbe5dfd1f683939b47dc,2025-02,South Yorkshire Police,South Yorkshire Police,-1.479776,53.418754,On or near Supermarket,E01008122,Sheffield 012E,Theft from the person,Investigation complete; no suspect identified,
3dc31bc5290a26bd84ffa2ccad673b8d21b736dc72c1da813d5a7e9f6c6ccd71,2025-02,South Yorkshire Police,South Yorkshire Police,-1.479514,53.424147,On or near Adlington Road,E01008122,Sheffield 012E,Violence and sexual offences,Unable to prosecute suspect,
f77e9648198cf303618e0b889ed8f205cfa376f1f6c5ff60f268f4740588ec05,2025-02,South Yorkshire Police,South Yorkshire Police,-1.484038,53.420885,On or near Dryden Road,E01008122,Sheffield 012E,Violence and sexual offences,Investigation complete; no suspect identified,
61fe5881b792c4194a8d414c6495e3f73ed6d2888f16391d838b79165eb4bfec,2025-02,South Yorkshire Police,South Yorkshire Police,-1.483011,53.421249,On or near Dryden Drive,E01008122,Sheffield 012E,Violence and sexual offences,Unable to prosecute suspect,
0c6c69f182964c4bb9fc9ad831fa15b957fe4b09f3aec190d2a2fee398b5f84b,2025-02,South Yorkshire Police,South Yorkshire Police,-1.483011,53.421249,On or near Dryden Drive,E01008122,Sheffield 012E,Violence and sexual offences,Unable to prosecute suspect,
3d77245156fe641d43f8c75756e4283e35fd57e158ae030df85b0f5ad04c01b7,2025-02,South Yorkshire Police,South Yorkshire Police,-1.479514,53.424147,On or near Adlington Road,E01008122,Sheffield 012E,Violence and sexual offences,Unable to prosecute suspect,
da9742b23e8efce028d5a0c066496553902de4b5860b76ae2b2d42b12d16cab7,2025-02,South Yorkshire Police,South Yorkshire Police,-1.481540,53.420892,On or near Kyle Crescent,E01008122,Sheffield 012E,Violence and sexual offences,Unable to prosecute suspect,
,2025-02,South Yorkshire Police,South Yorkshire Police,-1.484159,53.417093,On or near Pollard Crescent,E01008124,Sheffield 012F,Anti-social behaviour,,
,2025-02,South Yorkshire Police,South Yorkshire Police,-1.484603,53.417733,On or near Pollard Road,E01008124,Sheffield 012F,Anti-social behaviour,,
b0599b5b9987af63a9ec96e19572db206738ba20b800c0ff9ef4934ffc876977,2025-02,South Yorkshire Police,South Yorkshire Police,-1.482341,53.420608,On or near Kyle Close,E01008124,Sheffield 012F,Other theft,Investigation complete; no suspect identified,
04d1e517aa176520d632fee49cff84f107b435f2e314e45053a83b535abb045b,2025-02,South Yorkshire Police,South Yorkshire Police,-1.484603,53.417733,On or near Pollard Road,E01008124,Sheffield 012F,Public order,Unable to prosecute suspect,
9a91a96e41ed097206cbcee50a86c4a4d6dfd2f323215e228f545326e4d41f85,2025-02,South Yorkshire Police,South Yorkshire Police,-1.484390,53.419188,On or near Dryden Way,E01008124,Sheffield 012F,Public order,Unable to prosecute suspect,
d372785f932b251f3ef57bee3d77ff311d3c7d2054c1f4bb31e646aab1532e1b,2025-02,South Yorkshire Police,South Yorkshire Police,-1.484603,53.417733,On or near Pollard Road,E01008124,Sheffield 012F,Public order,Unable to prosecute suspect,
222b24a0536e265fb292ed22682495b5b04165f46226395804b4cd00c7d18838,2025-02,South Yorkshire Police,South Yorkshire Police,-1.484390,53.419188,On or near Dryden Way,E01008124,Sheffield 012F,Public order,Unable to prosecute suspect,
9f1f1d417dbe8ccb309643dda89cad67c6d11a57c46623ce925983ca8c75e402,2025-02,South Yorkshire Police,South Yorkshire Police,-1.482161,53.418100,On or near Galsworthy Avenue,E01008124,Sheffield 012F,Robbery,Investigation complete; no suspect identified,
0270cf496be182a6e8e94666c716699772d1db1bf6b7bb0abe08e8b12915bab0,2025-02,South Yorkshire Police,South Yorkshire Police,-1.483168,53.415686,On or near Donovan Close,E01008124,Sheffield 012F,Vehicle crime,Investigation complete; no suspect identified,
2cc674015311e9257f925a5da4491ad15597f80b8e1c9cab33cbd91f9377270b,2025-02,South Yorkshire Police,South Yorkshire Police,-1.485045,53.416027,On or near Donovan Road,E01008124,Sheffield 012F,Violence and sexual offences,Unable to prosecute suspect,
0c570b76928ae7b08f62e4ce2f939524a3c97d0333cc2af141babb3f87ec9c72,2025-02,South Yorkshire Police,South Yorkshire Police,-1.483168,53.415686,On or near Donovan Close,E01008124,Sheffield 012F,Violence and sexual offences,Unable to prosecute suspect,
edbb219aed3b165b30fc0f9d15e5512a24cf75fe9455c5a04c38e27c51b3e350,2025-02,South Yorkshire Police,South Yorkshire Police,-1.483168,53.415686,On or near Donovan Close,E01008124,Sheffield 012F,Violence and sexual offences,Unable to prosecute suspect,
223d9edb6fb9c801986699893696dd8d0b679a1b690fd76e19523a6b64dcea8e,2025-02,South Yorkshire Police,South Yorkshire Police,-1.485865,53.415437,On or near Adkins Drive,E01008124,Sheffield 012F,Violence and sexual offences,Unable to prosecute suspect,
054ecfd6b6d67cb68514cacccdb44468db39c841fa036bd7e1e0a2c5e5e36ff2,2025-02,South Yorkshire Police,South Yorkshire Police,-1.485242,53.414625,On or near Adkins Road,E01008124,Sheffield 012F,Violence and sexual offences,Local resolution,
7ca744a5d9d9e64eee0c4d96e704555ccb818608de5e2acfd1ec3cade4cb5b9c,2025-02,South Yorkshire Police,South Yorkshire Police,-1.486678,53.417841,On or near Pollard Avenue,E01008124,Sheffield 012F,Other crime,Further investigation is not in the public interest,
bf7d755ecf1d832095a1c07e88d7bbeea19a6d518ebe42e13234f831e07903ff,2025-02,South Yorkshire Police,South Yorkshire Police,-1.486678,53.417841,On or near Pollard Avenue,E01008124,Sheffield 012F,Other crime,Unable to prosecute suspect,
e7bb76f80689a6d4b1fa8563e1231965543a0e0c13701a3d92692b69668e876d,2025-02,South Yorkshire Police,South Yorkshire Police,-1.484159,53.417093,On or near Pollard Crescent,E01008124,Sheffield 012F,Other crime,Investigation complete; no suspect identified,
82ad4458f31d63fe9f8ddb7e52a9c7691e9d3eafeac3a462939d98c4cfe366d6,2025-02,South Yorkshire Police,South Yorkshire Police,-1.483168,53.415686,On or near Donovan Close,E01008124,Sheffield 012F,Other crime,Unable to prosecute suspect,
,2025-02,South Yorkshire Police,South Yorkshire Police,-1.436989,53.417158,On or near Bluebell Close,E01007848,Sheffield 013A,Anti-social behaviour,,
,2025-02,South Yorkshire Police,South Yorkshire Police,-1.434452,53.417892,On or near Wincobank Road,E01007848,Sheffield 013A,Anti-social behaviour,,
,2025-02,South Yorkshire Police,South Yorkshire Police,-1.437235,53.417906,On or near Wincobank Avenue,E01007848,Sheffield 013A,Anti-social behaviour,,
,2025-02,South Yorkshire Police,South Yorkshire Police,-1.437235,53.417906,On or near Wincobank Avenue,E01007848,Sheffield 013A,Anti-social behaviour,,
1497b9c6c04e7279a5f081c64a9a298d17718c6a511b9fcd720b729ff4a377ce,2025-02,South Yorkshire Police,South Yorkshire Police,-1.437457,53.421664,On or near Shiregreen Lane,E01007848,Sheffield 013A,Burglary,Awaiting court outcome,
956496dced400be3d08fc1ef433e552ae342f90c8a8881b3fe8853834b1239e8,2025-02,South Yorkshire Police,South Yorkshire Police,-1.441400,53.418150,On or near Heather Road,E01007848,Sheffield 013A,Criminal damage and arson,Investigation complete; no suspect identified,
31fe4b3c2c2763b30b160ca83eba6fa60a1fce0540b0da615d6efba9cd6ae9fd,2025-02,South Yorkshire Police,South Yorkshire Police,-1.436167,53.417892,On or near Wincobank Close,E01007848,Sheffield 013A,Criminal damage and arson,Local resolution,
bb09846fd2911d1bb39cebd383b27acfab3b9e481439c7dc79142c951d0848bc,2025-02,South Yorkshire Police,South Yorkshire Police,-1.437235,53.417906,On or near Wincobank Avenue,E01007848,Sheffield 013A,Criminal damage and arson,Investigation complete; no suspect identified,
303100fdfc53fc10340f6acb4646ee1e4fd7fb90ab0aa426b55c2d1c76cd8b8e,2025-02,South Yorkshire Police,South Yorkshire Police,-1.441962,53.420085,On or near Primrose Avenue,E01007848,Sheffield 013A,Other theft,Unable to prosecute suspect,
1424a34556725a38daa06756b63564949adca5db7610dbe431852fc75ad4d0d1,2025-02,South Yorkshire Police,South Yorkshire Police,-1.436167,53.417892,On or near Wincobank Close,E01007848,Sheffield 013A,Other theft,Unable to prosecute suspect,
83cdf52fd30845ac0a5f8e9cb76c1385bd41253faca0fc17f7cf2eb5b52b5714,2025-02,South Yorkshire Police,South Yorkshire Police,-1.441962,53.420085,On or near Primrose Avenue,E01007848,Sheffield 013A,Other theft,Investigation complete; no suspect identified,
663cda1ef58f7738d5fe557fb4bb1a67385138730620f45ddb109138dcdb006f,2025-02,South Yorkshire Police,South Yorkshire Police,-1.442822,53.418723,On or near Lilac Road,E01007848,Sheffield 013A,Other theft,Investigation complete; no suspect identified,
6df2eb5a574bbcd9945729912c78b49b65bea43f44e0536a3411fc0672248902,2025-02,South Yorkshire Police,South Yorkshire Police,-1.436167,53.417892,On or near Wincobank Close,E01007848,Sheffield 013A,Robbery,Investigation complete; no suspect identified,
429858232fa19de01719339180a1bbcabbf32f8ecd9d08e184ff2d2bc7e7414d,2025-02,South Yorkshire Police,South Yorkshire Police,-1.432764,53.418118,On or near Whinmoor Road,E01007848,Sheffield 013A,Violence and sexual offences,Local resolution,
a54ca3147b1e019c55c55120ccee046c51e919c03df5da5839b5ecc489cf7528,2025-02,South Yorkshire Police,South Yorkshire Police,-1.436167,53.417892,On or near Wincobank Close,E01007848,Sheffield 013A,Violence and sexual offences,Unable to prosecute suspect,
526ce9f6ea2da2d93d7be9e08f83688dd67357536a6c301cf0c32f950b4c6e6a,2025-02,South Yorkshire Police,South Yorkshire Police,-1.436167,53.417892,On or near Wincobank Close,E01007848,Sheffield 013A,Violence and sexual offences,Unable to prosecute suspect,
,2025-02,South Yorkshire Police,South Yorkshire Police,-1.445542,53.419014,On or near Patmore Road,E01007851,Sheffield 013B,Anti-social behaviour,,
8805dd218534998a46c876b4efa295b0a2a92c0dd3f023fca14febde99d6092a,2025-02,South Yorkshire Police,South Yorkshire Police,-1.443302,53.417673,On or near Windmill Lane,E01007851,Sheffield 013B,Other theft,Unable to prosecute suspect,
3d13df17cbca8c4d7d53b3b18ad90d723bfb791e351a2015be40a9a744368b06,2025-02,South Yorkshire Police,South Yorkshire Police,-1.443302,53.417673,On or near Windmill Lane,E01007851,Sheffield 013B,Violence and sexual offences,Unable to prosecute suspect,
2af991af43104eb451a28c73da6de0580ab0762f4ca075d3e02bb7dbcba23fc2,2025-02,South Yorkshire Police,South Yorkshire Police,-1.443302,53.417673,On or near Windmill Lane,E01007851,Sheffield 013B,Violence and sexual offences,Unable to prosecute suspect,
,2025-02,South Yorkshire Police,South Yorkshire Police,-1.460061,53.413139,On or near Longley Hall Road,E01007947,Sheffield 013C,Anti-social behaviour,,
,2025-02,South Yorkshire Police,South Yorkshire Police,-1.458580,53.413627,On or near Longley Hall Way,E01007947,Sheffield 013C,Anti-social behaviour,,
,2025-02,South Yorkshire Police,South Yorkshire Police,-1.459857,53.413767,On or near Longley Hall Grove,E01007947,Sheffield 013C,Anti-social behaviour,,
f307bbc728fdc561681bd2c3fa4379679b8330d46da20430dc06fc112135f26e,2025-02,South Yorkshire Police,South Yorkshire Police,-1.460061,53.413139,On or near Longley Hall Road,E01007947,Sheffield 013C,Criminal damage and arson,Unable to prosecute suspect,
289baf7087835889e76134644ba5ba5a7c9d1b91e0f612807f40265840252b2b,2025-02,South Yorkshire Police,South Yorkshire Police,-1.458580,53.413627,On or near Longley Hall Way,E01007947,Sheffield 013C,Criminal damage and arson,Investigation complete; no suspect identified,
370c29b07d35667986a00aa62a3b96259ede4d7d78c5e99e0a72e851eab39dbb,2025-02,South Yorkshire Police,South Yorkshire Police,-1.459857,53.413767,On or near Longley Hall Grove,E01007947,Sheffield 013C,Criminal damage and arson,Investigation complete; no suspect identified,
46203dae815b79305f9720ab0a6eadc5e0755916e9cb13121350f224c99b6c9f,2025-02,South Yorkshire Police,South Yorkshire Police,-1.458580,53.413627,On or near Longley Hall Way,E01007947,Sheffield 013C,Criminal damage and arson,Investigation complete; no suspect identified,
2333aa2bfd27173b80abefc8ea9ce2c3bc40b8c2d616aab17da329a4f16ce9b5,2025-02,South Yorkshire Police,South Yorkshire Police,-1.458580,53.413627,On or near Longley Hall Way,E01007947,Sheffield 013C,Drugs,Status update unavailable,
8514cf0299f8688e20f173141dcb269d3a41ad16389d0647a21cc074165a58be,2025-02,South Yorkshire Police,South Yorkshire Police,-1.458580,53.413627,On or near Longley Hall Way,E01007947,Sheffield 013C,Other theft,Unable to prosecute suspect,
1adc3e01f615674dfa92de6d3b8c54df217a0b8990fc30302f4098e644a3d757,2025-02,South Yorkshire Police,South Yorkshire Police,-1.459857,53.413767,On or near Longley Hall Grove,E01007947,Sheffield 013C,Possession of weapons,Awaiting court outcome,
739cfeabe62c3d12eef349de07c8b910cb6ae6d9d841eba4c03e764785941577,2025-02,South Yorkshire Police,South Yorkshire Police,-1.461191,53.415373,On or near Longley Lane,E01007947,Sheffield 013C,Public order,Unable to prosecute suspect,
3a090fe8d08e08c6438cf45f6835917cebe7c32cc479ed351f801efb59f042fd,2025-02,South Yorkshire Police,South Yorkshire Police,-1.458580,53.413627,On or near Longley Hall Way,E01007947,Sheffield 013C,Public order,Unable to prosecute suspect,
684ce76f3df7eeea800add2861e81ed2072dd31100f94067c5bd246eba23a11b,2025-02,South Yorkshire Police,South Yorkshire Police,-1.461191,53.415373,On or near Longley Lane,E01007947,Sheffield 013C,Vehicle crime,Investigation complete; no suspect identified,
158547a3ba62085c570405a5401ba29d00dc811d39d28702290c2825ced4cf31,2025-02,South Yorkshire Police,South Yorkshire Police,-1.454976,53.415489,On or near Horninglow Road,E01007947,Sheffield 013C,Violence and sexual offences,Unable to prosecute suspect,
7ed7c1755964261baaabf2f8fc08fedd35c14734cc800f036fc914878ae99f94,2025-02,South Yorkshire Police,South Yorkshire Police,-1.459842,53.414999,On or near Longley Hall Rise,E01007947,Sheffield 013C,Violence and sexual offences,Investigation complete; no suspect identified,
d68ef273647bfe29da7afd86078feac2133be0b20c67576238cb699e88892b9f,2025-02,South Yorkshire Police,South Yorkshire Police,-1.459842,53.414999,On or near Longley Hall Rise,E01007947,Sheffield 013C,Violence and sexual offences,Status update unavailable,
281637b446fa896d8490045a71ed570e21c7d5fa0e9ab023da8a439d1caa6b0f,2025-02,South Yorkshire Police,South Yorkshire Police,-1.459842,53.414999,On or near Longley Hall Rise,E01007947,Sheffield 013C,Violence and sexual offences,Unable to prosecute suspect,
114be91095268e7e7d58676aaf3d88c45066e21b5f0e6e23ad0202d56c44b10c,2025-02,South Yorkshire Police,South Yorkshire Police,-1.459842,53.414999,On or near Longley Hall Rise,E01007947,Sheffield 013C,Violence and sexual offences,Investigation complete; no suspect identified,
08c7beabd333fe3474cbd4faa352e4c0069879bd68b725c2c411d8d8a4aeac25,2025-02,South Yorkshire Police,South Yorkshire Police,-1.459857,53.413767,On or near Longley Hall Grove,E01007947,Sheffield 013C,Other crime,Awaiting court outcome,
,2025-02,South Yorkshire Police,South Yorkshire Police,-1.452410,53.418425,On or near Tideswell Road,E01007948,Sheffield 013D,Anti-social behaviour,,
,2025-02,South Yorkshire Police,South Yorkshire Police,-1.452410,53.418425,On or near Tideswell Road,E01007948,Sheffield 013D,Anti-social behaviour,,
d89fac151a1c65a964d6b8fdc4c0f4c1335aa4ddddb1e48c1a4bfeea857d8f8d,2025-02,South Yorkshire Police,South Yorkshire Police,-1.450379,53.416133,On or near Eyncourt Road,E01007948,Sheffield 013D,Criminal damage and arson,Investigation complete; no suspect identified,
4eb1e65abf85af47e8fa83f18097979a8094d7715a2ff833758f40aaf0ab6622,2025-02,South Yorkshire Police,South Yorkshire Police,-1.451814,53.419151,On or near Stubbin Lane,E01007948,Sheffield 013D,Criminal damage and arson,Status update unavailable,
9b15ac011afd276fc4c55989ca7420173ee4a7f09d32d7ef878175a2c8986b87,2025-02,South Yorkshire Police,South Yorkshire Police,-1.451463,53.418376,On or near Downham Road,E01007948,Sheffield 013D,Other theft,Investigation complete; no suspect identified,
fbf3426e46ab0ba210ae3f7e9f21be56417c7c0f1f7379cc3bd25e56b066335b,2025-02,South Yorkshire Police,South Yorkshire Police,-1.449351,53.417683,On or near West Quadrant,E01007948,Sheffield 013D,Other theft,Unable to prosecute suspect,
b905d33a2dd66d7465baf5356c06fbf76d6c26eaca2f3361f3e473d23eaea880,2025-02,South Yorkshire Police,South Yorkshire Police,-1.451463,53.418376,On or near Downham Road,E01007948,Sheffield 013D,Other theft,Investigation complete; no suspect identified,
b1b858ad18f411f78e64ebeb389a7d9fc757ba5c23d1f4a8926271664a1f67aa,2025-02,South Yorkshire Police,South Yorkshire Police,-1.449351,53.417683,On or near West Quadrant,E01007948,Sheffield 013D,Other theft,Unable to prosecute suspect,
e0924a83124d1f4293ac48abd1d633ee189c0a68f94aa8212cd4949ada71f2bd,2025-02,South Yorkshire Police,South Yorkshire Police,-1.451463,53.418376,On or near Downham Road,E01007948,Sheffield 013D,Other theft,Investigation complete; no suspect identified,
9c0ae389a34aabd7a379d51cf079a682159a711369b5c09fc908c6a61f25a194,2025-02,South Yorkshire Police,South Yorkshire Police,-1.452871,53.416540,On or near Merlin Way,E01007948,Sheffield 013D,Violence and sexual offences,Investigation complete; no suspect identified,
c1288d11e573e560def86efd2acfe6eff1ab6521f1d2bcaabf995f30fa562796,2025-02,South Yorkshire Police,South Yorkshire Police,-1.449351,53.417683,On or near West Quadrant,E01007948,Sheffield 013D,Violence and sexual offences,Unable to prosecute suspect,
4eb22c47ea83f25036007a96a6d369d314a9308a3a7afafd2758a491d0a946c7,2025-02,South Yorkshire Police,South Yorkshire Police,-1.452410,53.418425,On or near Tideswell Road,E01007948,Sheffield 013D,Violence and sexual offences,Status update unavailable,
3ccb6e75d298be134e60ee805b5d0ca263b7fbd381d95edf2397091c9e0fbfde,2025-02,South Yorkshire Police,South Yorkshire Police,-1.452113,53.416986,On or near The Oval,E01007948,Sheffield 013D,Violence and sexual offences,Unable to prosecute suspect,
d6ed77228f2882ed6fd7ce979c565d15976333014afd0a33069b643da508fa7e,2025-02,South Yorkshire Police,South Yorkshire Police,-1.450212,53.415072,On or near Hucklow Road,E01007948,Sheffield 013D,Violence and sexual offences,Unable to prosecute suspect,
590ceccc75991b16b82a2235afc0c615977fb810c46801059a0b9ed8acf6d071,2025-02,South Yorkshire Police,South Yorkshire Police,-1.454375,53.418911,On or near Ribble Way,E01007948,Sheffield 013D,Violence and sexual offences,Unable to prosecute suspect,
4cc3fc2b6272df0df26e5c5307fe63e673a139dd98548866076d25293d4bdc90,2025-02,South Yorkshire Police,South Yorkshire Police,-1.452113,53.416986,On or near The Oval,E01007948,Sheffield 013D,Violence and sexual offences,Unable to prosecute suspect,
53b840224cee039b9c38aa7c48d3a21eded35d5b57bda7db8ac0b2774c923829,2025-02,South Yorkshire Police,South Yorkshire Police,-1.452113,53.416986,On or near The Oval,E01007948,Sheffield 013D,Violence and sexual offences,Unable to prosecute suspect,
a91663b302930e730f32c4c5853daf87cc6e1ed4d084ca2881e9899696ca5a30,2025-02,South Yorkshire Police,South Yorkshire Police,-1.448670,53.418908,On or near Shopping Area,E01008062,Sheffield 013E,Burglary,Awaiting court outcome,
797f1008e65630b0deb7c6229dc814738f3c93cc322c467e62be2f94c5cf95a6,2025-02,South Yorkshire Police,South Yorkshire Police,-1.448670,53.418908,On or near Shopping Area,E01008062,Sheffield 013E,Public order,Awaiting court outcome,
ddb473e473a1e7845ef45d9ce52bcdd7da0357ea2ccebcb5e1ac00ddec369203,2025-02,South Yorkshire Police,South Yorkshire Police,-1.448670,53.418908,On or near Shopping Area,E01008062,Sheffield 013E,Public order,Investigation complete; no suspect identified,
3fa7edbd93823b9cc6c6c908484c8b0d8d950292c0471f087da1849df81fdcf4,2025-02,South Yorkshire Police,South Yorkshire Police,-1.448670,53.418908,On or near Shopping Area,E01008062,Sheffield 013E,Public order,Investigation complete; no suspect identified,
8946daba2d2b7c4b257c68e65a333f31e2c923f5f7a0ddddbaafc6f7a02ef48b,2025-02,South Yorkshire Police,South Yorkshire Police,-1.448670,53.418908,On or near Shopping Area,E01008062,Sheffield 013E,Shoplifting,Investigation complete; no suspect identified,
e7f1ba9677c0c0941c1005ad64396788ceb4a1dfe63a0f72dcfe1ce6afc155b5,2025-02,South Yorkshire Police,South Yorkshire Police,-1.448670,53.418908,On or near Shopping Area,E01008062,Sheffield 013E,Shoplifting,Unable to prosecute suspect,
e71c6da059aa6291062c94f853b99bf2e768b0fafd40672815d0b36eb55e14bc,2025-02,South Yorkshire Police,South Yorkshire Police,-1.448670,53.418908,On or near Shopping Area,E01008062,Sheffield 013E,Shoplifting,Awaiting court outcome,
3e049291305458586344753fdcb1d79902df44b4efbf4cb51614e6d940ccb8c8,2025-02,South Yorkshire Police,South Yorkshire Police,-1.448670,53.418908,On or near Shopping Area,E01008062,Sheffield 013E,Vehicle crime,Investigation complete; no suspect identified,
be4898432d2b878c2bd8a71252a756c6ecff0f8caae0c902c676286c720b968e,2025-02,South Yorkshire Police,South Yorkshire Police,-1.449908,53.423421,On or near Ilkley Road,E01008062,Sheffield 013E,Violence and sexual offences,Unable to prosecute suspect,
d6bb3cc04d74ab455ddba01d513fceb61a265e849ced0faf21baeb3733050438,2025-02,South Yorkshire Police,South Yorkshire Police,-1.452889,53.422194,On or near Dial Close,E01008062,Sheffield 013E,Violence and sexual offences,Unable to prosecute suspect,
ec12872450874d3206ac440a94671596763c8c713fda9e12e7793da32c869005,2025-02,South Yorkshire Police,South Yorkshire Police,-1.449017,53.422527,On or near Nesfield Way,E01008062,Sheffield 013E,Violence and sexual offences,Action to be taken by another organisation,
24dcaee4aa0dc96636526311e3f7f3e7c9d97521e1c8f4c38649c33532dc18d4,2025-02,South Yorkshire Police,South Yorkshire Police,-1.452889,53.422194,On or near Dial Close,E01008062,Sheffield 013E,Violence and sexual offences,Unable to prosecute suspect,
3c049c3a9a1eefa02a6a51157fe05fb388957b79506e79e5ac90b2f42339f7bd,2025-02,South Yorkshire Police,South Yorkshire Police,-1.450500,53.420745,On or near Rolleston Road,E01008062,Sheffield 013E,Violence and sexual offences,Unable to prosecute suspect,
77055028e79801adeb78deaff04e15431c89d89529217fdf85b55136a9b51a8a,2025-02,South Yorkshire Police,South Yorkshire Police,-1.449908,53.423421,On or near Ilkley Road,E01008062,Sheffield 013E,Other crime,Unable to prosecute suspect,
,2025-02,South Yorkshire Police,South Yorkshire Police,-1.422507,53.422231,On or near Fife Way,E01007847,Sheffield 014A,Anti-social behaviour,,
9d1025b9d75741a3f93aebcc80af2dac51a51667a9c99a8c28b48807271dabf8,2025-02,South Yorkshire Police,South Yorkshire Police,-1.422507,53.422231,On or near Fife Way,E01007847,Sheffield 014A,Burglary,Unable to prosecute suspect,
e326d4bc627c85ab015b063a0b8b61e2eff552c049f8e12e331ea7c41b3915d0,2025-02,South Yorkshire Police,South Yorkshire Police,-1.424871,53.423240,On or near Stanwell Street,E01007847,Sheffield 014A,Criminal damage and arson,Unable to prosecute suspect,
7f0f5136eea517b7764db7cfe33519621ef013ef611ce6a70eec78e4803aa054,2025-02,South Yorkshire Police,South Yorkshire Police,-1.425762,53.422992,On or near Stanwell Close,E01007847,Sheffield 014A,Criminal damage and arson,Investigation complete; no suspect identified,
327208466d12da238a8693b29c80fb30eec7a142344ee9be4cbc799787801184,2025-02,South Yorkshire Police,South Yorkshire Police,-1.422507,53.422231,On or near Fife Way,E01007847,Sheffield 014A,Drugs,Local resolution,
45344a19db617a1d54bab3d7830e0b8dc82ba1580723a4d732c8de08989aa62e,2025-02,South Yorkshire Police,South Yorkshire Police,-1.420543,53.422761,On or near Oakes Street,E01007847,Sheffield 014A,Drugs,Investigation complete; no suspect identified,
68eb7c987f827df10131ff785eb2b4ca36b58b6af15287be993c8b532ad93c61,2025-02,South Yorkshire Police,South Yorkshire Police,-1.424797,53.424219,On or near Woodbury Close,E01007847,Sheffield 014A,Vehicle crime,Investigation complete; no suspect identified,
fc908a7bc013bd1a30ac210bcb18c758db92763615e05f1f310a5c394444d1c4,2025-02,South Yorkshire Police,South Yorkshire Police,-1.423021,53.423132,On or near Jedburgh Drive,E01007847,Sheffield 014A,Violence and sexual offences,Unable to prosecute suspect,
54bef692ce9a71506f3681ba4b33725a8715a8018edbfe46ab9acf2548fb02f7,2025-02,South Yorkshire Police,South Yorkshire Police,-1.424162,53.422239,On or near Stanwell Avenue,E01007847,Sheffield 014A,Violence and sexual offences,Unable to prosecute suspect,
8f92d3cd9a1248d4b12138b579765d27b921addf24c14f78204fb6d8fef2593d,2025-02,South Yorkshire Police,South Yorkshire Police,-1.423021,53.423132,On or near Jedburgh Drive,E01007847,Sheffield 014A,Violence and sexual offences,Unable to prosecute suspect,
317321ea540341039ae19449919a24d9645f4c7eb98579392f5b52352230189d,2025-02,South Yorkshire Police,South Yorkshire Police,-1.422507,53.422231,On or near Fife Way,E01007847,Sheffield 014A,Violence and sexual offences,Unable to prosecute suspect,
4f7deb6fa13ef172efef550d365196dc64e642e4d61375aac4bfae557509b477,2025-02,South Yorkshire Police,South Yorkshire Police,-1.434870,53.419306,On or near Leedham Road,E01007850,Sheffield 014B,Criminal damage and arson,Unable to prosecute suspect,
1e560e1862559c6eefaf1681dc6e49a0328c3307b161a46fdb9003203b288cbd,2025-02,South Yorkshire Police,South Yorkshire Police,-1.434870,53.419306,On or near Leedham Road,E01007850,Sheffield 014B,Drugs,Local resolution,
1923a83711ef03d41f32b535735ed106e0eedf146a7d63c4b5e5375fd1c56b5d,2025-02,South Yorkshire Police,South Yorkshire Police,-1.434182,53.418961,On or near Tenterden Road,E01007850,Sheffield 014B,Public order,Unable to prosecute suspect,
8df7367df7e7aed4a5a79bc2dea9901136716a792a10363ce657821cd10abef8,2025-02,South Yorkshire Police,South Yorkshire Police,-1.424238,53.419920,On or near Barkby Road,E01007850,Sheffield 014B,Violence and sexual offences,Unable to prosecute suspect,
ab19c614bbb52c43b36ef3f4a8a50da1d9de1e7c958cb1d54207bfc92d3bc0d0,2025-02,South Yorkshire Police,South Yorkshire Police,-1.434182,53.418961,On or near Tenterden Road,E01007850,Sheffield 014B,Violence and sexual offences,Unable to prosecute suspect,
bcedef75e4e75e90b05e1b21d12a9c52930026180e052125a9fa5e7fba8d999e,2025-02,South Yorkshire Police,South Yorkshire Police,-1.434182,53.418961,On or near Tenterden Road,E01007850,Sheffield 014B,Violence and sexual offences,Unable to prosecute suspect,
,2025-02,South Yorkshire Police,South Yorkshire Police,-1.414081,53.423223,On or near Blackburn Road,E01007852,Sheffield 014C,Anti-social behaviour,,
,2025-02,South Yorkshire Police,South Yorkshire Police,-1.423489,53.431961,On or near Grange Mill Lane,E01007852,Sheffield 014C,Anti-social behaviour,,
,2025-02,South Yorkshire Police,South Yorkshire Police,-1.413015,53.416522,On or near Meadowhall Interchange,E01007852,Sheffield 014C,Anti-social behaviour,,
,2025-02,South Yorkshire Police,South Yorkshire Police,-1.413015,53.416522,On or near Meadowhall Interchange,E01007852,Sheffield 014C,Anti-social behaviour,,
,2025-02,South Yorkshire Police,South Yorkshire Police,-1.413015,53.416522,On or near Meadowhall Interchange,E01007852,Sheffield 014C,Anti-social behaviour,,
,2025-02,South Yorkshire Police,South Yorkshire Police,-1.413015,53.416522,On or near Meadowhall Interchange,E01007852,Sheffield 014C,Anti-social behaviour,,
,2025-02,South Yorkshire Police,South Yorkshire Police,-1.413015,53.416522,On or near Meadowhall Interchange,E01007852,Sheffield 014C,Anti-social behaviour,,
,2025-02,South Yorkshire Police,South Yorkshire Police,-1.412144,53.417488,On or near Petrol Station,E01007852,Sheffield 014C,Anti-social behaviour,,
074fe997c514fe6c6df57a3690d65d231e7bbbc00779227e05a59e829ed109d7,2025-02,South Yorkshire Police,South Yorkshire Police,-1.423489,53.431961,On or near Grange Mill Lane,E01007852,Sheffield 014C,Burglary,Investigation complete; no suspect identified,
cc0a6699352ecbd4b8bd72f597dfa677d950610ebc5793e38ef2c4e2df851b13,2025-02,South Yorkshire Police,South Yorkshire Police,-1.418608,53.423416,On or near Dara Street,E01007852,Sheffield 014C,Burglary,Investigation complete; no suspect identified,
56461ef268cd778a73e17f8f46245b11613382e6686a145806fcca37ed34f6b6,2025-02,South Yorkshire Police,South Yorkshire Police,-1.413812,53.417613,On or near Parking Area,E01007852,Sheffield 014C,Criminal damage and arson,Investigation complete; no suspect identified,
6086f954c19760851a50a53f88e87a8c6dd46ef162b3db18e52c8a294dc6dd61,2025-02,South Yorkshire Police,South Yorkshire Police,-1.413812,53.417613,On or near Parking Area,E01007852,Sheffield 014C,Drugs,Unable to prosecute suspect,
952b7e8c739bf6d1744cf00c80c9be35a3473079c5cccf078c539dfdb533c9d0,2025-02,South Yorkshire Police,South Yorkshire Police,-1.421105,53.421253,On or near Jardine Street,E01007852,Sheffield 014C,Drugs,Investigation complete; no suspect identified,
487f02782528c167a03d5e7a63e48c27f8f5739477a2155838971c6a08601dff,2025-02,South Yorkshire Police,South Yorkshire Police,-1.418030,53.421652,On or near Eccles Street,E01007852,Sheffield 014C,Drugs,Investigation complete; no suspect identified,
0868770992d700dfa9e775cd730ee52b0d35c8abca8c010117bc7bec91a44ca4,2025-02,South Yorkshire Police,South Yorkshire Police,-1.418030,53.421652,On or near Eccles Street,E01007852,Sheffield 014C,Other theft,Investigation complete; no suspect identified,
1c9bfe247bdb0e65ba5e1e0669a395e0d54764548eaa3f867747fcaf4fbe5ec1,2025-02,South Yorkshire Police,South Yorkshire Police,-1.413015,53.416522,On or near Meadowhall Interchange,E01007852,Sheffield 014C,Public order,Investigation complete; no suspect identified,
eec9c3e5b585d844a8c2df840a54fe3ee8b4cb683b6d13f71aaf321d382b5042,2025-02,South Yorkshire Police,South Yorkshire Police,-1.409911,53.421225,On or near M1,E01007852,Sheffield 014C,Public order,Unable to prosecute suspect,
1985489d80f13d3322ac93a293d2c09c6aff0b33287f705446da6acc9d76a1fa,2025-02,South Yorkshire Police,South Yorkshire Police,-1.413015,53.416522,On or near Meadowhall Interchange,E01007852,Sheffield 014C,Public order,Investigation complete; no suspect identified,
52645ec862159eb231f14deb13238011890f2aaf6c79aa5eb6c8c56ed530fcfe,2025-02,South Yorkshire Police,South Yorkshire Police,-1.414081,53.423223,On or near Blackburn Road,E01007852,Sheffield 014C,Vehicle crime,Unable to prosecute suspect,
fc100b0ae6fa1ae3eccfb883f447300652ebd3eb4bfb01e9535948da60e2d5ab,2025-02,South Yorkshire Police,South Yorkshire Police,-1.417946,53.422289,On or near Chapman Street,E01007852,Sheffield 014C,Vehicle crime,Investigation complete; no suspect identified,
38c60c6f38b5893fbe8055a1fc22f6da180b04d748ffb420389432a872749b0b,2025-02,South Yorkshire Police,South Yorkshire Police,-1.413812,53.417613,On or near Parking Area,E01007852,Sheffield 014C,Vehicle crime,Investigation complete; no suspect identified,
3bfcbc39aaf6926b03fa836d98222150bc7470f6fe1c611b34e24e1cebef6296,2025-02,South Yorkshire Police,South Yorkshire Police,-1.416373,53.425131,On or near Blackburn Road,E01007852,Sheffield 014C,Vehicle crime,Investigation complete; no suspect identified,
5c9332304062346f84eb12b66a5ce0f03e9a64fb19eb6aef9632356acdbbb3a9,2025-02,South Yorkshire Police,South Yorkshire Police,-1.413015,53.416522,On or near Meadowhall Interchange,E01007852,Sheffield 014C,Vehicle crime,Investigation complete; no suspect identified,
d7209b68b4f86af42a0cbdc6b92f7273515ce65e217a6ae555edba88db4a51ce,2025-02,South Yorkshire Police,South Yorkshire Police,-1.413812,53.417613,On or near Parking Area,E01007852,Sheffield 014C,Vehicle crime,Investigation complete; no suspect identified,
eb64345cf180e5476192013b6469186a1b69c67c5caa0f229a0cda7d6875940e,2025-02,South Yorkshire Police,South Yorkshire Police,-1.413812,53.417613,On or near Parking Area,E01007852,Sheffield 014C,Vehicle crime,Investigation complete; no suspect identified,
7c5a6eadf9153e368106a659c875b52b1d9f423d0c1779729b34728c4e306e14,2025-02,South Yorkshire Police,South Yorkshire Police,-1.423489,53.431961,On or near Grange Mill Lane,E01007852,Sheffield 014C,Violence and sexual offences,Investigation complete; no suspect identified,
fe0533d28f8476120bab8b8b48a2353c95f698f221356a62277916ecfbf316e5,2025-02,South Yorkshire Police,South Yorkshire Police,-1.413812,53.417613,On or near Parking Area,E01007852,Sheffield 014C,Violence and sexual offences,Unable to prosecute suspect,
15661b8201fe9083052ab9665a1b8c5977bb1121cc714546e1c4cdc365b828b7,2025-02,South Yorkshire Police,South Yorkshire Police,-1.418030,53.421652,On or near Eccles Street,E01007852,Sheffield 014C,Violence and sexual offences,Unable to prosecute suspect,
df1f4d31f413508065db44b2ec41c21a2614e1857d1c6b6a42511e3043807179,2025-02,South Yorkshire Police,South Yorkshire Police,-1.413015,53.416522,On or near Meadowhall Interchange,E01007852,Sheffield 014C,Violence and sexual offences,Status update unavailable,
,2025-02,South Yorkshire Police,South Yorkshire Police,-1.427223,53.413885,On or near Jenkin Avenue,E01007853,Sheffield 014D,Anti-social behaviour,,
444f0d4d694481906dad064fdbd24df6de26b72cb4b7931d8560917c8e1d45f7,2025-02,South Yorkshire Police,South Yorkshire Police,-1.433300,53.416269,On or near Orchid Crescent,E01007853,Sheffield 014D,Criminal damage and arson,Investigation complete; no suspect identified,
08305e64b92f766c030542b025241a0b54d7a37724e7103f9017cf42545eaf3a,2025-02,South Yorkshire Police,South Yorkshire Police,-1.427223,53.413885,On or near Jenkin Avenue,E01007853,Sheffield 014D,Public order,Unable to prosecute suspect,
2f15ed95645a883490e9a5b9b1873e8a5d515e3101044c97bfe6bd7532a5a283,2025-02,South Yorkshire Police,South Yorkshire Police,-1.428798,53.414234,On or near Sandstone Road,E01007853,Sheffield 014D,Public order,Investigation complete; no suspect identified,
5819599eddab09149bd37e8871c5a50fde0d6d4c5d110b8777cc2e33723cdc5f,2025-02,South Yorkshire Police,South Yorkshire Police,-1.431556,53.413915,On or near Sandstone Avenue,E01007853,Sheffield 014D,Violence and sexual offences,Unable to prosecute suspect,
,2025-02,South Yorkshire Police,South Yorkshire Police,-1.424360,53.414276,On or near Jenkin Road,E01007854,Sheffield 014E,Anti-social behaviour,,
,2025-02,South Yorkshire Police,South Yorkshire Police,-1.420909,53.413549,On or near Walling Close,E01007854,Sheffield 014E,Anti-social behaviour,,
,2025-02,South Yorkshire Police,South Yorkshire Police,-1.420909,53.413549,On or near Walling Close,E01007854,Sheffield 014E,Anti-social behaviour,,
d87a4ef6aeaf35074f9df2d2797a24c537b1634ca00ee8bb85047f3299141ad9,2025-02,South Yorkshire Police,South Yorkshire Police,-1.422248,53.413582,On or near Tipton Street,E01007854,Sheffield 014E,Drugs,Status update unavailable,
60e3683c2d86d61530786ab0c40615e6227d712f67dfe36063575f749c3a8c06,2025-02,South Yorkshire Police,South Yorkshire Police,-1.422248,53.413582,On or near Tipton Street,E01007854,Sheffield 014E,Drugs,Status update unavailable,
88bed508f61f20a58715f849b4e44baf50bbfe99379e5bf35c7633f2a55cf351,2025-02,South Yorkshire Police,South Yorkshire Police,-1.422159,53.412324,On or near Lincoln Street,E01007854,Sheffield 014E,Public order,Investigation complete; no suspect identified,
b6a9d627fd83725c17a4ac2e9fed664f944e5192e4bd735820cff16faae12fd9,2025-02,South Yorkshire Police,South Yorkshire Police,-1.422159,53.412324,On or near Lincoln Street,E01007854,Sheffield 014E,Public order,Investigation complete; no suspect identified,
bec0cde5c64b86671106f338cb694e3f64b01c8e8d8c27449919dd848e97d0c2,2025-02,South Yorkshire Police,South Yorkshire Police,-1.422159,53.412324,On or near Lincoln Street,E01007854,Sheffield 014E,Public order,Unable to prosecute suspect,
a21ea4cb107f83d8a5d5680862e89d6e1814fd8fcb0e1da1dfdeca944f7827a5,2025-02,South Yorkshire Police,South Yorkshire Police,-1.420909,53.413549,On or near Walling Close,E01007854,Sheffield 014E,Violence and sexual offences,Unable to prosecute suspect,
9055006de305375d30676d041fcfa33f8615ac2770e1b483008294af822639db,2025-02,South Yorkshire Police,South Yorkshire Police,-1.420909,53.413549,On or near Walling Close,E01007854,Sheffield 014E,Violence and sexual offences,Unable to prosecute suspect,
23ea66fc6df2f0b4992fd84fa70108a673e9c8dd6047c1a15cc408b51506dae7,2025-02,South Yorkshire Police,South Yorkshire Police,-1.425138,53.412320,On or near Limpsfield Road,E01007854,Sheffield 014E,Violence and sexual offences,Investigation complete; no suspect identified,
,2025-02,South Yorkshire Police,South Yorkshire Police,-1.434112,53.407221,On or near Wansfell Road,E01007855,Sheffield 014F,Anti-social behaviour,,
d0c11a906ccac19efd335935db1870c7787af8d9df67954ba58a81349807cbc6,2025-02,South Yorkshire Police,South Yorkshire Police,-1.429278,53.409877,On or near Holywell Heights,E01007855,Sheffield 014F,Criminal damage and arson,Unable to prosecute suspect,
4dbdd6d81a99bf6c355b74eaadeaf02296f089ae4776e8b74b29a5bd436eece9,2025-02,South Yorkshire Police,South Yorkshire Police,-1.434112,53.407221,On or near Wansfell Road,E01007855,Sheffield 014F,Vehicle crime,Investigation complete; no suspect identified,
1b47cabf69a379029f61793e699ac462ead3e96ef2df1b930e90df7a9e541dfd,2025-02,South Yorkshire Police,South Yorkshire Police,-1.430811,53.409956,On or near Skelwith Drive,E01007855,Sheffield 014F,Violence and sexual offences,Unable to prosecute suspect,
d0bb6f1cdcfd8157e51d076d982728563941a5bf2cce6bd5f0a8be84cbb1452a,2025-02,South Yorkshire Police,South Yorkshire Police,-1.431760,53.409871,On or near Farcroft Grove,E01007855,Sheffield 014F,Violence and sexual offences,Unable to prosecute suspect,
92aea71477fd0f1a435738edcf8aa9e867547f1cec1af87dfc02fbc7bfe2bf81,2025-02,South Yorkshire Police,South Yorkshire Police,-1.433685,53.407678,On or near Rothay Road,E01007855,Sheffield 014F,Violence and sexual offences,Unable to prosecute suspect,
4324a4296c7a220104ff6c93bd679e2ec993f2518681b97ffc3bad94c8f47703,2025-02,South Yorkshire Police,South Yorkshire Police,-1.427942,53.409655,On or near Holywell Road,E01007855,Sheffield 014F,Violence and sexual offences,Unable to prosecute suspect,
179caf59cced1f89600317e9d64308c076b3dadf3f753682511b82306a678088,2025-02,South Yorkshire Police,South Yorkshire Police,-1.465424,53.410116,On or near Aldfield Way,E01007941,Sheffield 015A,Burglary,Investigation complete; no suspect identified,
05f05d9923c14316a7b19a52e00ad9af5baaf93f47938e60866dbe6f9755ca48,2025-02,South Yorkshire Police,South Yorkshire Police,-1.465424,53.410116,On or near Aldfield Way,E01007941,Sheffield 015A,Burglary,Investigation complete; no suspect identified,
016a8016d37dd07f6a563be097b65f674a51a60e1391c3a78f8eba44ffcbe538,2025-02,South Yorkshire Police,South Yorkshire Police,-1.465671,53.410809,On or near Norwood Avenue,E01007941,Sheffield 015A,Criminal damage and arson,Investigation complete; no suspect identified,
f8b2852db0c6b2528a5153c7295f1a0087e9d40917015e0940ad3e912faade1f,2025-02,South Yorkshire Police,South Yorkshire Police,-1.462712,53.411686,On or near Norwood Grange Drive,E01007941,Sheffield 015A,Possession of weapons,Unable to prosecute suspect,
61fa65b9fc2b703fd3dae6b8142214b3e0ad1c9b5ce0c04560fc9e0c966f9560,2025-02,South Yorkshire Police,South Yorkshire Police,-1.462712,53.411686,On or near Norwood Grange Drive,E01007941,Sheffield 015A,Public order,Unable to prosecute suspect,
1674ef681d62cd632bcb1f1dce954f4606a1a85638245278726b2c69fffbd9fa,2025-02,South Yorkshire Police,South Yorkshire Police,-1.464486,53.412997,On or near Longley Close,E01007941,Sheffield 015A,Public order,Unable to prosecute suspect,
744f4c68e829946045892931cdfd4055c932043a81f30c523f54f72f97b16176,2025-02,South Yorkshire Police,South Yorkshire Police,-1.464486,53.412997,On or near Longley Close,E01007941,Sheffield 015A,Public order,Unable to prosecute suspect,
be6016ae61ad487809f65a4baf8343e25dcabf2ab2f36d018373dbdcc972420a,2025-02,South Yorkshire Police,South Yorkshire Police,-1.461327,53.414124,On or near Longley Farm View,E01007941,Sheffield 015A,Public order,Unable to prosecute suspect,
e5cb71710a78cfa3f71aaf1f6cafe2e5f6624941a175ab0e0e68acc4475d640b,2025-02,South Yorkshire Police,South Yorkshire Police,-1.461327,53.414124,On or near Longley Farm View,E01007941,Sheffield 015A,Violence and sexual offences,Investigation complete; no suspect identified,
8459d842d26abb9621ad2ca706b1e88ae7609fd4c1ea397872417375449e18c2,2025-02,South Yorkshire Police,South Yorkshire Police,-1.462712,53.411686,On or near Norwood Grange Drive,E01007941,Sheffield 015A,Violence and sexual offences,Awaiting court outcome,
5d8295214ff0b5f660fedf839113f004a19344fc9d5e1ac3886c4e0889f33a0a,2025-02,South Yorkshire Police,South Yorkshire Police,-1.461327,53.414124,On or near Longley Farm View,E01007941,Sheffield 015A,Violence and sexual offences,Unable to prosecute suspect,
4c803a12b9f1feceec542d98996a7722988f075ea75b77f84319d8238d30d399,2025-02,South Yorkshire Police,South Yorkshire Police,-1.461327,53.414124,On or near Longley Farm View,E01007941,Sheffield 015A,Violence and sexual offences,Unable to prosecute suspect,
8cf52711f71bad1edcfbe1012528b0dfeffc0c4cbd9ec9841f3baf20b36f4914,2025-02,South Yorkshire Police,South Yorkshire Police,-1.461327,53.414124,On or near Longley Farm View,E01007941,Sheffield 015A,Violence and sexual offences,Unable to prosecute suspect,
,2025-02,South Yorkshire Police,South Yorkshire Police,-1.471190,53.417054,On or near Southey Avenue,E01007945,Sheffield 015B,Anti-social behaviour,,
cd49e17739f0320b6fcbcc3d8fde915b72950c13d58acfc75ffe6138440eea12,2025-02,South Yorkshire Police,South Yorkshire Police,-1.473138,53.414087,On or near Raisen Hall Place,E01007945,Sheffield 015B,Criminal damage and arson,Investigation complete; no suspect identified,
fa8d7d417d283df7207a7cd246c1f4cf0aa9d1fea1858b3ff18376827c609a6e,2025-02,South Yorkshire Police,South Yorkshire Police,-1.470743,53.416701,On or near Southey Drive,E01007945,Sheffield 015B,Possession of weapons,Investigation complete; no suspect identified,
8ebf60cbbf2afad25b2b39acd9ae48c23242f66f825b4f7be85e765f518d623a,2025-02,South Yorkshire Police,South Yorkshire Police,-1.470458,53.414201,On or near Herries Place,E01007945,Sheffield 015B,Public order,Unable to prosecute suspect,
2280da8c9674c81386c19ddbe9e90262527f5beec01436c9190437cfbf4d01ae,2025-02,South Yorkshire Police,South Yorkshire Police,-1.470458,53.414201,On or near Herries Place,E01007945,Sheffield 015B,Public order,Unable to prosecute suspect,
c286277212e89f2d433c1ab6dff0d2d035836951f1412e0fdf984803eb116683,2025-02,South Yorkshire Police,South Yorkshire Police,-1.473138,53.414087,On or near Raisen Hall Place,E01007945,Sheffield 015B,Violence and sexual offences,Unable to prosecute suspect,
4478aac2c5429268d1465336ad5dd2d5c917a647b85603aa4dcec713c22ca0c5,2025-02,South Yorkshire Police,South Yorkshire Police,-1.478583,53.415406,On or near Morgan Close,E01007945,Sheffield 015B,Violence and sexual offences,Awaiting court outcome,
8e7e184597af3e437b454e371724e6468df1ab9f8c96a14e250634b79c5789ad,2025-02,South Yorkshire Police,South Yorkshire Police,-1.475447,53.415967,On or near Southey Close,E01007945,Sheffield 015B,Violence and sexual offences,Unable to prosecute suspect,
095419472f5aa8903709be869a5516d19954ed4afac2079f7a8d556cb46240f2,2025-02,South Yorkshire Police,South Yorkshire Police,-1.470743,53.416701,On or near Southey Drive,E01007945,Sheffield 015B,Violence and sexual offences,Awaiting court outcome,
47108335888ad30d408a77efc1246b49165a9f0825262bf4d09db642383798ac,2025-02,South Yorkshire Police,South Yorkshire Police,-1.470743,53.416701,On or near Southey Drive,E01007945,Sheffield 015B,Violence and sexual offences,Unable to prosecute suspect,
4b19e4cc00c02a87f0baadcce780e1e410197e5a931fe659fc3c333dd0f1f207,2025-02,South Yorkshire Police,South Yorkshire Police,-1.468807,53.415156,On or near Everingham Road,E01007945,Sheffield 015B,Violence and sexual offences,Unable to prosecute suspect,
a6778080d728b2d13bd69e4794cb2ff80ac59887dd74046c074c1b84ae2a02d3,2025-02,South Yorkshire Police,South Yorkshire Police,-1.470458,53.414201,On or near Herries Place,E01007945,Sheffield 015B,Violence and sexual offences,Unable to prosecute suspect,
ce70ed7bd1731760040143fcc0d3794a3b7b4189597443de934b286192a7d07d,2025-02,South Yorkshire Police,South Yorkshire Police,-1.468807,53.415156,On or near Everingham Road,E01007945,Sheffield 015B,Violence and sexual offences,Unable to prosecute suspect,
6d1d1cb5eb366d58205ca1f446397fd38b96c0a5ed72a8fa674cb8ad87a4136f,2025-02,South Yorkshire Police,South Yorkshire Police,-1.478583,53.415406,On or near Morgan Close,E01007945,Sheffield 015B,Other crime,Awaiting court outcome,
e23437fd210651d58a870990f69f2ab5824f4052f805f94c9dbcf97d6a59ec79,2025-02,South Yorkshire Police,South Yorkshire Police,-1.470743,53.416701,On or near Southey Drive,E01007945,Sheffield 015B,Other crime,Unable to prosecute suspect,
170f9cba48bcd1ef7da434921f947284c9e0ea754b788a4c0164a2a7d4e403b3,2025-02,South Yorkshire Police,South Yorkshire Police,-1.470743,53.416701,On or near Southey Drive,E01007945,Sheffield 015B,Other crime,Unable to prosecute suspect,
,2025-02,South Yorkshire Police,South Yorkshire Police,-1.473211,53.419139,On or near Southey Hall Road,E01007946,Sheffield 015C,Anti-social behaviour,,
,2025-02,South Yorkshire Police,South Yorkshire Police,-1.476619,53.417303,On or near Southey Place,E01007946,Sheffield 015C,Anti-social behaviour,,
95d4a0609dfe2330d20163716e6a0b8a83fa03e78f1e3c373266ef142df31b38,2025-02,South Yorkshire Police,South Yorkshire Police,-1.465844,53.417489,On or near Crowder Road,E01007946,Sheffield 015C,Burglary,Investigation complete; no suspect identified,
8207778eccd865da209053681edd53b0e4b2d908e9627544f823c707023d6de4,2025-02,South Yorkshire Police,South Yorkshire Police,-1.474602,53.417375,On or near Raisen Hall Road,E01007946,Sheffield 015C,Criminal damage and arson,Unable to prosecute suspect,
e0fc145d062def6c866751d73973280a57a15fd2019152cfe4f06eece1a73a18,2025-02,South Yorkshire Police,South Yorkshire Police,-1.473211,53.419139,On or near Southey Hall Road,E01007946,Sheffield 015C,Other theft,Unable to prosecute suspect,
8d732ffb86731f84ec3edea5cb3215ffeb580e78b9bd597a3d032bcd68219983,2025-02,South Yorkshire Police,South Yorkshire Police,-1.472278,53.417931,On or near Crowder Close,E01007946,Sheffield 015C,Violence and sexual offences,Unable to prosecute suspect,
d4d77949ced4e15f1a7ff61220bdfa69addcfd483ab27cf14053468480c9f10c,2025-02,South Yorkshire Police,South Yorkshire Police,-1.469351,53.418565,On or near Piper Crescent,E01007946,Sheffield 015C,Violence and sexual offences,Unable to prosecute suspect,
df14105d42d1cb3603e22f07038f454067684d7ad131277de03cf525519283b1,2025-02,South Yorkshire Police,South Yorkshire Police,-1.472278,53.417931,On or near Crowder Close,E01007946,Sheffield 015C,Violence and sexual offences,Unable to prosecute suspect,
152f5e1ac94be1876d05c9a5067242612654b9e9c5ac779062dacd26063ca127,2025-02,South Yorkshire Police,South Yorkshire Police,-1.472278,53.417931,On or near Crowder Close,E01007946,Sheffield 015C,Violence and sexual offences,Unable to prosecute suspect,
57a96ca195ca3d6206993efa4a46c7eb74dd55fdd65915dfc97d985f6aefe870,2025-02,South Yorkshire Police,South Yorkshire Police,-1.472278,53.417931,On or near Crowder Close,E01007946,Sheffield 015C,Violence and sexual offences,Unable to prosecute suspect,
152901773c27dcded97d94cdef29b2417e71f59599d7d12da7896c58618d6d30,2025-02,South Yorkshire Police,South Yorkshire Police,-1.469351,53.418565,On or near Piper Crescent,E01007946,Sheffield 015C,Violence and sexual offences,Investigation complete; no suspect identified,
,2025-02,South Yorkshire Police,South Yorkshire Police,-1.480307,53.414676,On or near Barrie Road,E01007950,Sheffield 015D,Anti-social behaviour,,
73b2f21b38f47cb22abbd7b6c19d2a90113d19b7db96b6bf87ee5c63c7bc3c43,2025-02,South Yorkshire Police,South Yorkshire Police,-1.480307,53.414676,On or near Barrie Road,E01007950,Sheffield 015D,Criminal damage and arson,Unable to prosecute suspect,
83ae2032954f42a82a834e2ad99327db4b606753a7c080e231b9469b086146a9,2025-02,South Yorkshire Police,South Yorkshire Police,-1.479138,53.413107,On or near Barrie Crescent,E01007950,Sheffield 015D,Criminal damage and arson,Investigation complete; no suspect identified,
fb89fc393cd05149bdd91e771adba540c59267a0476a7125297737a94f8f3ca4,2025-02,South Yorkshire Police,South Yorkshire Police,-1.479138,53.413107,On or near Barrie Crescent,E01007950,Sheffield 015D,Public order,Unable to prosecute suspect,
c04375e802d250daab78738b65d109e85507499e627a2b380d40ac999d46522a,2025-02,South Yorkshire Police,South Yorkshire Police,-1.480307,53.414676,On or near Barrie Road,E01007950,Sheffield 015D,Theft from the person,Unable to prosecute suspect,
fe7d516f9b296a962ea6493a687c313e753604db1c30f6078f7ea4bdefed4ec3,2025-02,South Yorkshire Police,South Yorkshire Police,-1.481436,53.413413,On or near Morgan Road,E01007950,Sheffield 015D,Vehicle crime,Investigation complete; no suspect identified,
4cb2ec8d0035da5ca2d6c95e36b1b2815beebb68a432e062df697cb4c19388ee,2025-02,South Yorkshire Police,South Yorkshire Police,-1.481436,53.413413,On or near Morgan Road,E01007950,Sheffield 015D,Violence and sexual offences,Unable to prosecute suspect,
fe5957cdc2b1adee3ba1227322edaed1feb484de9235f8cde6dbab83523b61be,2025-02,South Yorkshire Police,South Yorkshire Police,-1.479138,53.413107,On or near Barrie Crescent,E01007950,Sheffield 015D,Violence and sexual offences,Unable to prosecute suspect,
e4b73571b13d1fbd75dd66b5c0f873a4f2d68f60e00110eb72645a4916c6873f,2025-02,South Yorkshire Police,South Yorkshire Police,-1.479138,53.413107,On or near Barrie Crescent,E01007950,Sheffield 015D,Other crime,Unable to prosecute suspect,
,2025-02,South Yorkshire Police,South Yorkshire Police,-1.471654,53.422099,On or near Adrian Crescent,E01008123,Sheffield 015E,Anti-social behaviour,,
,2025-02,South Yorkshire Police,South Yorkshire Police,-1.471654,53.422099,On or near Adrian Crescent,E01008123,Sheffield 015E,Anti-social behaviour,,
18508778ae52e7c3024f128be5720c3ca640dc6ac1c001f0c9f73703c4f2577b,2025-02,South Yorkshire Police,South Yorkshire Police,-1.473970,53.419826,On or near Crowder Avenue,E01008123,Sheffield 015E,Criminal damage and arson,Investigation complete; no suspect identified,
4757f8b780e0d4cb427afaf245bb1cf5df6bf6d2e8b656e69cb3690dc7ada8cc,2025-02,South Yorkshire Police,South Yorkshire Police,-1.471654,53.422099,On or near Adrian Crescent,E01008123,Sheffield 015E,Vehicle crime,Investigation complete; no suspect identified,
14b519862775280c3fd1f67a9e6895b732eb984a201ee7351b670b0ba2772497,2025-02,South Yorkshire Police,South Yorkshire Police,-1.477702,53.421029,On or near North Hill Road,E01008123,Sheffield 015E,Violence and sexual offences,Unable to prosecute suspect,
6a9c5b3936a68c40ed07d714c54131f0bdadc9439b76399774bef29f7e864374,2025-02,South Yorkshire Police,South Yorkshire Police,-1.471654,53.422099,On or near Adrian Crescent,E01008123,Sheffield 015E,Violence and sexual offences,Unable to prosecute suspect,
5b36bccc3098bf4055672531f9d3443009e1cb8abf5632b56b9b4f2359b48ede,2025-02,South Yorkshire Police,South Yorkshire Police,-1.471654,53.422099,On or near Adrian Crescent,E01008123,Sheffield 015E,Violence and sexual offences,Investigation complete; no suspect identified,
6b0478aeade68f7de8a30092ab88e32a8fb16b28accc9f4eed818916209e7ae8,2025-02,South Yorkshire Police,South Yorkshire Police,-1.473976,53.421785,On or near Collinson Road,E01008123,Sheffield 015E,Violence and sexual offences,Status update unavailable,
d89660de051d35edf9879da4b1532b9cd6a511bde21ac8cd7ba7a918266e81aa,2025-02,South Yorkshire Police,South Yorkshire Police,-1.471654,53.422099,On or near Adrian Crescent,E01008123,Sheffield 015E,Other crime,Action to be taken by another organisation,
,2025-02,South Yorkshire Police,South Yorkshire Police,-1.510103,53.412806,On or near Darwin Road,E01007987,Sheffield 016A,Anti-social behaviour,,
77fc1ddbb6d698a7bd8cda3b37ab91f56100714a778119bf843fef8390afc71e,2025-02,South Yorkshire Police,South Yorkshire Police,-1.509478,53.414799,On or near Harris Road,E01007987,Sheffield 016A,Other theft,Investigation complete; no suspect identified,
00b65efa9a3c2ee4de9de206175caf128b0817e5fdc855ee89fc3d2e4fe46d04,2025-02,South Yorkshire Police,South Yorkshire Police,-1.514127,53.412185,On or near Vainor Road,E01007987,Sheffield 016A,Vehicle crime,Investigation complete; no suspect identified,
c508545304e9e0fc25be38f5763323efee1036daef143df07f78f208f35f8b93,2025-02,South Yorkshire Police,South Yorkshire Police,-1.510977,53.411390,On or near The Drive,E01007987,Sheffield 016A,Violence and sexual offences,Unable to prosecute suspect,
26ed203b3576d34f7d6ab9b8dba0915f209d99ab39ef953df70efcf8ac04f8a9,2025-02,South Yorkshire Police,South Yorkshire Police,-1.520726,53.411294,On or near Rural Lane,E01007988,Sheffield 016B,Violence and sexual offences,Investigation complete; no suspect identified,
,2025-02,South Yorkshire Police,South Yorkshire Police,-1.504851,53.407733,On or near Keyworth Road,E01007989,Sheffield 016C,Anti-social behaviour,,
,2025-02,South Yorkshire Police,South Yorkshire Police,-1.504851,53.407733,On or near Keyworth Road,E01007989,Sheffield 016C,Anti-social behaviour,,
,2025-02,South Yorkshire Police,South Yorkshire Police,-1.505037,53.409837,On or near Willis Road,E01007989,Sheffield 016C,Anti-social behaviour,,
5581394a40f1f25922dada9f8e578452b2b956a078889d69040cc3cc46482833,2025-02,South Yorkshire Police,South Yorkshire Police,-1.504851,53.407733,On or near Keyworth Road,E01007989,Sheffield 016C,Criminal damage and arson,Investigation complete; no suspect identified,
,2025-02,South Yorkshire Police,South Yorkshire Police,-1.511321,53.408919,On or near Dunella Road,E01007991,Sheffield 016D,Anti-social behaviour,,
,2025-02,South Yorkshire Police,South Yorkshire Police,-1.512872,53.408773,On or near Dunella Place,E01007991,Sheffield 016D,Anti-social behaviour,,
,2025-02,South Yorkshire Police,South Yorkshire Police,-1.515793,53.409818,On or near Wadsley Park Crescent,E01007991,Sheffield 016D,Anti-social behaviour,,
6ac19401a94672abc97522736c264954f3d678ff0fc3a5ab1b5fd352f0408391,2025-02,South Yorkshire Police,South Yorkshire Police,-1.513805,53.408732,On or near Collin Avenue,E01007991,Sheffield 016D,Criminal damage and arson,Unable to prosecute suspect,
d1e0fb67ad78d5d9492db642ba9f28da9dab76843c4a763340e5bab3be71a97b,2025-02,South Yorkshire Police,South Yorkshire Police,-1.513805,53.408732,On or near Collin Avenue,E01007991,Sheffield 016D,Other theft,Investigation complete; no suspect identified,
2c2f4a70b483a39854187474eb06e051ef093c035175dd52f60300b3b1780653,2025-02,South Yorkshire Police,South Yorkshire Police,-1.515793,53.409818,On or near Wadsley Park Crescent,E01007991,Sheffield 016D,Violence and sexual offences,Investigation complete; no suspect identified,
62f28bed830f80002ee59fe9c7d164d3ee6cc263d8553837e89937c2fed276b4,2025-02,South Yorkshire Police,South Yorkshire Police,-1.513447,53.409764,On or near Braemore Road,E01007991,Sheffield 016D,Violence and sexual offences,Unable to prosecute suspect,
c6748136434449b148e63f9a885940fd33a140694f7ed22d6d922be94bfa01b7,2025-02,South Yorkshire Police,South Yorkshire Police,-1.515793,53.409818,On or near Wadsley Park Crescent,E01007991,Sheffield 016D,Other crime,Unable to prosecute suspect,
,2025-02,South Yorkshire Police,South Yorkshire Police,-1.503603,53.403818,On or near Brier Street,E01007995,Sheffield 017A,Anti-social behaviour,,
,2025-02,South Yorkshire Police,South Yorkshire Police,-1.503603,53.403818,On or near Brier Street,E01007995,Sheffield 017A,Anti-social behaviour,,
,2025-02,South Yorkshire Police,South Yorkshire Police,-1.503603,53.403818,On or near Brier Street,E01007995,Sheffield 017A,Anti-social behaviour,,
,2025-02,South Yorkshire Police,South Yorkshire Police,-1.503623,53.403342,On or near Roselle Street,E01007995,Sheffield 017A,Anti-social behaviour,,
,2025-02,South Yorkshire Police,South Yorkshire Police,-1.503603,53.403818,On or near Brier Street,E01007995,Sheffield 017A,Anti-social behaviour,,
,2025-02,South Yorkshire Police,South Yorkshire Police,-1.504625,53.403876,On or near Clarence Court,E01007995,Sheffield 017A,Anti-social behaviour,,
74c97c5a9e33897282917067692169597aa6d223ca8e2432e5f783aa65273dab,2025-02,South Yorkshire Police,South Yorkshire Police,-1.502338,53.402644,On or near Hillsborough Road,E01007995,Sheffield 017A,Bicycle theft,Unable to prosecute suspect,
05fe292f2387b09513699e574255b8884b255d81c702c2b0882c7722f2830bcc,2025-02,South Yorkshire Police,South Yorkshire Police,-1.502338,53.402644,On or near Hillsborough Road,E01007995,Sheffield 017A,Criminal damage and arson,Investigation complete; no suspect identified,
323f95026c46adf644b721ebd729e927af848d221ba52a709126d5ea48223d70,2025-02,South Yorkshire Police,South Yorkshire Police,-1.502338,53.402644,On or near Hillsborough Road,E01007995,Sheffield 017A,Other theft,Investigation complete; no suspect identified,
16dc75fdff77f55c8bf254100b40a5b96962b405feeff75c70227acb9fabf574,2025-02,South Yorkshire Police,South Yorkshire Police,-1.503623,53.403342,On or near Roselle Street,E01007995,Sheffield 017A,Other theft,Investigation complete; no suspect identified,
9b474bd2e057ebd93cd2092a70870ddc4b4a1bdd398df53702aab9a096314831,2025-02,South Yorkshire Police,South Yorkshire Police,-1.502338,53.402644,On or near Hillsborough Road,E01007995,Sheffield 017A,Public order,Investigation complete; no suspect identified,
c3736646801cd2534172df55eef64ba5e8a592a6eddfee5bebdf5b4ddb442ffd,2025-02,South Yorkshire Police,South Yorkshire Police,-1.502338,53.402644,On or near Hillsborough Road,E01007995,Sheffield 017A,Public order,Investigation complete; no suspect identified,
7574e563c832b0020eec740f9245a03b621368b2e2aff4b1bde9f7e8837a251e,2025-02,South Yorkshire Police,South Yorkshire Police,-1.502338,53.402644,On or near Hillsborough Road,E01007995,Sheffield 017A,Shoplifting,Investigation complete; no suspect identified,
fe4900554df1dba36d8a76c5e2b92ad14c106d5ca07132a5724703bde302d3fe,2025-02,South Yorkshire Police,South Yorkshire Police,-1.502338,53.402644,On or near Hillsborough Road,E01007995,Sheffield 017A,Shoplifting,Investigation complete; no suspect identified,
0ec5f0a1de4df465aa54c21eed916b370969830f29b4f9015743b830f79ca0f3,2025-02,South Yorkshire Police,South Yorkshire Police,-1.502338,53.402644,On or near Hillsborough Road,E01007995,Sheffield 017A,Shoplifting,Investigation complete; no suspect identified,
a6bf93338e582825c4cf47a93ab239cf397c1f5df6cc14805d0e7fd00c96c2df,2025-02,South Yorkshire Police,South Yorkshire Police,-1.503623,53.403342,On or near Roselle Street,E01007995,Sheffield 017A,Theft from the person,Investigation complete; no suspect identified,
31e7ef7b36fbbfaad986528aeabff20b81b441b6bc2d13f0a8ce8710bcaceaac,2025-02,South Yorkshire Police,South Yorkshire Police,-1.502338,53.402644,On or near Hillsborough Road,E01007995,Sheffield 017A,Theft from the person,Investigation complete; no suspect identified,
a2c43b2670bc1c02f23e6f5896f87ceebd1b06923478675bfa0624e8db9f0898,2025-02,South Yorkshire Police,South Yorkshire Police,-1.502338,53.402644,On or near Hillsborough Road,E01007995,Sheffield 017A,Violence and sexual offences,Investigation complete; no suspect identified,
076dc0584bb591996e241ad04f1d61cecf312c85c72172722889c01fdd7f71d4,2025-02,South Yorkshire Police,South Yorkshire Police,-1.503623,53.403342,On or near Roselle Street,E01007995,Sheffield 017A,Violence and sexual offences,Awaiting court outcome,
269252386153beac7ddead0e867bb5366a696f3e41ad58118b1960e4c6943120,2025-02,South Yorkshire Police,South Yorkshire Police,-1.502338,53.402644,On or near Hillsborough Road,E01007995,Sheffield 017A,Violence and sexual offences,Investigation complete; no suspect identified,
9fc66ac5fb5b84e1e80b73f8c447b75d7058ddc3c7d958650357cf96951e8685,2025-02,South Yorkshire Police,South Yorkshire Police,-1.502338,53.402644,On or near Hillsborough Road,E01007995,Sheffield 017A,Violence and sexual offences,Unable to prosecute suspect,
,2025-02,South Yorkshire Police,South Yorkshire Police,-1.505929,53.418551,On or near Clay Wheels Lane,E01008089,Sheffield 017B,Anti-social behaviour,,
,2025-02,South Yorkshire Police,South Yorkshire Police,-1.510864,53.417259,On or near Winn Drive,E01008089,Sheffield 017B,Anti-social behaviour,,
,2025-02,South Yorkshire Police,South Yorkshire Police,-1.501621,53.415108,On or near Petrol Station,E01008089,Sheffield 017B,Anti-social behaviour,,
,2025-02,South Yorkshire Police,South Yorkshire Police,-1.509735,53.415996,On or near Parking Area,E01008089,Sheffield 017B,Anti-social behaviour,,
8f209454956d63be20c56d2615bf80bc9176b4fbde91f990f578837712dc23a3,2025-02,South Yorkshire Police,South Yorkshire Police,-1.501621,53.415108,On or near Petrol Station,E01008089,Sheffield 017B,Burglary,Unable to prosecute suspect,
5c693e2697f82e5d81578d51d8cfad7109d5125d17d989effa82d120672124ff,2025-02,South Yorkshire Police,South Yorkshire Police,-1.511450,53.418663,On or near Winn Gardens,E01008089,Sheffield 017B,Burglary,Investigation complete; no suspect identified,
efdfd2d8b4657af2e61389addfba033c983cd39ebf5209df9680d89734218cb7,2025-02,South Yorkshire Police,South Yorkshire Police,-1.512064,53.418909,On or near Winn Grove,E01008089,Sheffield 017B,Burglary,Investigation complete; no suspect identified,
13146652145557cc5bc3dee8af06d8ae9e9a015ac24acb079141fbc9a26fc0ff,2025-02,South Yorkshire Police,South Yorkshire Police,-1.504343,53.411864,On or near Supermarket,E01008089,Sheffield 017B,Criminal damage and arson,Investigation complete; no suspect identified,
2cef0631486ded02f79baedbeb22f0201180c3dd87ff58b5dc027f16e039a809,2025-02,South Yorkshire Police,South Yorkshire Police,-1.513956,53.419204,On or near Parking Area,E01008089,Sheffield 017B,Criminal damage and arson,Investigation complete; no suspect identified,
4b7e262f58ddd2585367170a35da61317c28751a8d9b1ed73e7862cbf125f8fa,2025-02,South Yorkshire Police,South Yorkshire Police,-1.504343,53.411864,On or near Supermarket,E01008089,Sheffield 017B,Other theft,Investigation complete; no suspect identified,
277bdd61ea721a17151f51121acca37139c73610627c7b8c6696f0aecbdca39a,2025-02,South Yorkshire Police,South Yorkshire Police,-1.513956,53.419204,On or near Parking Area,E01008089,Sheffield 017B,Other theft,Unable to prosecute suspect,
23997b6409e6b0ed9987107dcf3a22369d4ab53a6d4718d44622d0c4771b333e,2025-02,South Yorkshire Police,South Yorkshire Police,-1.501657,53.417203,On or near Petrol Station,E01008089,Sheffield 017B,Public order,Unable to prosecute suspect,
a711623bf49c651a0852a96d11ced11b67763116f26a511e08c2425c9ba46a50,2025-02,South Yorkshire Police,South Yorkshire Police,-1.501621,53.415108,On or near Petrol Station,E01008089,Sheffield 017B,Public order,Unable to prosecute suspect,
31f741f3687186b8c44a72eb875b26a40f7745ef7f6f7f9ea5671ba73b647e1d,2025-02,South Yorkshire Police,South Yorkshire Police,-1.510864,53.417259,On or near Winn Drive,E01008089,Sheffield 017B,Public order,Local resolution,
adf4a59b020a2fba27617cdce475fdc09b59ef8718d66b40abaebea3f69a1c69,2025-02,South Yorkshire Police,South Yorkshire Police,-1.504343,53.411864,On or near Supermarket,E01008089,Sheffield 017B,Shoplifting,Unable to prosecute suspect,
38e64931577fe88a31c626a7cdf9c3a74120b8b4f3d6320bb997e9fd3ab63e4c,2025-02,South Yorkshire Police,South Yorkshire Police,-1.504343,53.411864,On or near Supermarket,E01008089,Sheffield 017B,Shoplifting,Investigation complete; no suspect identified,
f5c7266530500f5e4e6ea1a795d167049244bdf0b6b3295aca7581f8ff5c6cea,2025-02,South Yorkshire Police,South Yorkshire Police,-1.504343,53.411864,On or near Supermarket,E01008089,Sheffield 017B,Shoplifting,Investigation complete; no suspect identified,
102f8c0fb3351cac916772459579d94db728a709796fc29081065109be9e5158,2025-02,South Yorkshire Police,South Yorkshire Police,-1.501657,53.417203,On or near Petrol Station,E01008089,Sheffield 017B,Shoplifting,Awaiting court outcome,
110a4598a32595c7896c8a997bb34d6806f0aa39c6fce1564389e204000315cb,2025-02,South Yorkshire Police,South Yorkshire Police,-1.504343,53.411864,On or near Supermarket,E01008089,Sheffield 017B,Shoplifting,Awaiting court outcome,
5bd6299c133dea9dfc7a993fcf31bd1378e7af2b0655b7ec3932556b77c9ccad,2025-02,South Yorkshire Police,South Yorkshire Police,-1.504343,53.411864,On or near Supermarket,E01008089,Sheffield 017B,Shoplifting,Investigation complete; no suspect identified,
18afdf49ea48ec095f552762af2538d10c11793063a30bd38722a4af8ffe3552,2025-02,South Yorkshire Police,South Yorkshire Police,-1.501657,53.417203,On or near Petrol Station,E01008089,Sheffield 017B,Shoplifting,Awaiting court outcome,
39e1d1c356545c49214c2507a22b4300579ececec8e65b09dccafb90260289bf,2025-02,South Yorkshire Police,South Yorkshire Police,-1.504343,53.411864,On or near Supermarket,E01008089,Sheffield 017B,Shoplifting,Awaiting court outcome,
c2ec359b809de63ba946a273354f72c1349b65bea552dd740ac55a8ddc7e35da,2025-02,South Yorkshire Police,South Yorkshire Police,-1.504343,53.411864,On or near Supermarket,E01008089,Sheffield 017B,Shoplifting,Investigation complete; no suspect identified,
356924667633447e76702b6645ae8310bc497471ad3573fe4ec6e203d1ff2251,2025-02,South Yorkshire Police,South Yorkshire Police,-1.500270,53.417431,On or near Carrwell Lane,E01008089,Sheffield 017B,Vehicle crime,Investigation complete; no suspect identified,
917133d7edef9d45c367b38e1bb6aab63d5976a787a41f0adfe42cf047645aaf,2025-02,South Yorkshire Police,South Yorkshire Police,-1.504343,53.411864,On or near Supermarket,E01008089,Sheffield 017B,Violence and sexual offences,Local resolution,
1aae3ae72d9ecb413730ce5d08145a7e4e1fc7c8281a28dcd332b1ae26fd0e3a,2025-02,South Yorkshire Police,South Yorkshire Police,-1.503933,53.414201,On or near Eskdale Road,E01008089,Sheffield 017B,Violence and sexual offences,Unable to prosecute suspect,
575140264afc58d27335ffdcbb4535fc6feff4584dddc10c2de0828ef616171c,2025-02,South Yorkshire Police,South Yorkshire Police,-1.511217,53.417952,On or near Winn Close,E01008089,Sheffield 017B,Violence and sexual offences,Unable to prosecute suspect,
40e94b7c82034c43620ef9af6f3e4dacafe0e0d3598bb4bbd283b91c1ddda96b,2025-02,South Yorkshire Police,South Yorkshire Police,-1.501621,53.415108,On or near Petrol Station,E01008089,Sheffield 017B,Violence and sexual offences,Unable to prosecute suspect,
00f7cdf38c19cffd9a64b31e24b2c2206bcd4c84e2bb4c019cab138507674dc5,2025-02,South Yorkshire Police,South Yorkshire Police,-1.511450,53.418663,On or near Winn Gardens,E01008089,Sheffield 017B,Violence and sexual offences,Unable to prosecute suspect,
40a0ea71e0c242f289abee0edd72a77f8834160cfed17cc21e89601df6bd3b14,2025-02,South Yorkshire Police,South Yorkshire Police,-1.501657,53.417203,On or near Petrol Station,E01008089,Sheffield 017B,Violence and sexual offences,Unable to prosecute suspect,
,2025-02,South Yorkshire Police,South Yorkshire Police,-1.498913,53.410000,On or near Winster Road,E01008091,Sheffield 017C,Anti-social behaviour,,
,2025-02,South Yorkshire Police,South Yorkshire Police,-1.496794,53.418737,On or near Kilner Way,E01008091,Sheffield 017C,Anti-social behaviour,,
,2025-02,South Yorkshire Police,South Yorkshire Police,-1.496794,53.418737,On or near Kilner Way,E01008091,Sheffield 017C,Anti-social behaviour,,
8ea811d3f8105cd89604fe99e2e7ccb8fa8e7c91e8eb4b6096a95d7bceb30c20,2025-02,South Yorkshire Police,South Yorkshire Police,-1.498753,53.409496,On or near Barker'S Place,E01008091,Sheffield 017C,Burglary,Investigation complete; no suspect identified,
9381927c8b92189a79d5de40990c41f589e516c4262390a08be65487b20d485f,2025-02,South Yorkshire Police,South Yorkshire Police,-1.501491,53.413382,On or near Bickerton Road,E01008091,Sheffield 017C,Burglary,Investigation complete; no suspect identified,
63cb5f3cdc9062dd5d60f2d56c5f888cfa30415622830c841b796c33762857b5,2025-02,South Yorkshire Police,South Yorkshire Police,-1.495016,53.408735,On or near Dutton Road,E01008091,Sheffield 017C,Burglary,Investigation complete; no suspect identified,
cc8c9448c1be5a1ab3d1dc2232dfb28ad5e6a4c101a023f8d75830037d251e98,2025-02,South Yorkshire Police,South Yorkshire Police,-1.497511,53.411020,On or near Shopping Area,E01008091,Sheffield 017C,Drugs,Awaiting court outcome,
3e4a78c92cf1b0cbd66af71f5fe158029c302594ae28a0f2ebd3694f926a565c,2025-02,South Yorkshire Police,South Yorkshire Police,-1.502952,53.413181,On or near Leppings Lane,E01008091,Sheffield 017C,Drugs,Investigation complete; no suspect identified,
e1a0e9b47ba58fe974c2e8418da65bebcabb6209c34403a4482d00f7c0990e2d,2025-02,South Yorkshire Police,South Yorkshire Police,-1.496794,53.418737,On or near Kilner Way,E01008091,Sheffield 017C,Other theft,Investigation complete; no suspect identified,
776cf9bc4a714ac9795c2c88e9d9cb188e9ec041d90fcf76b028882750f266e8,2025-02,South Yorkshire Police,South Yorkshire Police,-1.496794,53.418737,On or near Kilner Way,E01008091,Sheffield 017C,Other theft,Investigation complete; no suspect identified,
82db6ae645dc848e731084fa75bc5348bd9032ad7719ec14e834669efc85ab34,2025-02,South Yorkshire Police,South Yorkshire Police,-1.496956,53.418405,On or near Shopping Area,E01008091,Sheffield 017C,Public order,Awaiting court outcome,
5918aff20fd0777a51e58fef9dca0d7061a35aa7ce5822f17c4b51dfe1400aab,2025-02,South Yorkshire Police,South Yorkshire Police,-1.496794,53.418737,On or near Kilner Way,E01008091,Sheffield 017C,Public order,Investigation complete; no suspect identified,
9f5d943da29f809d3dc12b312fa0e73a14322d334a605f7a7e3b2cc1a9b86428,2025-02,South Yorkshire Police,South Yorkshire Police,-1.496956,53.418405,On or near Shopping Area,E01008091,Sheffield 017C,Public order,Awaiting court outcome,
38d76995edc71e0793752459e52bba8d66d587bead5c6972fd77e93cf62f51d4,2025-02,South Yorkshire Police,South Yorkshire Police,-1.496956,53.418405,On or near Shopping Area,E01008091,Sheffield 017C,Public order,Awaiting court outcome,
c6f8654882460a7929a10c27754ae324019f1ed26a1401da1f814b20a4dea636,2025-02,South Yorkshire Police,South Yorkshire Police,-1.496956,53.418405,On or near Shopping Area,E01008091,Sheffield 017C,Public order,Offender given a caution,
4fc6c7c39b518e52ffdd96c8446c43b84803282d956f3c337162f566466df751,2025-02,South Yorkshire Police,South Yorkshire Police,-1.496794,53.418737,On or near Kilner Way,E01008091,Sheffield 017C,Robbery,Investigation complete; no suspect identified,
cf2b52680525c222e5f58b59e4f064179577022d730fb7b55e2efcdef7ab969b,2025-02,South Yorkshire Police,South Yorkshire Police,-1.496956,53.418405,On or near Shopping Area,E01008091,Sheffield 017C,Shoplifting,Investigation complete; no suspect identified,
5611b5b5e21c50718f32eece59671093f5b19da8cf3f7b1494d4973dabed263d,2025-02,South Yorkshire Police,South Yorkshire Police,-1.496956,53.418405,On or near Shopping Area,E01008091,Sheffield 017C,Shoplifting,Investigation complete; no suspect identified,
07431050f5dc5398e19e40f8b2fa770bccac0826356f13b596d8129ff69433f1,2025-02,South Yorkshire Police,South Yorkshire Police,-1.496956,53.418405,On or near Shopping Area,E01008091,Sheffield 017C,Shoplifting,Investigation complete; no suspect identified,
409434b802ce8c8d63d44d7ea31dc5abdb0b55f3c79fb873d00b83208815ab68,2025-02,South Yorkshire Police,South Yorkshire Police,-1.496956,53.418405,On or near Shopping Area,E01008091,Sheffield 017C,Shoplifting,Awaiting court outcome,
eee57150e1d8dab21fc2d3d5adaed082738a77c59e8ceb24099edced08e5254c,2025-02,South Yorkshire Police,South Yorkshire Police,-1.496956,53.418405,On or near Shopping Area,E01008091,Sheffield 017C,Shoplifting,Investigation complete; no suspect identified,
d696eda15a0478da047fba60f2fb2984e4c558b197d4d304b775092462594c97,2025-02,South Yorkshire Police,South Yorkshire Police,-1.496956,53.418405,On or near Shopping Area,E01008091,Sheffield 017C,Shoplifting,Awaiting court outcome,
75ddf755b9837a39ffe460e064cc83067a4f7e25a9c8ea80dee89cd4d93a168c,2025-02,South Yorkshire Police,South Yorkshire Police,-1.496956,53.418405,On or near Shopping Area,E01008091,Sheffield 017C,Shoplifting,Investigation complete; no suspect identified,
accd9d91025be2e41e469da1f5424b4b7c6b22975aede575b9ef6f41e387eec5,2025-02,South Yorkshire Police,South Yorkshire Police,-1.496956,53.418405,On or near Shopping Area,E01008091,Sheffield 017C,Shoplifting,Awaiting court outcome,
8302f2ecc2184f0de3db65e3cb3696b387f344a323069861ea938d44b7cda55f,2025-02,South Yorkshire Police,South Yorkshire Police,-1.496956,53.418405,On or near Shopping Area,E01008091,Sheffield 017C,Shoplifting,Investigation complete; no suspect identified,
0825c9e97b86921dde7c9c9da18ed210814550512590e91bcee22500cfd64ce3,2025-02,South Yorkshire Police,South Yorkshire Police,-1.496956,53.418405,On or near Shopping Area,E01008091,Sheffield 017C,Shoplifting,Investigation complete; no suspect identified,
02f8cd305ef98c14093a62716e2062f6f8392982dfaf57552f82c6885a0d9b91,2025-02,South Yorkshire Police,South Yorkshire Police,-1.496956,53.418405,On or near Shopping Area,E01008091,Sheffield 017C,Shoplifting,Awaiting court outcome,
52bcf9c17705060b0112a3307b171c973d79889b96357bd09567866d7d5126da,2025-02,South Yorkshire Police,South Yorkshire Police,-1.494948,53.415736,On or near Binsted Way,E01008091,Sheffield 017C,Vehicle crime,Investigation complete; no suspect identified,
c7dec7d9fa4c6c7711340fcf796a1562d31f1c97ac40e55664ca714aaf3be821,2025-02,South Yorkshire Police,South Yorkshire Police,-1.496956,53.418405,On or near Shopping Area,E01008091,Sheffield 017C,Vehicle crime,Investigation complete; no suspect identified,
a94d8a3664533461185cdab4538ab07c380bebb94a9f2866334828a90f102d75,2025-02,South Yorkshire Police,South Yorkshire Police,-1.500978,53.410890,On or near Sports/Recreation Area,E01008091,Sheffield 017C,Violence and sexual offences,Investigation complete; no suspect identified,
308e95fbb63089817179069fec0dae233126677dce9935420486c5e94e82ca98,2025-02,South Yorkshire Police,South Yorkshire Police,-1.501240,53.412958,On or near Fielding Road,E01008091,Sheffield 017C,Violence and sexual offences,Unable to prosecute suspect,
,2025-02,South Yorkshire Police,South Yorkshire Police,-1.498587,53.406961,On or near Broughton Road,E01008093,Sheffield 017D,Anti-social behaviour,,
,2025-02,South Yorkshire Police,South Yorkshire Police,-1.498587,53.406961,On or near Broughton Road,E01008093,Sheffield 017D,Anti-social behaviour,,
,2025-02,South Yorkshire Police,South Yorkshire Police,-1.498587,53.406961,On or near Broughton Road,E01008093,Sheffield 017D,Anti-social behaviour,,
,2025-02,South Yorkshire Police,South Yorkshire Police,-1.498589,53.404291,On or near Hawksley Road,E01008093,Sheffield 017D,Anti-social behaviour,,
,2025-02,South Yorkshire Police,South Yorkshire Police,-1.497022,53.404464,On or near Owlerton Green,E01008093,Sheffield 017D,Anti-social behaviour,,
f2dbadd43cbeb8b56f5c3cb2faeb5d29a9c5e09a38e31a0cab75599bd477a133,2025-02,South Yorkshire Police,South Yorkshire Police,-1.499360,53.403908,On or near Petrol Station,E01008093,Sheffield 017D,Criminal damage and arson,Investigation complete; no suspect identified,
70e596afa3232c9b8300a4c401c3afd0af2b578944d7408c6de51edce68f24a1,2025-02,South Yorkshire Police,South Yorkshire Police,-1.497022,53.404464,On or near Owlerton Green,E01008093,Sheffield 017D,Criminal damage and arson,Investigation complete; no suspect identified,
6bbd89ffc6f4091922f5bedf4ea86b3255be5e5131209f5dd2de6866f805e07b,2025-02,South Yorkshire Police,South Yorkshire Police,-1.499781,53.403973,On or near Hawksley Mews,E01008093,Sheffield 017D,Criminal damage and arson,Investigation complete; no suspect identified,
dcd285cf73c25cce7ec41509469636be02f524b2350eb4281349e944a003b708,2025-02,South Yorkshire Police,South Yorkshire Police,-1.494365,53.401523,On or near Petrol Station,E01008093,Sheffield 017D,Criminal damage and arson,Investigation complete; no suspect identified,
5831ab2338ef98b77fd97c70f53b03ee705c3c66aa84330eb3252a5919ed35e9,2025-02,South Yorkshire Police,South Yorkshire Police,-1.501341,53.404321,On or near Hawksley Avenue,E01008093,Sheffield 017D,Criminal damage and arson,Investigation complete; no suspect identified,
5351694cf91cb1fa11adfcf91982f5431cb4dc635a0eb308d2a60a2c62eea104,2025-02,South Yorkshire Police,South Yorkshire Police,-1.497022,53.404464,On or near Owlerton Green,E01008093,Sheffield 017D,Other theft,Investigation complete; no suspect identified,
038773433cdd8fd8273f1b391e3bf239cdb3c47c268213d269479177a6693151,2025-02,South Yorkshire Police,South Yorkshire Police,-1.498587,53.406961,On or near Broughton Road,E01008093,Sheffield 017D,Other theft,Investigation complete; no suspect identified,
3057e8a9acfa28d8ae253e12676c5a3c02e776fe7f444c9ad362e7c124c7864e,2025-02,South Yorkshire Police,South Yorkshire Police,-1.498722,53.401937,On or near Kipling Road,E01008093,Sheffield 017D,Other theft,Investigation complete; no suspect identified,
57c6d142e592dee8b5700e7e4d11cc31b668fd0bb7f596b3a922c4c181842efe,2025-02,South Yorkshire Police,South Yorkshire Police,-1.498722,53.401937,On or near Kipling Road,E01008093,Sheffield 017D,Possession of weapons,Unable to prosecute suspect,
51e918e7448a38d50ba28500cf3bef134986b4c795a6ea9010eac9b7a6f2c81a,2025-02,South Yorkshire Police,South Yorkshire Police,-1.503397,53.411152,On or near Catch Bar Lane,E01008093,Sheffield 017D,Public order,Unable to prosecute suspect,
1c64d2308974b40e4d31bd11ddba2f1f74ece648f1d7a373ec7924808ff0a23c,2025-02,South Yorkshire Police,South Yorkshire Police,-1.498587,53.406961,On or near Broughton Road,E01008093,Sheffield 017D,Public order,Investigation complete; no suspect identified,
58f406e832013573f0a01b5454026b107b6d1a051c7f7a3cf5a7588975efceed,2025-02,South Yorkshire Police,South Yorkshire Police,-1.498587,53.406961,On or near Broughton Road,E01008093,Sheffield 017D,Public order,Investigation complete; no suspect identified,
9b42b031002f3e58352051dbc2bce5b11988794c1af0c7d5a13802c0d71599ba,2025-02,South Yorkshire Police,South Yorkshire Police,-1.491763,53.405287,On or near Livesey Street,E01008093,Sheffield 017D,Public order,Unable to prosecute suspect,
40d5c64266e244995e89d85bbfe88b75e563467b41f54450e7ba5168bfbae386,2025-02,South Yorkshire Police,South Yorkshire Police,-1.498587,53.406961,On or near Broughton Road,E01008093,Sheffield 017D,Public order,Unable to prosecute suspect,
6f5c56f444dce18ac7edfb4fbff74b6c05c1fbee4256f0a78aa7fd619a818655,2025-02,South Yorkshire Police,South Yorkshire Police,-1.503397,53.411152,On or near Catch Bar Lane,E01008093,Sheffield 017D,Public order,Investigation complete; no suspect identified,
18d99e659634e6a56b8141e01b7747a8951de13794d9bb17e8cf8262ce5ddb56,2025-02,South Yorkshire Police,South Yorkshire Police,-1.495231,53.401994,On or near Supermarket,E01008093,Sheffield 017D,Public order,Unable to prosecute suspect,
ffa4decc4b9c4006cb01d6df210b77905b65519a60a9e26ec433622dac760d4d,2025-02,South Yorkshire Police,South Yorkshire Police,-1.497022,53.404464,On or near Owlerton Green,E01008093,Sheffield 017D,Robbery,Unable to prosecute suspect,
489b4c76aec17cf10cd05416286c54404358686e37ed905f0553d38a1621b78d,2025-02,South Yorkshire Police,South Yorkshire Police,-1.494365,53.401523,On or near Petrol Station,E01008093,Sheffield 017D,Shoplifting,Awaiting court outcome,
2c131319737d0af99ad74e193949237b532f8859d8a299c84dad784d3942538a,2025-02,South Yorkshire Police,South Yorkshire Police,-1.495231,53.401994,On or near Supermarket,E01008093,Sheffield 017D,Shoplifting,Investigation complete; no suspect identified,
41053386b1d8fddc6628dea8c3a39d57d283753d7b8b8c41e2a16797c67b586b,2025-02,South Yorkshire Police,South Yorkshire Police,-1.495231,53.401994,On or near Supermarket,E01008093,Sheffield 017D,Shoplifting,Investigation complete; no suspect identified,
673d42ac20c019e9566a710db309b60da51a916243b50aa2934822e3764ed9d3,2025-02,South Yorkshire Police,South Yorkshire Police,-1.501341,53.404321,On or near Hawksley Avenue,E01008093,Sheffield 017D,Shoplifting,Investigation complete; no suspect identified,
f42a8acccadb4881aba404b48f2b9d4b52008f430f005217ffa1f84f8a8d9fbc,2025-02,South Yorkshire Police,South Yorkshire Police,-1.494365,53.401523,On or near Petrol Station,E01008093,Sheffield 017D,Shoplifting,Investigation complete; no suspect identified,
75db69d9f55725e000bfa0f9131f20246de78533d94cfbbfdfc7e526da96d089,2025-02,South Yorkshire Police,South Yorkshire Police,-1.497022,53.404464,On or near Owlerton Green,E01008093,Sheffield 017D,Shoplifting,Investigation complete; no suspect identified,
a0e33c89bb09ca6a9f06cabd0b646a46a2c922aee4995c1e844ddc366f30aad5,2025-02,South Yorkshire Police,South Yorkshire Police,-1.495231,53.401994,On or near Supermarket,E01008093,Sheffield 017D,Shoplifting,Investigation complete; no suspect identified,
d242343b9ae713c16718d823b88ec47310f0fffd70aab80a5ee0b49f98ef78fb,2025-02,South Yorkshire Police,South Yorkshire Police,-1.495231,53.401994,On or near Supermarket,E01008093,Sheffield 017D,Shoplifting,Awaiting court outcome,
d81057b376ac6da147ee28b05f32dbd6f4086dfb3be59ea4e786adba22b1b2cc,2025-02,South Yorkshire Police,South Yorkshire Police,-1.498799,53.401721,On or near Hillsborough Interchange,E01008093,Sheffield 017D,Vehicle crime,Investigation complete; no suspect identified,
6c42c671c1a2e28bea54a8b0eac4faf811cf9e73b6177c421316ee6c28871cfc,2025-02,South Yorkshire Police,South Yorkshire Police,-1.491763,53.405287,On or near Livesey Street,E01008093,Sheffield 017D,Violence and sexual offences,Unable to prosecute suspect,
bcafa143c2083f9e9f7a45cd38afbaa55e630ab6c3fb7f8d438db60851d49174,2025-02,South Yorkshire Police,South Yorkshire Police,-1.503397,53.411152,On or near Catch Bar Lane,E01008093,Sheffield 017D,Violence and sexual offences,Unable to prosecute suspect,
2d122f5fd39e1c20eb95272b80f42e434a3cebba626d6af6860d014d884bf82f,2025-02,South Yorkshire Police,South Yorkshire Police,-1.497022,53.404464,On or near Owlerton Green,E01008093,Sheffield 017D,Violence and sexual offences,Unable to prosecute suspect,
e9102f4fbc18bbcd92a4d837c8b5a60a3b65589cb74923a98f9be342b261e311,2025-02,South Yorkshire Police,South Yorkshire Police,-1.501341,53.404321,On or near Hawksley Avenue,E01008093,Sheffield 017D,Violence and sexual offences,Investigation complete; no suspect identified,
071db1d91f648cb6261a5ec6e56686636d28d28cb13ebfae84aa4f1f96ec2029,2025-02,South Yorkshire Police,South Yorkshire Police,-1.497022,53.404464,On or near Owlerton Green,E01008093,Sheffield 017D,Violence and sexual offences,Investigation complete; no suspect identified,
1a0620bd2f1c69b5c360f828f62646160ee450259375d870d2d86733c65b3dc7,2025-02,South Yorkshire Police,South Yorkshire Police,-1.497022,53.404464,On or near Owlerton Green,E01008093,Sheffield 017D,Violence and sexual offences,Unable to prosecute suspect,
32bee412ecac3d1a01f3edba00ce39d0ac0a22404af3addfb17ea680bbc12a59,2025-02,South Yorkshire Police,South Yorkshire Police,-1.497022,53.404464,On or near Owlerton Green,E01008093,Sheffield 017D,Violence and sexual offences,Unable to prosecute suspect,
b13b79e4a35923ace8eaf0dba896a8b5ff31aa6d07ff6e97121d5b479aed4ab8,2025-02,South Yorkshire Police,South Yorkshire Police,-1.503397,53.411152,On or near Catch Bar Lane,E01008093,Sheffield 017D,Violence and sexual offences,Unable to prosecute suspect,
42f0bdb16681f4bb7578330386dac134458d9c0507221bbc5200446cc6233f0a,2025-02,South Yorkshire Police,South Yorkshire Police,-1.503397,53.411152,On or near Catch Bar Lane,E01008093,Sheffield 017D,Violence and sexual offences,Awaiting court outcome,
3973811a3647f2ab54fa55f55cd4a707e2980fe1d568ed7410e6e252eb78700e,2025-02,South Yorkshire Police,South Yorkshire Police,-1.494365,53.401523,On or near Petrol Station,E01008093,Sheffield 017D,Violence and sexual offences,Unable to prosecute suspect,
a01b86f9d1bce2de690a816a96e7184bfb7d154ff551ac929f4a6edb470d0dd2,2025-02,South Yorkshire Police,South Yorkshire Police,-1.498587,53.406961,On or near Broughton Road,E01008093,Sheffield 017D,Violence and sexual offences,Unable to prosecute suspect,
,2025-02,South Yorkshire Police,South Yorkshire Police,-1.387088,53.409398,On or near Ferrars Drive,E01007903,Sheffield 018A,Anti-social behaviour,,
3a5b3ceac17460673065c245c266b20dc814e53428077da774d020f5f7569523,2025-02,South Yorkshire Police,South Yorkshire Police,-1.396662,53.411038,On or near Ingfield Avenue,E01007903,Sheffield 018A,Drugs,Awaiting court outcome,
d79e5c6e69d95caa47c6099fd863497e2d381b9ca15d9aae55d37b45a3fdb5c5,2025-02,South Yorkshire Police,South Yorkshire Police,-1.396662,53.411038,On or near Ingfield Avenue,E01007903,Sheffield 018A,Violence and sexual offences,Unable to prosecute suspect,
e646687418c4ea46bb2855160d743f466c5c2882d200ea4f2be6cc72ecbbe75a,2025-02,South Yorkshire Police,South Yorkshire Police,-1.391578,53.408918,On or near Yew Tree Drive,E01007903,Sheffield 018A,Violence and sexual offences,Unable to prosecute suspect,
4d7bd009e14cdedd87ce692e529319bb3befd3ba1135070628257b897bb0a6b0,2025-02,South Yorkshire Police,South Yorkshire Police,-1.395413,53.412164,On or near Harrowden Road,E01007903,Sheffield 018A,Violence and sexual offences,Unable to prosecute suspect,
794865efc5d5be1babe3b95b4445d46d5517b8ffafaa1881135221a386d923f2,2025-02,South Yorkshire Police,South Yorkshire Police,-1.390993,53.410865,On or near Maplebeck Road,E01007903,Sheffield 018A,Violence and sexual offences,Unable to prosecute suspect,
9c171f3d5db9b06c0ca18309b4eaa52a27fa788ed33ec2104afa4483cbc94ee9,2025-02,South Yorkshire Police,South Yorkshire Police,-1.391478,53.412720,On or near Ferrars Road,E01007903,Sheffield 018A,Violence and sexual offences,Unable to prosecute suspect,
296ae931f8d92e12b21e19966944f820b4601134e8e7d7ff752ce3ca14b08152,2025-02,South Yorkshire Police,South Yorkshire Police,-1.391478,53.412720,On or near Ferrars Road,E01007903,Sheffield 018A,Violence and sexual offences,Awaiting court outcome,
65f4909ead20b288a57ab8dfe8189d74871d6f2b4f292e9b610d854871837227,2025-02,South Yorkshire Police,South Yorkshire Police,-1.395413,53.412164,On or near Harrowden Road,E01007903,Sheffield 018A,Violence and sexual offences,Awaiting court outcome,
d105cda46b5b93ebdd364d99f6c0714866fb680170138b52c2c476a09ff3b297,2025-02,South Yorkshire Police,South Yorkshire Police,-1.395413,53.412164,On or near Harrowden Road,E01007903,Sheffield 018A,Violence and sexual offences,Awaiting court outcome,
51119df9c06915a37bba0a5d518abb34db6754b69ce3880324049cbdf2b4b07c,2025-02,South Yorkshire Police,South Yorkshire Police,-1.396662,53.411038,On or near Ingfield Avenue,E01007903,Sheffield 018A,Other crime,Unable to prosecute suspect,
,2025-02,South Yorkshire Police,South Yorkshire Police,-1.417442,53.396759,On or near Sports/Recreation Area,E01007904,Sheffield 018B,Anti-social behaviour,,
,2025-02,South Yorkshire Police,South Yorkshire Police,-1.415563,53.396399,On or near Stovin Drive,E01007904,Sheffield 018B,Anti-social behaviour,,
95ad035aaa455906c169e2dc09f52a1dc3558b2907a659299717a62b58ad02b2,2025-02,South Yorkshire Police,South Yorkshire Police,-1.414781,53.396396,On or near Stovin Close,E01007904,Sheffield 018B,Criminal damage and arson,Unable to prosecute suspect,
d50a8c6e87df1839875ad4ff2d97d13af7c6225e14246ce1b50f53be45e397a1,2025-02,South Yorkshire Police,South Yorkshire Police,-1.417442,53.396759,On or near Sports/Recreation Area,E01007904,Sheffield 018B,Criminal damage and arson,Investigation complete; no suspect identified,
e038b941c217cbd8285143c3262b64903dc9c4b5f606ae5d9a2f92c1ceee37b9,2025-02,South Yorkshire Police,South Yorkshire Police,-1.413447,53.396030,On or near Clipstone Road,E01007904,Sheffield 018B,Criminal damage and arson,Unable to prosecute suspect,
c89ad90f95439444baa9f39cd4bcf94931d5b115beedc1224213d9fb60dea0f3,2025-02,South Yorkshire Police,South Yorkshire Police,-1.406222,53.398646,On or near Europa Close,E01007904,Sheffield 018B,Other theft,Investigation complete; no suspect identified,
73ac105dc208969326bfd0d59367dd6d1b92d00a440fe6470bd8964641be54f3,2025-02,South Yorkshire Police,South Yorkshire Police,-1.414452,53.397356,On or near Stovin Gardens,E01007904,Sheffield 018B,Other theft,Investigation complete; no suspect identified,
10b34f7c0c63064a182707f37b675203754a07250dcfbd6e19f195a5b40d0cb5,2025-02,South Yorkshire Police,South Yorkshire Police,-1.406222,53.398646,On or near Europa Close,E01007904,Sheffield 018B,Other theft,Awaiting court outcome,
f94e882eacf1033f4fc966f15adcc5028512346b24fa9cb24959e6836eda8a5e,2025-02,South Yorkshire Police,South Yorkshire Police,-1.414452,53.397356,On or near Stovin Gardens,E01007904,Sheffield 018B,Other theft,Investigation complete; no suspect identified,
22030bf04b7982c460f6c6229cb15e6cf3fe08fb0cf06f5ff4ac2b6949db9c62,2025-02,South Yorkshire Police,South Yorkshire Police,-1.417286,53.392435,On or near Uttley Croft,E01007904,Sheffield 018B,Possession of weapons,Unable to prosecute suspect,
c28aa8d780c20f8e84e20f0767b5e76931bdf72d30b957cdea17db29e10f25c8,2025-02,South Yorkshire Police,South Yorkshire Police,-1.413447,53.396030,On or near Clipstone Road,E01007904,Sheffield 018B,Public order,Unable to prosecute suspect,
68cb0200a7fa6268dbc80e5d37e152144cd288f87cf75ee5c3558daae4bd458a,2025-02,South Yorkshire Police,South Yorkshire Police,-1.414452,53.397356,On or near Stovin Gardens,E01007904,Sheffield 018B,Public order,Unable to prosecute suspect,
0b14014d048db0ba416f6a127dbaec7d1245965f7fc5abb9e5aba32916eb762b,2025-02,South Yorkshire Police,South Yorkshire Police,-1.414452,53.397356,On or near Stovin Gardens,E01007904,Sheffield 018B,Public order,Unable to prosecute suspect,
138e2b5421fdfce9197d07efd3e6013439056655b0a83503a4b0cfdb2dfc89c7,2025-02,South Yorkshire Police,South Yorkshire Police,-1.414452,53.397356,On or near Stovin Gardens,E01007904,Sheffield 018B,Vehicle crime,Investigation complete; no suspect identified,
bc53345ee9afd456465294f058e8beb5494751893bc92bfffa6bacf5f049b08c,2025-02,South Yorkshire Police,South Yorkshire Police,-1.412647,53.397347,On or near Dannemora Drive,E01007904,Sheffield 018B,Vehicle crime,Investigation complete; no suspect identified,
d48f0738e81c6519bca0f611229a67f41efe91e091e9f7fbf42d0cd4d9cda519,2025-02,South Yorkshire Police,South Yorkshire Police,-1.414452,53.397356,On or near Stovin Gardens,E01007904,Sheffield 018B,Vehicle crime,Investigation complete; no suspect identified,
fe7ecabbb3305afa456e8d7b96ca6abcd4b08255a24c446cbb0fe3ae388036fd,2025-02,South Yorkshire Police,South Yorkshire Police,-1.414452,53.397356,On or near Stovin Gardens,E01007904,Sheffield 018B,Vehicle crime,Investigation complete; no suspect identified,
ce5b051d8238623bd890e2886b2563e6b21e33cfc8956692cfb0b179fbb1117c,2025-02,South Yorkshire Police,South Yorkshire Police,-1.406222,53.398646,On or near Europa Close,E01007904,Sheffield 018B,Vehicle crime,Investigation complete; no suspect identified,
c75c10d593ae49aeba5d03a74c7e1569c9355b2299682bc192d9678c2daa714e,2025-02,South Yorkshire Police,South Yorkshire Police,-1.417442,53.396759,On or near Sports/Recreation Area,E01007904,Sheffield 018B,Vehicle crime,Investigation complete; no suspect identified,
9cf20009b7a6219eb233d26de156b25bd95ca458357f8e8410be8dd92f2a1c54,2025-02,South Yorkshire Police,South Yorkshire Police,-1.414452,53.397356,On or near Stovin Gardens,E01007904,Sheffield 018B,Vehicle crime,Investigation complete; no suspect identified,
30e5507a603803c18abad36c1f3a51c3665bfcd0aa284d1ffa27d3da4ea2e5ad,2025-02,South Yorkshire Police,South Yorkshire Police,-1.414452,53.397356,On or near Stovin Gardens,E01007904,Sheffield 018B,Violence and sexual offences,Unable to prosecute suspect,
649937451c09ba09924b554ecae26a4d74cb5bc5ebc3070fd633133575858f72,2025-02,South Yorkshire Police,South Yorkshire Police,-1.415421,53.393549,On or near Fitzmaurice Road,E01007904,Sheffield 018B,Violence and sexual offences,Investigation complete; no suspect identified,
034cb0725c0d65b192afe4a8114bf763ecb09f0e96ae59ebfe6f546e75e18f3b,2025-02,South Yorkshire Police,South Yorkshire Police,-1.418117,53.394345,On or near Phillimore Road,E01007904,Sheffield 018B,Violence and sexual offences,Status update unavailable,
db0dd14fb49ff970d8219bb1df82b91055b81e62a98d1aed0ce505830a1b3f0d,2025-02,South Yorkshire Police,South Yorkshire Police,-1.414452,53.397356,On or near Stovin Gardens,E01007904,Sheffield 018B,Violence and sexual offences,Unable to prosecute suspect,
869aaed423ca2f6454aa70f4212b0ed843f47983013e9af26deb7c1a27492a99,2025-02,South Yorkshire Police,South Yorkshire Police,-1.417442,53.396759,On or near Sports/Recreation Area,E01007904,Sheffield 018B,Violence and sexual offences,Unable to prosecute suspect,
392f6886b0844a25df0bddb0ef33c9517ccaca441d89ac0ae094b4094bc8a0db,2025-02,South Yorkshire Police,South Yorkshire Police,-1.418117,53.394345,On or near Phillimore Road,E01007904,Sheffield 018B,Violence and sexual offences,Status update unavailable,
0b59d2ee77fcdb44c21e571e178f514e30a8949abc2adeb53f4245d83482650f,2025-02,South Yorkshire Police,South Yorkshire Police,-1.418117,53.394345,On or near Phillimore Road,E01007904,Sheffield 018B,Violence and sexual offences,Status update unavailable,
0cf239cfc115fd806730760888a7ea737024aacf2d59fb4f5895024cdb48897a,2025-02,South Yorkshire Police,South Yorkshire Police,-1.406222,53.398646,On or near Europa Close,E01007904,Sheffield 018B,Violence and sexual offences,Investigation complete; no suspect identified,
41a86e0f96b835af07d128768b402b770be0109be3a1b5bc2a5c65b56a386430,2025-02,South Yorkshire Police,South Yorkshire Police,-1.417286,53.392435,On or near Uttley Croft,E01007904,Sheffield 018B,Violence and sexual offences,Status update unavailable,
3fd96bb1e55691592b195a4d33dd57bf5848d38148562f21b834ee529337ac1b,2025-02,South Yorkshire Police,South Yorkshire Police,-1.418117,53.394345,On or near Phillimore Road,E01007904,Sheffield 018B,Violence and sexual offences,Further investigation is not in the public interest,
eb38d17bb68ae3bc4e4ba3c749f9f061bf7ed422d0c12226fe88348e4528a95e,2025-02,South Yorkshire Police,South Yorkshire Police,-1.414452,53.397356,On or near Stovin Gardens,E01007904,Sheffield 018B,Violence and sexual offences,Unable to prosecute suspect,
9656f93a61f01979e4e04e0b6610f46ebd560b510d88c49e0c992b563cd1587f,2025-02,South Yorkshire Police,South Yorkshire Police,-1.414452,53.397356,On or near Stovin Gardens,E01007904,Sheffield 018B,Violence and sexual offences,Offender given a caution,
8a73bffdfb2a29c48210cde9e648a14ff9eeea950e5820eb60a35b57f3bfd98e,2025-02,South Yorkshire Police,South Yorkshire Police,-1.418117,53.394345,On or near Phillimore Road,E01007904,Sheffield 018B,Violence and sexual offences,Status update unavailable,
ca401a6e0cc9f59392a6989f43cabbd0fef5bda4396cd9360e78ae0bea2bbd1c,2025-02,South Yorkshire Police,South Yorkshire Police,-1.418117,53.394345,On or near Phillimore Road,E01007904,Sheffield 018B,Violence and sexual offences,Status update unavailable,
cbe58bc02d0f3146041ac121d5dee7b9acd63877e7e042a592b7d4a94dc959e3,2025-02,South Yorkshire Police,South Yorkshire Police,-1.418117,53.394345,On or near Phillimore Road,E01007904,Sheffield 018B,Violence and sexual offences,Status update unavailable,
3f59cff406ac2e54a3da13d5f5b02f6c9618d3ff32fdbdec37d7d29c88536cf8,2025-02,South Yorkshire Police,South Yorkshire Police,-1.418117,53.394345,On or near Phillimore Road,E01007904,Sheffield 018B,Violence and sexual offences,Status update unavailable,
51852f45a758116aa984090610e7b6d6d3c378e6d77e8d8f9d439908e65c5627,2025-02,South Yorkshire Police,South Yorkshire Police,-1.417442,53.396759,On or near Sports/Recreation Area,E01007904,Sheffield 018B,Violence and sexual offences,Status update unavailable,
124068f3c3863ae8c419a243155d91ee3e11d19300af096898c9f15a72f8fc01,2025-02,South Yorkshire Police,South Yorkshire Police,-1.414781,53.396396,On or near Stovin Close,E01007904,Sheffield 018B,Violence and sexual offences,Unable to prosecute suspect,
,2025-02,South Yorkshire Police,South Yorkshire Police,-1.409314,53.405627,On or near Park/Open Space,E01007913,Sheffield 018C,Anti-social behaviour,,
,2025-02,South Yorkshire Police,South Yorkshire Police,-1.396457,53.415990,On or near Newmarch Street,E01007913,Sheffield 018C,Anti-social behaviour,,
,2025-02,South Yorkshire Police,South Yorkshire Police,-1.409314,53.405627,On or near Park/Open Space,E01007913,Sheffield 018C,Anti-social behaviour,,
,2025-02,South Yorkshire Police,South Yorkshire Police,-1.409993,53.413100,On or near Parking Area,E01007913,Sheffield 018C,Anti-social behaviour,,
,2025-02,South Yorkshire Police,South Yorkshire Police,-1.408880,53.406551,On or near Park/Open Space,E01007913,Sheffield 018C,Anti-social behaviour,,
,2025-02,South Yorkshire Police,South Yorkshire Police,-1.409314,53.405627,On or near Park/Open Space,E01007913,Sheffield 018C,Anti-social behaviour,,
,2025-02,South Yorkshire Police,South Yorkshire Police,-1.406541,53.403879,On or near Shepcote Lane,E01007913,Sheffield 018C,Anti-social behaviour,,
,2025-02,South Yorkshire Police,South Yorkshire Police,-1.392972,53.418759,On or near Deadman'S Hole Lane,E01007913,Sheffield 018C,Anti-social behaviour,,
,2025-02,South Yorkshire Police,South Yorkshire Police,-1.409314,53.405627,On or near Park/Open Space,E01007913,Sheffield 018C,Anti-social behaviour,,
95aa264fd4ffd21cfeec7211ee62c7329debab5f3d175eecae5c0ce5b96fdfb0,2025-02,South Yorkshire Police,South Yorkshire Police,-1.409314,53.405627,On or near Park/Open Space,E01007913,Sheffield 018C,Burglary,Investigation complete; no suspect identified,
56ea65a35ca5e7d6df1ead0340d2750cadb91f6f6575f4dfff43d2eba281066d,2025-02,South Yorkshire Police,South Yorkshire Police,-1.396457,53.415990,On or near Newmarch Street,E01007913,Sheffield 018C,Burglary,Investigation complete; no suspect identified,
642072ad913fcc7a1a45de1d0f44bd7023378f4508b688d9c0636227923094c3,2025-02,South Yorkshire Police,South Yorkshire Police,-1.406541,53.403879,On or near Shepcote Lane,E01007913,Sheffield 018C,Criminal damage and arson,Unable to prosecute suspect,
5d580483f10d51deb2184a5d2a1af465297d89638cacab4275ae8ed396a0fbb9,2025-02,South Yorkshire Police,South Yorkshire Police,-1.403546,53.412601,On or near Plumper'S Road,E01007913,Sheffield 018C,Criminal damage and arson,Awaiting court outcome,
d35b46da1b7e80ddf1d2c7d69cd5807263736ecaafbd22a8dd1842220183e738,2025-02,South Yorkshire Police,South Yorkshire Police,-1.406541,53.403879,On or near Shepcote Lane,E01007913,Sheffield 018C,Criminal damage and arson,Awaiting court outcome,
46dd871ca68afc04bac38671d09ba1bc872b3bdd8d990af74b55600eb6d24abf,2025-02,South Yorkshire Police,South Yorkshire Police,-1.398491,53.415802,On or near Dundas Road,E01007913,Sheffield 018C,Criminal damage and arson,Unable to prosecute suspect,
728c687569fc040e0e1d474681a717ccfb37d31978402de24172556d6799dd7a,2025-02,South Yorkshire Police,South Yorkshire Police,-1.409314,53.405627,On or near Park/Open Space,E01007913,Sheffield 018C,Criminal damage and arson,Investigation complete; no suspect identified,
3bdb9ff85b0a63a4716d18f72667b4b8f231a0fd6aa6dcb2a41937b1a40784a5,2025-02,South Yorkshire Police,South Yorkshire Police,-1.410731,53.414119,On or near Shopping Area,E01007913,Sheffield 018C,Criminal damage and arson,Investigation complete; no suspect identified,
58079d84ca32949001fceb4faf43561a32040377f4b53fac2dcd34f3d7d92c70,2025-02,South Yorkshire Police,South Yorkshire Police,-1.409314,53.405627,On or near Park/Open Space,E01007913,Sheffield 018C,Criminal damage and arson,Investigation complete; no suspect identified,
f2d254e281b2226a2727b2c602d5421029df5d9a27aba0b8d8d2e68c1aad9489,2025-02,South Yorkshire Police,South Yorkshire Police,-1.405822,53.416603,On or near Blackburn Meadows Way,E01007913,Sheffield 018C,Criminal damage and arson,Investigation complete; no suspect identified,
abd07011cdcc2d16624ffd24b060b3cc8b582d2426226d6d81dc78ebdc9d06c7,2025-02,South Yorkshire Police,South Yorkshire Police,-1.398491,53.415802,On or near Dundas Road,E01007913,Sheffield 018C,Criminal damage and arson,Investigation complete; no suspect identified,
11fcc360ce82a70074f3630f3f24c24457d82cd1635a52fdf762fe1734947af8,2025-02,South Yorkshire Police,South Yorkshire Police,-1.400455,53.414122,On or near Town Street,E01007913,Sheffield 018C,Criminal damage and arson,Investigation complete; no suspect identified,
6d95b5d0a4a0c73efc7f66482ffccd041b48a4577f91ab76f12e06e0ecdefb59,2025-02,South Yorkshire Police,South Yorkshire Police,-1.406541,53.403879,On or near Shepcote Lane,E01007913,Sheffield 018C,Drugs,Further investigation is not in the public interest,
80045b22551dfd9f50ac870d1fdf716e235fb39e051279491efb961035af002b,2025-02,South Yorkshire Police,South Yorkshire Police,-1.406541,53.403879,On or near Shepcote Lane,E01007913,Sheffield 018C,Drugs,Awaiting court outcome,
423ea7229afab68b0cd6e12f59eae73c4fbe0bfcb65466279f2699742e2df9eb,2025-02,South Yorkshire Police,South Yorkshire Police,-1.406541,53.403879,On or near Shepcote Lane,E01007913,Sheffield 018C,Drugs,Offender given a caution,
6aad3ce6bce646c6fe5bb345403bee0e5dd187283bb09be204e2525fe41293fe,2025-02,South Yorkshire Police,South Yorkshire Police,-1.406541,53.403879,On or near Shepcote Lane,E01007913,Sheffield 018C,Drugs,Awaiting court outcome,
6697d1ec342adc0d0b59b25ad2ad6a9d24491f4d0370f304b588ccd9cc8add32,2025-02,South Yorkshire Police,South Yorkshire Police,-1.406541,53.403879,On or near Shepcote Lane,E01007913,Sheffield 018C,Drugs,Further investigation is not in the public interest,
9d9430dcb395ec17a8e0c36b27f67fe754d131358eb48ae46d9453a735ba3a53,2025-02,South Yorkshire Police,South Yorkshire Police,-1.406541,53.403879,On or near Shepcote Lane,E01007913,Sheffield 018C,Drugs,Awaiting court outcome,
ed8b216ed13d1883cc4632c9c8cb1277c0df803fd0c4865b65856972ff6c296e,2025-02,South Yorkshire Police,South Yorkshire Police,-1.406541,53.403879,On or near Shepcote Lane,E01007913,Sheffield 018C,Drugs,Local resolution,
8a74ee88adbf2cc9f1314cb3b3fce28a30f9a81de5ad77668c60e41df22ca20d,2025-02,South Yorkshire Police,South Yorkshire Police,-1.407299,53.414255,On or near Parking Area,E01007913,Sheffield 018C,Other theft,Investigation complete; no suspect identified,
6fb96f2a272b80dea6b9826f6365807cf637b5bcbfe2e510fc537d6a30cb790c,2025-02,South Yorkshire Police,South Yorkshire Police,-1.410731,53.414119,On or near Shopping Area,E01007913,Sheffield 018C,Other theft,Investigation complete; no suspect identified,
feef687d31a882a76fd11938b7b32ac39e42c38b98ef87837c34ee837748d729,2025-02,South Yorkshire Police,South Yorkshire Police,-1.403546,53.412601,On or near Plumper'S Road,E01007913,Sheffield 018C,Other theft,Investigation complete; no suspect identified,
673df6feea18172f5e5203319cdf37cdb98184e9906d578534330f875f41156f,2025-02,South Yorkshire Police,South Yorkshire Police,-1.409314,53.405627,On or near Park/Open Space,E01007913,Sheffield 018C,Other theft,Investigation complete; no suspect identified,
ba74b82edf53d1050d75cd6c6179b182acba10a22dfb61039a4f6178122d4ff1,2025-02,South Yorkshire Police,South Yorkshire Police,-1.406541,53.403879,On or near Shepcote Lane,E01007913,Sheffield 018C,Possession of weapons,Awaiting court outcome,
9b01ba6100409f6241b763d049495501f53ccd52dfb5e7647e070b90443b0e41,2025-02,South Yorkshire Police,South Yorkshire Police,-1.408880,53.406551,On or near Park/Open Space,E01007913,Sheffield 018C,Public order,Unable to prosecute suspect,
1efad873e694c3e30441307f1518155141d825879ce6cb28239ff31c18b52b45,2025-02,South Yorkshire Police,South Yorkshire Police,-1.410731,53.414119,On or near Shopping Area,E01007913,Sheffield 018C,Public order,Awaiting court outcome,
41c644bcf785febe2fb47ef9081ef12ecbd6cac339202baa8588335ab825755c,2025-02,South Yorkshire Police,South Yorkshire Police,-1.392972,53.418759,On or near Deadman'S Hole Lane,E01007913,Sheffield 018C,Public order,Unable to prosecute suspect,
dc4e146b9968ef6fe94a2b8d7b87b486dfd0ad337ea4de80f50c7e3a8a4cccc9,2025-02,South Yorkshire Police,South Yorkshire Police,-1.406541,53.403879,On or near Shepcote Lane,E01007913,Sheffield 018C,Public order,Awaiting court outcome,
aa85d4b6860ebbca028101af485189c5af232d0265e3aab1615078eb55e02df6,2025-02,South Yorkshire Police,South Yorkshire Police,-1.410731,53.414119,On or near Shopping Area,E01007913,Sheffield 018C,Public order,Unable to prosecute suspect,
6a1e0dc22b811740c034ae9e582576ee01d3fa29f3ef3db38af0428c8d7d81a5,2025-02,South Yorkshire Police,South Yorkshire Police,-1.406541,53.403879,On or near Shepcote Lane,E01007913,Sheffield 018C,Public order,Awaiting court outcome,
5f215c14c9450fd3874afa055d30cdfba8052b6e98ae591fb7999bec3042468d,2025-02,South Yorkshire Police,South Yorkshire Police,-1.410091,53.412507,On or near Parking Area,E01007913,Sheffield 018C,Public order,Investigation complete; no suspect identified,
88480bdd23d58377acddaa445e6b81c6b18d5acae168e3ad0b4c8a8472961db5,2025-02,South Yorkshire Police,South Yorkshire Police,-1.412139,53.412400,On or near Shopping Area,E01007913,Sheffield 018C,Shoplifting,Local resolution,
74140414922b9d29a13e0f6073f9a5921598d97d2f6e1e857a3fffe235943d4c,2025-02,South Yorkshire Police,South Yorkshire Police,-1.410731,53.414119,On or near Shopping Area,E01007913,Sheffield 018C,Shoplifting,Status update unavailable,
3f52453a66215e2acfb9d50c3605c9b285cc779109d96dd7df08f7da3ee1809f,2025-02,South Yorkshire Police,South Yorkshire Police,-1.412139,53.412400,On or near Shopping Area,E01007913,Sheffield 018C,Shoplifting,Local resolution,
1cab37f96154e1a81caa0817178e283934e96a5c28d2bbdb5406171b717599a4,2025-02,South Yorkshire Police,South Yorkshire Police,-1.410731,53.414119,On or near Shopping Area,E01007913,Sheffield 018C,Shoplifting,Local resolution,
52c76b5e691d9c34ecf9f427d9a8dc7e8f7ad3e8050ac1671ce9a539cee8f612,2025-02,South Yorkshire Police,South Yorkshire Police,-1.410731,53.414119,On or near Shopping Area,E01007913,Sheffield 018C,Shoplifting,Awaiting court outcome,
c32e8b52fdaac8abba615b41ccd6407c1e7487c21659f061640d9a8a551618f7,2025-02,South Yorkshire Police,South Yorkshire Police,-1.410731,53.414119,On or near Shopping Area,E01007913,Sheffield 018C,Shoplifting,Status update unavailable,
e56198a737060e660707dd31c2e5998408e33c8d081088b430e4274bb812c1dc,2025-02,South Yorkshire Police,South Yorkshire Police,-1.410731,53.414119,On or near Shopping Area,E01007913,Sheffield 018C,Shoplifting,Local resolution,
d4a11bf5b58069e42997cf71876004fdd2d223123bc96d518bfa7a850512e7c5,2025-02,South Yorkshire Police,South Yorkshire Police,-1.412139,53.412400,On or near Shopping Area,E01007913,Sheffield 018C,Shoplifting,Local resolution,
09f86a502f31df05423a13f20ffb686d3f082eafc794a5f8c389feaa9f7960b8,2025-02,South Yorkshire Police,South Yorkshire Police,-1.411893,53.414961,On or near Shopping Area,E01007913,Sheffield 018C,Shoplifting,Unable to prosecute suspect,
5a1b82912e9af45de5eb636c9eabb9feb665454ed15203febf502e9e18c208b2,2025-02,South Yorkshire Police,South Yorkshire Police,-1.409314,53.405627,On or near Park/Open Space,E01007913,Sheffield 018C,Shoplifting,Investigation complete; no suspect identified,
3dc74ee3f67e4b2fd9ce8e0d7ca8e57e4aa3274f6164aba0b8056ca3398eecec,2025-02,South Yorkshire Police,South Yorkshire Police,-1.409314,53.405627,On or near Park/Open Space,E01007913,Sheffield 018C,Shoplifting,Investigation complete; no suspect identified,
48771f027d0f1cf733ae56dedc83521e2b265214c07e0699b3dc7f9a9dc41fbd,2025-02,South Yorkshire Police,South Yorkshire Police,-1.409314,53.405627,On or near Park/Open Space,E01007913,Sheffield 018C,Shoplifting,Investigation complete; no suspect identified,
ac79a39f3e48f9b09a5ec159eefbd8d1b759ea192daab4882fe4ef654b39abe7,2025-02,South Yorkshire Police,South Yorkshire Police,-1.411893,53.414961,On or near Shopping Area,E01007913,Sheffield 018C,Shoplifting,Local resolution,
57fc68895aed661ff0c61f84ee7574e2474cc2547ab9550da3edc9b54a1a584a,2025-02,South Yorkshire Police,South Yorkshire Police,-1.409968,53.414925,On or near Shopping Area,E01007913,Sheffield 018C,Shoplifting,Investigation complete; no suspect identified,
b8bc0b122cde0ca9aad2d0e2e6931158611c501dddfca311ddf48287706cf774,2025-02,South Yorkshire Police,South Yorkshire Police,-1.410731,53.414119,On or near Shopping Area,E01007913,Sheffield 018C,Shoplifting,Awaiting court outcome,
57480d2b952e9d22175f8b6cd997ce578b6dfd153d3e26f70573419dc62ce788,2025-02,South Yorkshire Police,South Yorkshire Police,-1.412139,53.412400,On or near Shopping Area,E01007913,Sheffield 018C,Shoplifting,Local resolution,
303fd5b41df4efb4d31fb9bf336ce1c0553118a3093072a8d5f7595cc5523d19,2025-02,South Yorkshire Police,South Yorkshire Police,-1.413780,53.413748,On or near Conference/Exhibition Centre,E01007913,Sheffield 018C,Shoplifting,Unable to prosecute suspect,
7abfa8f9a84cc9e4ae49446e705ba52eeb26a314191b41f370fedf8c3d70be18,2025-02,South Yorkshire Police,South Yorkshire Police,-1.410731,53.414119,On or near Shopping Area,E01007913,Sheffield 018C,Shoplifting,Investigation complete; no suspect identified,
788c053cc34770e3f34caae0462c3eec9c839bf2bd2ff6ea82acbe112be37198,2025-02,South Yorkshire Police,South Yorkshire Police,-1.410731,53.414119,On or near Shopping Area,E01007913,Sheffield 018C,Shoplifting,Investigation complete; no suspect identified,
c90cd5388d42a24c44c8b94a2a9193be88bc5253bdecf4a0e21bb65b765fd876,2025-02,South Yorkshire Police,South Yorkshire Police,-1.410731,53.414119,On or near Shopping Area,E01007913,Sheffield 018C,Shoplifting,Status update unavailable,
87add40ed90ef78c8668b4c78c512040278ad54cdc4138330880c34ef451c855,2025-02,South Yorkshire Police,South Yorkshire Police,-1.412139,53.412400,On or near Shopping Area,E01007913,Sheffield 018C,Shoplifting,Status update unavailable,
a9efc38d123cd694b32639bf5a8a58ecb2ba94dca45943cd7b00e78b62261a5e,2025-02,South Yorkshire Police,South Yorkshire Police,-1.412139,53.412400,On or near Shopping Area,E01007913,Sheffield 018C,Shoplifting,Awaiting court outcome,
2518d0ca5fffe50e0ee0b207607e5256f5dabeb72f34f53a7536cf0040f24ba9,2025-02,South Yorkshire Police,South Yorkshire Police,-1.409314,53.405627,On or near Park/Open Space,E01007913,Sheffield 018C,Shoplifting,Investigation complete; no suspect identified,
6658968774900e4eda671f4e195ce27ef54be8ec25288d7dd8bac6988acb1da3,2025-02,South Yorkshire Police,South Yorkshire Police,-1.411893,53.414961,On or near Shopping Area,E01007913,Sheffield 018C,Shoplifting,Local resolution,
39c5175e106cb91d5503e3b199686a626829cd8b7254ea927751a4b2cf73ade3,2025-02,South Yorkshire Police,South Yorkshire Police,-1.412139,53.412400,On or near Shopping Area,E01007913,Sheffield 018C,Shoplifting,Local resolution,
689292e2a8ebdfc657a1926579a49c58ac8b666c82b034c3729b40c86a8ed297,2025-02,South Yorkshire Police,South Yorkshire Police,-1.411893,53.414961,On or near Shopping Area,E01007913,Sheffield 018C,Shoplifting,Status update unavailable,
ff0eb8816495b079572f850b6db2003da2bf5c5a383cac063cc5191fdbb2ef9b,2025-02,South Yorkshire Police,South Yorkshire Police,-1.412139,53.412400,On or near Shopping Area,E01007913,Sheffield 018C,Shoplifting,Local resolution,
936309b4a30cc4498431813a6b46162c7238bdd72aca1d20b00e3743190dde33,2025-02,South Yorkshire Police,South Yorkshire Police,-1.412139,53.412400,On or near Shopping Area,E01007913,Sheffield 018C,Shoplifting,Investigation complete; no suspect identified,
7ccb7a80b432003212af39d538b0d7adf6d6ba468a8db2242064bec4f03dbe95,2025-02,South Yorkshire Police,South Yorkshire Police,-1.413780,53.413748,On or near Conference/Exhibition Centre,E01007913,Sheffield 018C,Shoplifting,Local resolution,
fa69aedcaa09d7feb7f8801e4a6088d5a3675f15f95c7b39a4d9557bafc4e3cb,2025-02,South Yorkshire Police,South Yorkshire Police,-1.412139,53.412400,On or near Shopping Area,E01007913,Sheffield 018C,Shoplifting,Local resolution,
7dcb82326dec9b25dc40c3a7d63111a79be04d24de6d44823ba3057874a81f27,2025-02,South Yorkshire Police,South Yorkshire Police,-1.412139,53.412400,On or near Shopping Area,E01007913,Sheffield 018C,Shoplifting,Local resolution,
84967b7fdefa3548aa8103d2ca0c82ae357dceac4f7ea4e2e3dd437302d5c406,2025-02,South Yorkshire Police,South Yorkshire Police,-1.412139,53.412400,On or near Shopping Area,E01007913,Sheffield 018C,Shoplifting,Local resolution,
a2c53ffc2e7b64974e41f38b254e04a4f8b70efff4eac7c588b9cb08350e6b64,2025-02,South Yorkshire Police,South Yorkshire Police,-1.412139,53.412400,On or near Shopping Area,E01007913,Sheffield 018C,Shoplifting,Local resolution,
c13409fc3596ad2bae46474f629a323e6c0674200431a46ba25100c6c349ee2c,2025-02,South Yorkshire Police,South Yorkshire Police,-1.412139,53.412400,On or near Shopping Area,E01007913,Sheffield 018C,Shoplifting,Local resolution,
06bd5818395d2d503edcd4573bb9e0a7ef461b99de50f4771b3ee0a7595a82ac,2025-02,South Yorkshire Police,South Yorkshire Police,-1.412139,53.412400,On or near Shopping Area,E01007913,Sheffield 018C,Shoplifting,Local resolution,
24b7bf00fb9013f4035a14ab8cd9e5aa08fc6094d70d2f9342c507342f4b9712,2025-02,South Yorkshire Police,South Yorkshire Police,-1.409968,53.414925,On or near Shopping Area,E01007913,Sheffield 018C,Shoplifting,Local resolution,
b17158497e5a38f150b549f7bcebd86d7e5bc41000849aa88a670e1a8ae157c6,2025-02,South Yorkshire Police,South Yorkshire Police,-1.412139,53.412400,On or near Shopping Area,E01007913,Sheffield 018C,Shoplifting,Local resolution,
8235449ed412229f7418db744dc6087b22d9a415d8d5017ceb9eb1179a0bfca6,2025-02,South Yorkshire Police,South Yorkshire Police,-1.411893,53.414961,On or near Shopping Area,E01007913,Sheffield 018C,Shoplifting,Investigation complete; no suspect identified,
36ea24a130f226b236cf431afb27af8c7268598ef9287a3ce00631509e6da356,2025-02,South Yorkshire Police,South Yorkshire Police,-1.413780,53.413748,On or near Conference/Exhibition Centre,E01007913,Sheffield 018C,Shoplifting,Awaiting court outcome,
6f6c38441c9c1731a1d57282cad01e6e7a38093b173007ed605c1809ebda46cb,2025-02,South Yorkshire Police,South Yorkshire Police,-1.409314,53.405627,On or near Park/Open Space,E01007913,Sheffield 018C,Shoplifting,Investigation complete; no suspect identified,
257d24dcbcdfb514dd9b25cd7f747c97b46bd0bc76b30f474f8ec740ffa0fcf0,2025-02,South Yorkshire Police,South Yorkshire Police,-1.409968,53.414925,On or near Shopping Area,E01007913,Sheffield 018C,Shoplifting,Status update unavailable,
cfcfe2d6e76b852a9f4e5c423c37f494be99e2c03b0abe44c21898884943ba03,2025-02,South Yorkshire Police,South Yorkshire Police,-1.411893,53.414961,On or near Shopping Area,E01007913,Sheffield 018C,Shoplifting,Local resolution,
c8fb3901ccba64cf57764b72ee5e2cb9f7dd8433fa7693bf700a00de21910a16,2025-02,South Yorkshire Police,South Yorkshire Police,-1.410731,53.414119,On or near Shopping Area,E01007913,Sheffield 018C,Shoplifting,Local resolution,
3e1c8ca1b56747e2df4ea85572fbc3a71073345b9a67b6b355f5b528095c471b,2025-02,South Yorkshire Police,South Yorkshire Police,-1.410731,53.414119,On or near Shopping Area,E01007913,Sheffield 018C,Shoplifting,Investigation complete; no suspect identified,
23767014b3fce81be667ade3746979ac12394af652067170927ea354c1752f46,2025-02,South Yorkshire Police,South Yorkshire Police,-1.412139,53.412400,On or near Shopping Area,E01007913,Sheffield 018C,Shoplifting,Awaiting court outcome,
88c1bac8431b023a226e3dca2014b1db06781261316222613ae1330d28c97475,2025-02,South Yorkshire Police,South Yorkshire Police,-1.409968,53.414925,On or near Shopping Area,E01007913,Sheffield 018C,Shoplifting,Status update unavailable,
56c2e1cb2e1a64e3bec5f9c9578f98986f4c87ba4c7979f4b49886df7aede03d,2025-02,South Yorkshire Police,South Yorkshire Police,-1.413780,53.413748,On or near Conference/Exhibition Centre,E01007913,Sheffield 018C,Shoplifting,Local resolution,
f3eca5897bf67c5bbfadb856b26738a9ecf4c83a14ccb512f20ad388e81ced7c,2025-02,South Yorkshire Police,South Yorkshire Police,-1.410731,53.414119,On or near Shopping Area,E01007913,Sheffield 018C,Shoplifting,Investigation complete; no suspect identified,
940dc27c789f59229a472790c36b2d0bfd6757641e6e013963b1a27c2bc8cc45,2025-02,South Yorkshire Police,South Yorkshire Police,-1.413780,53.413748,On or near Conference/Exhibition Centre,E01007913,Sheffield 018C,Shoplifting,Local resolution,
2e879faaee0a66629d06cab1ec76427591883249c5936c584c4003a9c3098857,2025-02,South Yorkshire Police,South Yorkshire Police,-1.412139,53.412400,On or near Shopping Area,E01007913,Sheffield 018C,Shoplifting,Local resolution,
aef9fe017f31b1444978790d4814dd99a93ff2ecdb8dfd85bf68f6806b59860d,2025-02,South Yorkshire Police,South Yorkshire Police,-1.412139,53.412400,On or near Shopping Area,E01007913,Sheffield 018C,Shoplifting,Local resolution,
af0e2107f62ee6d651749ed0be4221008823ea5bac5177e92c64ee75e549002e,2025-02,South Yorkshire Police,South Yorkshire Police,-1.410731,53.414119,On or near Shopping Area,E01007913,Sheffield 018C,Shoplifting,Local resolution,
3e8c82c360f8b04bed58b174033b051ca94aa01bfb17533941c9de6a0548cc36,2025-02,South Yorkshire Police,South Yorkshire Police,-1.408880,53.406551,On or near Park/Open Space,E01007913,Sheffield 018C,Shoplifting,Offender given a caution,
8615ee80a9c0bf004640b142a558de7508a08f5309492c1847e50d64b516cf5b,2025-02,South Yorkshire Police,South Yorkshire Police,-1.412139,53.412400,On or near Shopping Area,E01007913,Sheffield 018C,Shoplifting,Local resolution,
bfe29467827a3257ed5a2b8878771f9c4845f5ef9d41c17edddc6f5e92532e6a,2025-02,South Yorkshire Police,South Yorkshire Police,-1.412139,53.412400,On or near Shopping Area,E01007913,Sheffield 018C,Shoplifting,Local resolution,
4079ee3da6bf2c598a5bd029363c4444bd9dac5d6ea221a01c157461f6831bc8,2025-02,South Yorkshire Police,South Yorkshire Police,-1.412139,53.412400,On or near Shopping Area,E01007913,Sheffield 018C,Shoplifting,Unable to prosecute suspect,
506d4f575a29421d11c3d56bffa733c57a7acaba3504bc2dd44114ba284108f5,2025-02,South Yorkshire Police,South Yorkshire Police,-1.407299,53.414255,On or near Parking Area,E01007913,Sheffield 018C,Shoplifting,Investigation complete; no suspect identified,
422938fec5395675e7e118cf6b7a8074fc4b7fd14cc17f695d99193f4c5d6240,2025-02,South Yorkshire Police,South Yorkshire Police,-1.407299,53.414255,On or near Parking Area,E01007913,Sheffield 018C,Shoplifting,Investigation complete; no suspect identified,
fb071b019c4e874173182c751ce55af3d4d27928ba69dc3218f7e12b9e989bbc,2025-02,South Yorkshire Police,South Yorkshire Police,-1.410731,53.414119,On or near Shopping Area,E01007913,Sheffield 018C,Shoplifting,Awaiting court outcome,
e9b4218784695f771cc281a507aa5ae033a8bbcf5845bb584671a8b2bbdec5fd,2025-02,South Yorkshire Police,South Yorkshire Police,-1.412139,53.412400,On or near Shopping Area,E01007913,Sheffield 018C,Shoplifting,Awaiting court outcome,
7375f447984e55e5335ba3f98479f4002c5ae054db8837b82e0a1e4dadb1bbe7,2025-02,South Yorkshire Police,South Yorkshire Police,-1.412139,53.412400,On or near Shopping Area,E01007913,Sheffield 018C,Shoplifting,Local resolution,
22da1da1eaf51147f74ec344fa04696f16b57e7aeb3519b3b20d89c1161a2fdc,2025-02,South Yorkshire Police,South Yorkshire Police,-1.412139,53.412400,On or near Shopping Area,E01007913,Sheffield 018C,Shoplifting,Local resolution,
6c230b80679660c202c5dd2909c24c7bd121011dc613069136043f62e4391ccc,2025-02,South Yorkshire Police,South Yorkshire Police,-1.412139,53.412400,On or near Shopping Area,E01007913,Sheffield 018C,Shoplifting,Local resolution,
88564065d05c3c0be7140bf3ffbe6d24a3d83ea2cf8289ad679970ebc793e4c2,2025-02,South Yorkshire Police,South Yorkshire Police,-1.412139,53.412400,On or near Shopping Area,E01007913,Sheffield 018C,Shoplifting,Status update unavailable,
6a6fea087ef2601c72f9dc2bc52c65cdf51a2583a5789baef2879453d434840f,2025-02,South Yorkshire Police,South Yorkshire Police,-1.410731,53.414119,On or near Shopping Area,E01007913,Sheffield 018C,Shoplifting,Local resolution,
caa5c36f59a3e8cbf89bff079de2fdb8357efd082c1d3f23d734242644898a58,2025-02,South Yorkshire Police,South Yorkshire Police,-1.412139,53.412400,On or near Shopping Area,E01007913,Sheffield 018C,Shoplifting,Unable to prosecute suspect,
9b5b813f15118303fd28b534be099af6b0474021f58b2e421abca66db2e6877e,2025-02,South Yorkshire Police,South Yorkshire Police,-1.412139,53.412400,On or near Shopping Area,E01007913,Sheffield 018C,Shoplifting,Local resolution,
d90157b63f248c84362c4c51114c88abbea0919ebb661de5cbe5827b54b4d541,2025-02,South Yorkshire Police,South Yorkshire Police,-1.412139,53.412400,On or near Shopping Area,E01007913,Sheffield 018C,Shoplifting,Local resolution,
7f402327098c1be32a5c88794fddaaabc12c1ae42154262e05962034dda5ce39,2025-02,South Yorkshire Police,South Yorkshire Police,-1.412139,53.412400,On or near Shopping Area,E01007913,Sheffield 018C,Shoplifting,Status update unavailable,
2bff23a1852f89459b8d3349ac49652d51424e93c43f1839ab2fd99a0cf88b3d,2025-02,South Yorkshire Police,South Yorkshire Police,-1.411893,53.414961,On or near Shopping Area,E01007913,Sheffield 018C,Shoplifting,Awaiting court outcome,
69ea17127e0e0b88018149fe060e57e2d21b811b35d62d32e136df6cc2c12b7b,2025-02,South Yorkshire Police,South Yorkshire Police,-1.412139,53.412400,On or near Shopping Area,E01007913,Sheffield 018C,Shoplifting,Unable to prosecute suspect,
a1de4711694d0204fa4b452fe51ccc73e17051f2d6cf097e6cbf7a905dbae5a8,2025-02,South Yorkshire Police,South Yorkshire Police,-1.409968,53.414925,On or near Shopping Area,E01007913,Sheffield 018C,Shoplifting,Investigation complete; no suspect identified,
5d5806ab6b290422da25850687265a1a8e19cf5301529eeba9cd72b9fe089f12,2025-02,South Yorkshire Police,South Yorkshire Police,-1.411893,53.414961,On or near Shopping Area,E01007913,Sheffield 018C,Shoplifting,Local resolution,
1136156bb17ae8fe116d9a448a59878558bfc61815ef1361603b9a0eecce8cb7,2025-02,South Yorkshire Police,South Yorkshire Police,-1.410731,53.414119,On or near Shopping Area,E01007913,Sheffield 018C,Theft from the person,Investigation complete; no suspect identified,
1545f8bed2028205d7ef826a651de0ea6d08e9feb798a18808eacccd80355412,2025-02,South Yorkshire Police,South Yorkshire Police,-1.399695,53.412527,On or near Siemens Close,E01007913,Sheffield 018C,Vehicle crime,Investigation complete; no suspect identified,
0a6caacb844cc6d9cbad687aa62bff24b1979dd840ea7d2ef441cee60e16e8ca,2025-02,South Yorkshire Police,South Yorkshire Police,-1.408880,53.406551,On or near Park/Open Space,E01007913,Sheffield 018C,Vehicle crime,Unable to prosecute suspect,
63a92f393fddd145ce405182e004234e9718fa3b3819feda73c5c397c70a468b,2025-02,South Yorkshire Police,South Yorkshire Police,-1.409314,53.405627,On or near Park/Open Space,E01007913,Sheffield 018C,Vehicle crime,Investigation complete; no suspect identified,
4211b6f352e9ccb91ff388f60421b2f4ac3716c7d9d314577ca8ad88b4da5e4d,2025-02,South Yorkshire Police,South Yorkshire Police,-1.409314,53.405627,On or near Park/Open Space,E01007913,Sheffield 018C,Vehicle crime,Investigation complete; no suspect identified,
88f84cdbf3c0d73fcd9b936a7867474827dc2d5f1b5a07253500c180455ae597,2025-02,South Yorkshire Police,South Yorkshire Police,-1.409314,53.405627,On or near Park/Open Space,E01007913,Sheffield 018C,Vehicle crime,Investigation complete; no suspect identified,
4e810f348c8b4f5c789b61362dc90faa7fe10bb848c818b010e43c2c2b6b175f,2025-02,South Yorkshire Police,South Yorkshire Police,-1.407062,53.411818,On or near Vulcan Road,E01007913,Sheffield 018C,Violence and sexual offences,Investigation complete; no suspect identified,
21c39fac2821fdaca6bd815bd88ae93088d683dd63d8fef31aa5fd02233358d6,2025-02,South Yorkshire Police,South Yorkshire Police,-1.406541,53.403879,On or near Shepcote Lane,E01007913,Sheffield 018C,Violence and sexual offences,Awaiting court outcome,
9d67183505ad21adb60ad1a43ffae1cad97b39be49bd5711f7b8a335959f9f56,2025-02,South Yorkshire Police,South Yorkshire Police,-1.410731,53.414119,On or near Shopping Area,E01007913,Sheffield 018C,Violence and sexual offences,Local resolution,
ba74539ef4ab7de8cb86cf055b8598f10537935b7df6eb8e383b80ed6f0e6a95,2025-02,South Yorkshire Police,South Yorkshire Police,-1.406541,53.403879,On or near Shepcote Lane,E01007913,Sheffield 018C,Violence and sexual offences,Awaiting court outcome,
a537e6ff0d45ca079cbccb8dd52d408051195a2950848d8809e5a555e0171ba5,2025-02,South Yorkshire Police,South Yorkshire Police,-1.399907,53.410308,On or near Greasbro Road,E01007913,Sheffield 018C,Violence and sexual offences,Unable to prosecute suspect,
3d6fbdc514282173577f7c5a94a171bb55f5c97f2d9b6fa2fe66883eed8031bc,2025-02,South Yorkshire Police,South Yorkshire Police,-1.406541,53.403879,On or near Shepcote Lane,E01007913,Sheffield 018C,Violence and sexual offences,Awaiting court outcome,
d54784349a996653845793cdf272be915c0a230719226997f8a1767240b37775,2025-02,South Yorkshire Police,South Yorkshire Police,-1.406541,53.403879,On or near Shepcote Lane,E01007913,Sheffield 018C,Violence and sexual offences,Awaiting court outcome,
7de6d61c7e4a67ede3e48bf9bb59effd1892f713dda0d264a198f1485a9de777,2025-02,South Yorkshire Police,South Yorkshire Police,-1.413780,53.413748,On or near Conference/Exhibition Centre,E01007913,Sheffield 018C,Violence and sexual offences,Local resolution,
755edd59f67aaa926a5f292f0ef64dd96c2d51ced94c86b3881a07765a0e2ad9,2025-02,South Yorkshire Police,South Yorkshire Police,-1.406190,53.410672,On or near A6178,E01007913,Sheffield 018C,Violence and sexual offences,Unable to prosecute suspect,
3a7add99c57c2336588af47cb6b354a8140e67e2ebce92888c30df9ece4121d7,2025-02,South Yorkshire Police,South Yorkshire Police,-1.413780,53.413748,On or near Conference/Exhibition Centre,E01007913,Sheffield 018C,Violence and sexual offences,Unable to prosecute suspect,
0f3a75cb3556373c2d06bd0ae4e17b8607fb455b6e08857a6bf08de1aa2dbc06,2025-02,South Yorkshire Police,South Yorkshire Police,-1.400455,53.414122,On or near Town Street,E01007913,Sheffield 018C,Violence and sexual offences,Status update unavailable,
06165e4965d957b430d3b4f368783b333269ee6e7add1926455c3f9f30cf3d27,2025-02,South Yorkshire Police,South Yorkshire Police,-1.406541,53.403879,On or near Shepcote Lane,E01007913,Sheffield 018C,Violence and sexual offences,Status update unavailable,
0d2984118adc63bfdb1c40a14449a75f09e32b77ae8618d6c0727954a980be62,2025-02,South Yorkshire Police,South Yorkshire Police,-1.411893,53.414961,On or near Shopping Area,E01007913,Sheffield 018C,Violence and sexual offences,Awaiting court outcome,
4b5b56c43d5fc4c5c3f9964c4ec839c737824cb0393a76e07186d6b48fcaf098,2025-02,South Yorkshire Police,South Yorkshire Police,-1.400455,53.414122,On or near Town Street,E01007913,Sheffield 018C,Violence and sexual offences,Unable to prosecute suspect,
589f1c221579933bd437977039e038cc91013494085be202a4f3948739712ff2,2025-02,South Yorkshire Police,South Yorkshire Police,-1.406541,53.403879,On or near Shepcote Lane,E01007913,Sheffield 018C,Violence and sexual offences,Awaiting court outcome,
534d6aad45ee13f4ef5cb8988278ef3f321d61b1422516a54ddca971c412a6b2,2025-02,South Yorkshire Police,South Yorkshire Police,-1.406541,53.403879,On or near Shepcote Lane,E01007913,Sheffield 018C,Violence and sexual offences,Awaiting court outcome,
157357ba797f50768e411efa81bf0f66dce2217d5eca47c5db24e4c2ca901b66,2025-02,South Yorkshire Police,South Yorkshire Police,-1.396457,53.415990,On or near Newmarch Street,E01007913,Sheffield 018C,Violence and sexual offences,Investigation complete; no suspect identified,
961114b8fffbf9349cda25cef6a66f449be6fc3d3fcb9d83d1387be31477d01e,2025-02,South Yorkshire Police,South Yorkshire Police,-1.400455,53.414122,On or near Town Street,E01007913,Sheffield 018C,Violence and sexual offences,Unable to prosecute suspect,
0c98d4fa16a19a0debf6f40bc5e0a56949eabc39f2944bb1a36dee038709469e,2025-02,South Yorkshire Police,South Yorkshire Police,-1.408880,53.406551,On or near Park/Open Space,E01007913,Sheffield 018C,Violence and sexual offences,Local resolution,
b30ca9807125f0642882e257b9254b5ae2a94004ab10e79bf9cbbe08bed81268,2025-02,South Yorkshire Police,South Yorkshire Police,-1.410029,53.415923,On or near Parking Area,E01007913,Sheffield 018C,Violence and sexual offences,Unable to prosecute suspect,
8b7f47243a5d0e95bf2a0cfd652cfc3435bd77de04b746f953155956750f15d1,2025-02,South Yorkshire Police,South Yorkshire Police,-1.399252,53.411995,On or near Newburn Drive,E01007913,Sheffield 018C,Violence and sexual offences,Unable to prosecute suspect,
984a84249de132d3fc75fe5e1f75f560393bf6eea669c8e5fb4140b5555c92ec,2025-02,South Yorkshire Police,South Yorkshire Police,-1.408880,53.406551,On or near Park/Open Space,E01007913,Sheffield 018C,Violence and sexual offences,Investigation complete; no suspect identified,
ba1c437db24bb749694b6dac56ef3d55ffd7bd44cb9083637956b4d8f0f6c126,2025-02,South Yorkshire Police,South Yorkshire Police,-1.410731,53.414119,On or near Shopping Area,E01007913,Sheffield 018C,Violence and sexual offences,Awaiting court outcome,
6329bc4803e3a097815393feb6eacd2deff37b29b388df6e86fca5edd8027a0e,2025-02,South Yorkshire Police,South Yorkshire Police,-1.410731,53.414119,On or near Shopping Area,E01007913,Sheffield 018C,Violence and sexual offences,Unable to prosecute suspect,
64cffdf92784c9ed3c8377baf70b51a7814920d68ed5b2aa524a5155105b8e4c,2025-02,South Yorkshire Police,South Yorkshire Police,-1.406541,53.403879,On or near Shepcote Lane,E01007913,Sheffield 018C,Other crime,Awaiting court outcome,
218f1ea3950012843ea129b411ca4e2324a99b0e9bc44f1699164c660e6bac29,2025-02,South Yorkshire Police,South Yorkshire Police,-1.413780,53.413748,On or near Conference/Exhibition Centre,E01007913,Sheffield 018C,Other crime,Investigation complete; no suspect identified,
cce756e153326b98ecf1b31c7fde47baf9d0439dddffa5db15a0e2145c703cbc,2025-02,South Yorkshire Police,South Yorkshire Police,-1.406541,53.403879,On or near Shepcote Lane,E01007913,Sheffield 018C,Other crime,Awaiting court outcome,
,2025-02,South Yorkshire Police,South Yorkshire Police,-1.397315,53.414870,On or near Oversley Street,E01007914,Sheffield 018D,Anti-social behaviour,,
,2025-02,South Yorkshire Police,South Yorkshire Police,-1.397315,53.414870,On or near Oversley Street,E01007914,Sheffield 018D,Anti-social behaviour,,
abd4502e6cea1a286dcc02aa7ba6a48adc84fa4fb7b121ed7a8855fdcc2f7a31,2025-02,South Yorkshire Police,South Yorkshire Police,-1.396993,53.414285,On or near Norborough Road,E01007914,Sheffield 018D,Criminal damage and arson,Unable to prosecute suspect,
6ac9ee6f97fd0d425c0705e6f068f72cbe83e395d168685268992a0208b5e476,2025-02,South Yorkshire Police,South Yorkshire Police,-1.394992,53.414274,On or near St Lawrence Road,E01007914,Sheffield 018D,Public order,Unable to prosecute suspect,
,2025-02,South Yorkshire Police,South Yorkshire Police,-1.466448,53.396871,On or near Parking Area,E01007870,Sheffield 019A,Anti-social behaviour,,
ca8666c16402666d3dc34cf8ae1f138831753e60e7398373df07c06a8c3b725e,2025-02,South Yorkshire Police,South Yorkshire Police,-1.467600,53.400948,On or near Shirecliffe Lane,E01007870,Sheffield 019A,Burglary,Status update unavailable,
5f734e06e54000adf15ff47ddaf1a91adfab72cfdb7407f25104e9cab2eac83f,2025-02,South Yorkshire Police,South Yorkshire Police,-1.466609,53.398400,On or near Minna Road,E01007870,Sheffield 019A,Burglary,Investigation complete; no suspect identified,
b5a689d25be9080c6556f5be71e6fdd03603f778cd7337468b5e0fcc34003cbf,2025-02,South Yorkshire Police,South Yorkshire Police,-1.466557,53.400126,On or near Shirley Road,E01007870,Sheffield 019A,Vehicle crime,Unable to prosecute suspect,
3f80712f1eb045b6c70380c88156a07707861b593eeff834e33e4d7f360038da,2025-02,South Yorkshire Police,South Yorkshire Police,-1.465692,53.397156,On or near Christ Church Road,E01007870,Sheffield 019A,Vehicle crime,Awaiting court outcome,
3fc53420cccba8c4360e1d70fb0925c457a402ae7d964030f73636c0b2a98ef2,2025-02,South Yorkshire Police,South Yorkshire Police,-1.469120,53.399688,On or near Cooks Wood Road,E01007870,Sheffield 019A,Violence and sexual offences,Unable to prosecute suspect,
d8dc8264893c042ba15f3fa9c31d4c05add8b1360a258cfc9b8891b3bf79e404,2025-02,South Yorkshire Police,South Yorkshire Police,-1.466557,53.400126,On or near Shirley Road,E01007870,Sheffield 019A,Violence and sexual offences,Local resolution,
bad5d4909a3a94c84f6fd417107d1aec075260112621146bb2809d00ae0944c9,2025-02,South Yorkshire Police,South Yorkshire Police,-1.465692,53.397156,On or near Christ Church Road,E01007870,Sheffield 019A,Violence and sexual offences,Unable to prosecute suspect,
77647901cd43b645990a17572c02041e03580d790e8204097feb54ce1f3b3be9,2025-02,South Yorkshire Police,South Yorkshire Police,-1.465692,53.397156,On or near Christ Church Road,E01007870,Sheffield 019A,Violence and sexual offences,Unable to prosecute suspect,
6d85d70e14602c52438137afc9e5024f3b6303a4ce61fea28c5559159cdcd812,2025-02,South Yorkshire Police,South Yorkshire Police,-1.466557,53.400126,On or near Shirley Road,E01007870,Sheffield 019A,Violence and sexual offences,Unable to prosecute suspect,
de80c941906b19dfb3239f0fbc4e7341e3c4926f5fc0184de9e52f096218663e,2025-02,South Yorkshire Police,South Yorkshire Police,-1.468241,53.396556,On or near Polka Court,E01007870,Sheffield 019A,Violence and sexual offences,Unable to prosecute suspect,
64c2331911173c453e291e10aba218b400488710f1ff7b86d76cf6036c5ad1a4,2025-02,South Yorkshire Police,South Yorkshire Police,-1.465692,53.397156,On or near Christ Church Road,E01007870,Sheffield 019A,Violence and sexual offences,Unable to prosecute suspect,
2f02bef1d2967f8e58f3e6b84dccc3ee458ef47e4780d85198458cd0b7cd5c99,2025-02,South Yorkshire Police,South Yorkshire Police,-1.465264,53.398915,On or near Burngrove Place,E01007870,Sheffield 019A,Violence and sexual offences,Unable to prosecute suspect,
035fe78c0892dcd1b1c045b4d22b7fba07de991b6c9679231f84c722b72aba94,2025-02,South Yorkshire Police,South Yorkshire Police,-1.465264,53.398915,On or near Burngrove Place,E01007870,Sheffield 019A,Violence and sexual offences,Unable to prosecute suspect,
ff6bb513c6f5f6bbf43930c233d192fe0a2baabe8c415066b55c53439d66e6b0,2025-02,South Yorkshire Police,South Yorkshire Police,-1.466448,53.396871,On or near Parking Area,E01007870,Sheffield 019A,Violence and sexual offences,Unable to prosecute suspect,
9322d32d8fd92be1b9da0cd771ae1bed990c61f7dc334471ba6272d310533d09,2025-02,South Yorkshire Police,South Yorkshire Police,-1.466557,53.400126,On or near Shirley Road,E01007870,Sheffield 019A,Violence and sexual offences,Investigation complete; no suspect identified,
9c0e6fd25495373243425c632756b54e4c72f31ff5df89e10829473b5d09ddbf,2025-02,South Yorkshire Police,South Yorkshire Police,-1.462559,53.403514,On or near Firshill Avenue,E01007870,Sheffield 019A,Violence and sexual offences,Status update unavailable,
bd2b4cfc7aad6425885a9257c3dc526779fb5fa4aa8e86fb7f56e8ee7fdc6fea,2025-02,South Yorkshire Police,South Yorkshire Police,-1.468241,53.396556,On or near Polka Court,E01007870,Sheffield 019A,Violence and sexual offences,Unable to prosecute suspect,
802ce6cf4479e428bbdc42b805aba5c20dde6bb4bb324a1abf3754f0bb05eba8,2025-02,South Yorkshire Police,South Yorkshire Police,-1.463793,53.402244,On or near Orphanage Road,E01007870,Sheffield 019A,Violence and sexual offences,Unable to prosecute suspect,
6da4c45643861c680166c42cefbbaebb49b0b6425c6c3a43138cc7a2c4e2b1df,2025-02,South Yorkshire Police,South Yorkshire Police,-1.463040,53.401117,On or near Firshill Close,E01007870,Sheffield 019A,Violence and sexual offences,Awaiting court outcome,
fbd6229beb3c7d58d3d88065d93cde471d0234813e10960da396a7a839128116,2025-02,South Yorkshire Police,South Yorkshire Police,-1.463793,53.402244,On or near Orphanage Road,E01007870,Sheffield 019A,Violence and sexual offences,Unable to prosecute suspect,
,2025-02,South Yorkshire Police,South Yorkshire Police,-1.469204,53.404955,On or near Firshill Glade,E01007871,Sheffield 019B,Anti-social behaviour,,
,2025-02,South Yorkshire Police,South Yorkshire Police,-1.467778,53.402333,On or near Firshill Croft,E01007871,Sheffield 019B,Anti-social behaviour,,
57999c7c7e1ca12cab328e0ebefb96efa90ebfad7e7411e844404ebd53d0956a,2025-02,South Yorkshire Police,South Yorkshire Police,-1.466110,53.403440,On or near Firshill Rise,E01007871,Sheffield 019B,Criminal damage and arson,Investigation complete; no suspect identified,
e4e4f9892a78512d62707015695aa4f3c9b0d2959baec648d5f0e126bfbbb1e9,2025-02,South Yorkshire Police,South Yorkshire Police,-1.466110,53.403440,On or near Firshill Rise,E01007871,Sheffield 019B,Criminal damage and arson,Investigation complete; no suspect identified,
1c1d08f2bee1eac7d1066c42b6c85187b4cde2dd05cf4745074ff86e93511b72,2025-02,South Yorkshire Police,South Yorkshire Police,-1.469680,53.401758,On or near High View,E01007871,Sheffield 019B,Criminal damage and arson,Unable to prosecute suspect,
bfb192131a37ee113dfc39f163966183d56a7346994f8d6a6602192b61e99601,2025-02,South Yorkshire Police,South Yorkshire Police,-1.466110,53.403440,On or near Firshill Rise,E01007871,Sheffield 019B,Criminal damage and arson,Investigation complete; no suspect identified,
9dc23cfd8e0be788298c5e098e0140deb4d874720b582808903d7450c5df736e,2025-02,South Yorkshire Police,South Yorkshire Police,-1.466110,53.403440,On or near Firshill Rise,E01007871,Sheffield 019B,Criminal damage and arson,Investigation complete; no suspect identified,
375a51bd0e7459b46bd5d0eb2ef35e6935c6b318b10137ea6e4bae607d730b22,2025-02,South Yorkshire Police,South Yorkshire Police,-1.474054,53.406864,On or near Standish Close,E01007871,Sheffield 019B,Criminal damage and arson,Unable to prosecute suspect,
e93d5e87ebb6fe478efc960700b60e76f8e94ebad32246777c683f2c26c17957,2025-02,South Yorkshire Police,South Yorkshire Police,-1.474054,53.406864,On or near Standish Close,E01007871,Sheffield 019B,Criminal damage and arson,Unable to prosecute suspect,
07defb67489a56d17700a48f188e5a1b541448857a847bb48b035201f4181b90,2025-02,South Yorkshire Police,South Yorkshire Police,-1.467778,53.402333,On or near Firshill Croft,E01007871,Sheffield 019B,Criminal damage and arson,Unable to prosecute suspect,
6aeff4de534a9fddbdc39619231029daaea33318ba8e50a1289316291289aa51,2025-02,South Yorkshire Police,South Yorkshire Police,-1.469680,53.401758,On or near High View,E01007871,Sheffield 019B,Drugs,Local resolution,
47f655f1ff030c5fe70375031bacfa5ca8d4f5048ee9f5afca6d52c5a2746e8d,2025-02,South Yorkshire Police,South Yorkshire Police,-1.469204,53.404955,On or near Firshill Glade,E01007871,Sheffield 019B,Drugs,Unable to prosecute suspect,
f4874e13667dddd751f441c3f9a87b428ae8aea21e60253eef8aac2c002613dd,2025-02,South Yorkshire Police,South Yorkshire Police,-1.466110,53.403440,On or near Firshill Rise,E01007871,Sheffield 019B,Other theft,Investigation complete; no suspect identified,
88c260482aad321f428a55f183201b01f7d5d19009b73a106341c6841443a94f,2025-02,South Yorkshire Police,South Yorkshire Police,-1.473281,53.406142,On or near Standish Drive,E01007871,Sheffield 019B,Other theft,Unable to prosecute suspect,
04c201551152b0c540b680806c1ef6109ad7794766d68b826b5d3785d44cee0a,2025-02,South Yorkshire Police,South Yorkshire Police,-1.469204,53.404955,On or near Firshill Glade,E01007871,Sheffield 019B,Other theft,Investigation complete; no suspect identified,
e5ba08b83875592afbeed6302ab8dabe3d62d8c9b40232b8cc6887c6dbbef3d8,2025-02,South Yorkshire Police,South Yorkshire Police,-1.473369,53.405109,On or near Standish Way,E01007871,Sheffield 019B,Public order,Investigation complete; no suspect identified,
c2c12bf9419e1e87dc9bfb824b8c304e2544a2fa56815d2988a14d1f868b33f2,2025-02,South Yorkshire Police,South Yorkshire Police,-1.473738,53.404463,On or near Standish Bank,E01007871,Sheffield 019B,Public order,Status update unavailable,
c412dc3843f32579566820fa0bb11c673f10170b1524e1ed994e50e98f2367bb,2025-02,South Yorkshire Police,South Yorkshire Police,-1.469680,53.401758,On or near High View,E01007871,Sheffield 019B,Public order,Investigation complete; no suspect identified,
dce5ffc278d8c54b8e681c37858b5eb7ced4de3239112afc64d0efa5d814d13b,2025-02,South Yorkshire Police,South Yorkshire Police,-1.469204,53.404955,On or near Firshill Glade,E01007871,Sheffield 019B,Shoplifting,Investigation complete; no suspect identified,
d7579908b3701fb74e26cbb3c85ee99db74f263a313a24e4611e0e3fc0d8f231,2025-02,South Yorkshire Police,South Yorkshire Police,-1.467778,53.402333,On or near Firshill Croft,E01007871,Sheffield 019B,Violence and sexual offences,Unable to prosecute suspect,
a32ecdf40919e4a2f333e3e0fba1de22dbd56b2e2508ec8cd0ce1ef4f431d52b,2025-02,South Yorkshire Police,South Yorkshire Police,-1.470157,53.403306,On or near Batworth Drive,E01007871,Sheffield 019B,Violence and sexual offences,Unable to prosecute suspect,
bdba15f7afc97744360abb4c395ff318d77f7125b11cd0366e492723f9118d7c,2025-02,South Yorkshire Police,South Yorkshire Police,-1.469204,53.404955,On or near Firshill Glade,E01007871,Sheffield 019B,Violence and sexual offences,Unable to prosecute suspect,
8fd23eea4370bf6905b8b3e6dec7922b5e262babadf70cb16f920865d9c1cf78,2025-02,South Yorkshire Police,South Yorkshire Police,-1.469680,53.401758,On or near High View,E01007871,Sheffield 019B,Violence and sexual offences,Unable to prosecute suspect,
ac8301ae1c8a04779c5e2fda170d729afb067f9a894b1057e083d6a382560757,2025-02,South Yorkshire Police,South Yorkshire Police,-1.473369,53.405109,On or near Standish Way,E01007871,Sheffield 019B,Violence and sexual offences,Investigation complete; no suspect identified,
445bae0281a10e23f658757f8b733868488437f2e1add51321d3ee8cf8fa5e0b,2025-02,South Yorkshire Police,South Yorkshire Police,-1.470157,53.403306,On or near Batworth Drive,E01007871,Sheffield 019B,Violence and sexual offences,Unable to prosecute suspect,
043d833bd060cfbb2b192c9d283da95be8ee60df774db4495bbe0d708ff00942,2025-02,South Yorkshire Police,South Yorkshire Police,-1.470157,53.403306,On or near Batworth Drive,E01007871,Sheffield 019B,Violence and sexual offences,Unable to prosecute suspect,
,2025-02,South Yorkshire Police,South Yorkshire Police,-1.474227,53.408708,On or near Musgrave Place,E01007943,Sheffield 019C,Anti-social behaviour,,
,2025-02,South Yorkshire Police,South Yorkshire Police,-1.471542,53.412957,On or near Parking Area,E01007943,Sheffield 019C,Anti-social behaviour,,
,2025-02,South Yorkshire Police,South Yorkshire Police,-1.471542,53.412957,On or near Parking Area,E01007943,Sheffield 019C,Anti-social behaviour,,
,2025-02,South Yorkshire Police,South Yorkshire Police,-1.474227,53.408708,On or near Musgrave Place,E01007943,Sheffield 019C,Anti-social behaviour,,
,2025-02,South Yorkshire Police,South Yorkshire Police,-1.471868,53.410936,On or near Busk Park,E01007943,Sheffield 019C,Anti-social behaviour,,
,2025-02,South Yorkshire Police,South Yorkshire Police,-1.474227,53.408708,On or near Musgrave Place,E01007943,Sheffield 019C,Anti-social behaviour,,
,2025-02,South Yorkshire Police,South Yorkshire Police,-1.471868,53.410936,On or near Busk Park,E01007943,Sheffield 019C,Anti-social behaviour,,
,2025-02,South Yorkshire Police,South Yorkshire Police,-1.474227,53.408708,On or near Musgrave Place,E01007943,Sheffield 019C,Anti-social behaviour,,
5d31758b5502cb5605b071bd36e1fd750341369b3bdc57cbe0ee6dceb144ada5,2025-02,South Yorkshire Police,South Yorkshire Police,-1.468678,53.410993,On or near Busk Knoll,E01007943,Sheffield 019C,Burglary,Investigation complete; no suspect identified,
16a23e69558cb8a4d611447eca5550a49f9c7adf22e6607dea318870e47138c8,2025-02,South Yorkshire Police,South Yorkshire Police,-1.469457,53.408795,On or near Musgrave Drive,E01007943,Sheffield 019C,Burglary,Investigation complete; no suspect identified,
2490af020b3b9449e0f800c4f69d0a0df08c82419973794dfc1bbb0933aaa8d7,2025-02,South Yorkshire Police,South Yorkshire Police,-1.471821,53.412311,On or near Boynton Crescent,E01007943,Sheffield 019C,Burglary,Investigation complete; no suspect identified,
6b2ff24197906689a73bcd47e0b2be4fe361db5d719b97327f0bf087ec7993c1,2025-02,South Yorkshire Police,South Yorkshire Police,-1.472539,53.411433,On or near Boynton Road,E01007943,Sheffield 019C,Criminal damage and arson,Further investigation is not in the public interest,
dddaa597d08a7eefa8a4df1b5d9efb728c431f5526114eac22daaa4b4765cb52,2025-02,South Yorkshire Police,South Yorkshire Police,-1.474227,53.408708,On or near Musgrave Place,E01007943,Sheffield 019C,Criminal damage and arson,Investigation complete; no suspect identified,
09b2bf85bdc7cefa09bfef0071c26afb412886b1f2bce8667368f832bc160c99,2025-02,South Yorkshire Police,South Yorkshire Police,-1.471821,53.412311,On or near Boynton Crescent,E01007943,Sheffield 019C,Drugs,Investigation complete; no suspect identified,
ec4a98c914b14a37b454fba8f3618b9a7ec868ba4d2d045c70d5ddfbf18273c6,2025-02,South Yorkshire Police,South Yorkshire Police,-1.471542,53.412957,On or near Parking Area,E01007943,Sheffield 019C,Drugs,Awaiting court outcome,
a107332700f9dead4d618faf30d89ed228ba24b011b1bbe8976ab67752ef26a3,2025-02,South Yorkshire Police,South Yorkshire Police,-1.471821,53.412311,On or near Boynton Crescent,E01007943,Sheffield 019C,Drugs,Unable to prosecute suspect,
285b4b863e1814cbfc1c0982eb5ab3236501cd2325debc12891d095e762f6d1f,2025-02,South Yorkshire Police,South Yorkshire Police,-1.467821,53.412176,On or near Burrows Drive,E01007943,Sheffield 019C,Other theft,Investigation complete; no suspect identified,
8a42dd8813962f3e178901a56d18150ffad3703a61863964ca80b4b4ba67fd97,2025-02,South Yorkshire Police,South Yorkshire Police,-1.472539,53.411433,On or near Boynton Road,E01007943,Sheffield 019C,Other theft,Status update unavailable,
a9664e2ac77b305f349567bc4b9df334750dea2e38b6e75399e897d570ed2ba6,2025-02,South Yorkshire Police,South Yorkshire Police,-1.471542,53.412957,On or near Parking Area,E01007943,Sheffield 019C,Shoplifting,Investigation complete; no suspect identified,
b1cac7b31f7a3521d1979c580320f26119033f877fa74142ec81c7a52d3ed086,2025-02,South Yorkshire Police,South Yorkshire Police,-1.471542,53.412957,On or near Parking Area,E01007943,Sheffield 019C,Shoplifting,Awaiting court outcome,
de1c6966e391f4898422084772f4154c2cc4c3981c534e78e9ce8fc825a91684,2025-02,South Yorkshire Police,South Yorkshire Police,-1.471542,53.412957,On or near Parking Area,E01007943,Sheffield 019C,Shoplifting,Awaiting court outcome,
c4d0b2fa476dd56aeb569d6ef1a4a1cbef2c17d5d364c115966731c6900d268f,2025-02,South Yorkshire Police,South Yorkshire Police,-1.471542,53.412957,On or near Parking Area,E01007943,Sheffield 019C,Shoplifting,Awaiting court outcome,
c0ec17f0ed18d770bb74785c62b6bb2ccc393ff382e453c317feae91d961231c,2025-02,South Yorkshire Police,South Yorkshire Police,-1.471542,53.412957,On or near Parking Area,E01007943,Sheffield 019C,Shoplifting,Investigation complete; no suspect identified,
24bf82232f0a7897e7a3a47ea06d1ebe0738a84570ce18913a431d66d12fa316,2025-02,South Yorkshire Police,South Yorkshire Police,-1.471542,53.412957,On or near Parking Area,E01007943,Sheffield 019C,Shoplifting,Investigation complete; no suspect identified,
82bed231e7e2d04e34aa637233263e6ea42ac48c30c679861f51e9297b96df3c,2025-02,South Yorkshire Police,South Yorkshire Police,-1.471542,53.412957,On or near Parking Area,E01007943,Sheffield 019C,Shoplifting,Investigation complete; no suspect identified,
ae794e75ac5fae7ba428cbd7a9a5a7b5820eda70a1f057841a7233772b7d92d6,2025-02,South Yorkshire Police,South Yorkshire Police,-1.471868,53.410936,On or near Busk Park,E01007943,Sheffield 019C,Theft from the person,Investigation complete; no suspect identified,
35b542793f41f085c34ef7056112ed5fbc671090420f9453f71797b9c1210f29,2025-02,South Yorkshire Police,South Yorkshire Police,-1.468678,53.410993,On or near Busk Knoll,E01007943,Sheffield 019C,Vehicle crime,Investigation complete; no suspect identified,
13fa992dc4bc66f61d9cba2b774bc53d01b27b6c10f3556c51a558e7a4562481,2025-02,South Yorkshire Police,South Yorkshire Police,-1.469496,53.408139,On or near Musgrave Crescent,E01007943,Sheffield 019C,Vehicle crime,Investigation complete; no suspect identified,
67b9ba6e9d02190284ffacb0e6d8fda30d27247b52d207b91a457f9da1be8d3d,2025-02,South Yorkshire Police,South Yorkshire Police,-1.471868,53.410936,On or near Busk Park,E01007943,Sheffield 019C,Violence and sexual offences,Unable to prosecute suspect,
bc2b5f323721d29c0272f4717cd683abc84917f6163014f887939ce55627991a,2025-02,South Yorkshire Police,South Yorkshire Police,-1.472539,53.411433,On or near Boynton Road,E01007943,Sheffield 019C,Violence and sexual offences,Unable to prosecute suspect,
ec4ad644d91331be47bbdf35077879a6d94e24c2d4cc7d984ae4023d71bab65c,2025-02,South Yorkshire Police,South Yorkshire Police,-1.472539,53.411433,On or near Boynton Road,E01007943,Sheffield 019C,Violence and sexual offences,Unable to prosecute suspect,
2ae58e8dd8db965cb2457197ee837385509f049ad3b7cbbac6203836963966c8,2025-02,South Yorkshire Police,South Yorkshire Police,-1.472539,53.411433,On or near Boynton Road,E01007943,Sheffield 019C,Violence and sexual offences,Unable to prosecute suspect,
dca9c793c19020b4418f56bf211cc03a2eee4cd97c0ba76e1406d9ed9144d01c,2025-02,South Yorkshire Police,South Yorkshire Police,-1.472539,53.411433,On or near Boynton Road,E01007943,Sheffield 019C,Violence and sexual offences,Investigation complete; no suspect identified,
49db49c6a64e5f3da277e47474676eba6da9b459e3e7828537a84b235d93b7e5,2025-02,South Yorkshire Police,South Yorkshire Police,-1.474337,53.408349,On or near Musgrave Road,E01007943,Sheffield 019C,Violence and sexual offences,Unable to prosecute suspect,
,2025-02,South Yorkshire Police,South Yorkshire Police,-1.474407,53.412902,On or near Petrol Station,E01008094,Sheffield 019D,Anti-social behaviour,,
73b1690ca2c49ec12ebe9b6d7b602ee5c73ff895aaea32a9752d973cc190ae95,2025-02,South Yorkshire Police,South Yorkshire Police,-1.474407,53.412902,On or near Petrol Station,E01008094,Sheffield 019D,Violence and sexual offences,Status update unavailable,
fc61ee333d8327021c9d9a6ef43dda538c2b11bd148a7fd99e65f86dfadbae39,2025-02,South Yorkshire Police,South Yorkshire Police,-1.476053,53.410693,On or near Crumpsall Road,E01008094,Sheffield 019D,Violence and sexual offences,Unable to prosecute suspect,
7f23cd463fb55056355834efe1d8202a21891b58d3b67862d1664cc37f1c3231,2025-02,South Yorkshire Police,South Yorkshire Police,-1.485972,53.412795,On or near Penrith Road,E01008094,Sheffield 019D,Violence and sexual offences,Unable to prosecute suspect,
2abdfe8e64c37f27af55ecf0cd62bf4069e29cbc5c3b9d7781a40948dcff7c4f,2025-02,South Yorkshire Police,South Yorkshire Police,-1.477545,53.410502,On or near Longley Avenue West,E01008094,Sheffield 019D,Violence and sexual offences,Unable to prosecute suspect,
60f288e81a9af989e8e58c2ab3e91c4c4c998d2afdf461cb442bd19550478309,2025-02,South Yorkshire Police,South Yorkshire Police,-1.485972,53.412795,On or near Penrith Road,E01008094,Sheffield 019D,Violence and sexual offences,Status update unavailable,
5532bca780b7e17fd108278c459d83d4c06d431bad794116ad5423ca9e49126b,2025-02,South Yorkshire Police,South Yorkshire Police,-1.487329,53.411300,On or near Penrith Close,E01008094,Sheffield 019D,Violence and sexual offences,Unable to prosecute suspect,
63252155fb74a3cc583411824fcadf8be1ad226d466f12cf67014c19f448ba25,2025-02,South Yorkshire Police,South Yorkshire Police,-1.476053,53.410693,On or near Crumpsall Road,E01008094,Sheffield 019D,Violence and sexual offences,Unable to prosecute suspect,
384219b0225fe245779a639b1f57b2ba1c423e7aa7237f7781e5b7c572ca822c,2025-02,South Yorkshire Police,South Yorkshire Police,-1.487329,53.411300,On or near Penrith Close,E01008094,Sheffield 019D,Violence and sexual offences,Unable to prosecute suspect,
1d5f8a49db7ccfc38862e713328503a972b32239aa5518a2246167ca48b6018b,2025-02,South Yorkshire Police,South Yorkshire Police,-1.482838,53.411945,On or near Teynham Road,E01008094,Sheffield 019D,Violence and sexual offences,Unable to prosecute suspect,
2ee7680ae783dee12bae1358c2ada40d196d758faa5af2d4bcf6218013d52c9a,2025-02,South Yorkshire Police,South Yorkshire Police,-1.482208,53.411736,On or near Teynham Drive,E01008094,Sheffield 019D,Violence and sexual offences,Investigation complete; no suspect identified,
ab666de8a698fdc982d21616adffa2df2949238b3a756688a99e7604f472e483,2025-02,South Yorkshire Police,South Yorkshire Police,-1.486319,53.411439,On or near Penrith Crescent,E01008094,Sheffield 019D,Violence and sexual offences,Unable to prosecute suspect,
530d8a51b74880ba4f97b7c930c02ed905efcc97230d2d30aa163e16fe8c56c6,2025-02,South Yorkshire Police,South Yorkshire Police,-1.485972,53.412795,On or near Penrith Road,E01008094,Sheffield 019D,Violence and sexual offences,Unable to prosecute suspect,
,2025-02,South Yorkshire Police,South Yorkshire Police,-1.463051,53.396721,On or near Melrose Road,E01007869,Sheffield 020A,Anti-social behaviour,,
,2025-02,South Yorkshire Police,South Yorkshire Police,-1.453849,53.400104,On or near Ellesmere Road North,E01007869,Sheffield 020A,Anti-social behaviour,,
bd30840a42ef5268737631999968dd9a4e131daaadc0bd996eca2178b13f1674,2025-02,South Yorkshire Police,South Yorkshire Police,-1.453849,53.400104,On or near Ellesmere Road North,E01007869,Sheffield 020A,Criminal damage and arson,Investigation complete; no suspect identified,
234a609b550105a5f7b4dbeb28198ee42705b8cc208dd02beb18708fe363ec89,2025-02,South Yorkshire Police,South Yorkshire Police,-1.462598,53.399218,On or near Holtwood Road,E01007869,Sheffield 020A,Criminal damage and arson,Awaiting court outcome,
b3b48d7808cb84fbe110c5fe253e5a4cb116a1d40579a4cf2f63d897895c9dc4,2025-02,South Yorkshire Police,South Yorkshire Police,-1.458132,53.401571,On or near College Court,E01007869,Sheffield 020A,Drugs,Awaiting court outcome,
ef321a995ac032773e288c4f00eb178e0e515f3662dc1d2c8a273266bad26ce3,2025-02,South Yorkshire Police,South Yorkshire Police,-1.461011,53.395085,On or near Burngreave Bank,E01007869,Sheffield 020A,Drugs,Investigation complete; no suspect identified,
1c7d7c1b9c73d0775d4b2d4a36a313114fd534756afe32645df656b9678dea48,2025-02,South Yorkshire Police,South Yorkshire Police,-1.462598,53.399218,On or near Holtwood Road,E01007869,Sheffield 020A,Other theft,Unable to prosecute suspect,
c02b836898e7f78af7f389ce16c3f7baf78eb4b9893b53bcd598f75736aebdc0,2025-02,South Yorkshire Police,South Yorkshire Police,-1.462598,53.399218,On or near Holtwood Road,E01007869,Sheffield 020A,Public order,Investigation complete; no suspect identified,
0727e754c97876dd97b6ab77d9e3ca8cc680b8f599a06bc70973887f432f4f8e,2025-02,South Yorkshire Police,South Yorkshire Police,-1.453849,53.400104,On or near Ellesmere Road North,E01007869,Sheffield 020A,Vehicle crime,Investigation complete; no suspect identified,
a9f7ede11295b5068a606ab1efe6c73b93f472cc75f6f02816d910988fa45fd5,2025-02,South Yorkshire Police,South Yorkshire Police,-1.461377,53.401837,On or near Passhouses Road,E01007869,Sheffield 020A,Violence and sexual offences,Unable to prosecute suspect,
157cb23aea19213222cfb2bbec3f2d368200af1178da35e4bba677cb51d3fe6d,2025-02,South Yorkshire Police,South Yorkshire Police,-1.461377,53.401837,On or near Passhouses Road,E01007869,Sheffield 020A,Violence and sexual offences,Status update unavailable,
f2bcb216cadbdc4ae3c27420481cb168e8b00e259a3f6fa94ac277c2345a7548,2025-02,South Yorkshire Police,South Yorkshire Police,-1.458766,53.401394,On or near College Close,E01007869,Sheffield 020A,Violence and sexual offences,Unable to prosecute suspect,
3927e6149dc688af71d01ab76b1c782b525c38d8d2d7c9623c8c452f97e2d203,2025-02,South Yorkshire Police,South Yorkshire Police,-1.462598,53.399218,On or near Holtwood Road,E01007869,Sheffield 020A,Violence and sexual offences,Unable to prosecute suspect,
24b39af9f2998fd46a5062dd1ec2eabab3febac039bc0546c392cf89bb7020ec,2025-02,South Yorkshire Police,South Yorkshire Police,-1.458132,53.401571,On or near College Court,E01007869,Sheffield 020A,Violence and sexual offences,Unable to prosecute suspect,
c5b47b886c9d6f5405883e6747c9a06af2901282cccef9487bb63e0f7e679427,2025-02,South Yorkshire Police,South Yorkshire Police,-1.453849,53.400104,On or near Ellesmere Road North,E01007869,Sheffield 020A,Violence and sexual offences,Unable to prosecute suspect,
,2025-02,South Yorkshire Police,South Yorkshire Police,-1.456546,53.402094,On or near Skipton Road,E01007872,Sheffield 020B,Anti-social behaviour,,
,2025-02,South Yorkshire Police,South Yorkshire Police,-1.460667,53.405645,On or near Crabtree Road,E01007872,Sheffield 020B,Anti-social behaviour,,
,2025-02,South Yorkshire Police,South Yorkshire Police,-1.458453,53.405842,On or near Crabtree Lane,E01007872,Sheffield 020B,Anti-social behaviour,,
80ef912f5d1d235cc22d54860be6b6bfd846915faeab334b5621e8a3962cd4c5,2025-02,South Yorkshire Police,South Yorkshire Police,-1.457313,53.405585,On or near Crabtree Avenue,E01007872,Sheffield 020B,Burglary,Investigation complete; no suspect identified,
b8640135200ad38b1474b91506e6058caa86d06b8edfba3c1cfa10611c8db78c,2025-02,South Yorkshire Police,South Yorkshire Police,-1.454584,53.401411,On or near Blayton Road,E01007872,Sheffield 020B,Criminal damage and arson,Investigation complete; no suspect identified,
905360b002534276b1d3262ab5022b5da5e12bbf6e7d6c16e6cfb2e709ca4359,2025-02,South Yorkshire Police,South Yorkshire Police,-1.453676,53.401847,On or near Cawston Road,E01007872,Sheffield 020B,Criminal damage and arson,Investigation complete; no suspect identified,
4dc03dca9d48c38f30558865a83c7efc2d85e8744101db4ebfcd99f6668c1d1d,2025-02,South Yorkshire Police,South Yorkshire Police,-1.454393,53.403441,On or near Osgathorpe Road,E01007872,Sheffield 020B,Criminal damage and arson,Local resolution,
cc78316cb84c23d634baf533a292762fb56435942d7b0c40a99f862ade606f7f,2025-02,South Yorkshire Police,South Yorkshire Police,-1.454584,53.401411,On or near Blayton Road,E01007872,Sheffield 020B,Drugs,Investigation complete; no suspect identified,
79c6cb33d861737d19bc6d63af1ecb4e887cdd52d04953bdfed8a3669479130c,2025-02,South Yorkshire Police,South Yorkshire Police,-1.458192,53.403935,On or near Devon Road,E01007872,Sheffield 020B,Other theft,Investigation complete; no suspect identified,
8629297e472472291fcd46facd8d0b10b474c3dfdb096363344f14cf149f41ff,2025-02,South Yorkshire Police,South Yorkshire Police,-1.458192,53.403935,On or near Devon Road,E01007872,Sheffield 020B,Other theft,Status update unavailable,
77f668f072c911861094161310ea20dcee9e8a21b85fcbc0b041567a24819146,2025-02,South Yorkshire Police,South Yorkshire Police,-1.463222,53.405801,On or near Norwood Drive,E01007872,Sheffield 020B,Public order,Investigation complete; no suspect identified,
981fba0e240617c556ebc5ff267437e9a64f10458d04ddaf40e89f7140ef3c1c,2025-02,South Yorkshire Police,South Yorkshire Police,-1.454584,53.401411,On or near Blayton Road,E01007872,Sheffield 020B,Public order,Unable to prosecute suspect,
0fe693180f039ba518bff3329e8668ae0878cb1f2441c6b7696e9fafc66ab6dc,2025-02,South Yorkshire Police,South Yorkshire Police,-1.458192,53.403935,On or near Devon Road,E01007872,Sheffield 020B,Vehicle crime,Investigation complete; no suspect identified,
d4980fc988b043a0203e9324222a4eddaa53f8880eea9d3fef49d982f231db37,2025-02,South Yorkshire Police,South Yorkshire Police,-1.458192,53.403935,On or near Devon Road,E01007872,Sheffield 020B,Vehicle crime,Investigation complete; no suspect identified,
6f75a481736a5bac2017d540f5e8064987403658fe81c3624f25205169b32278,2025-02,South Yorkshire Police,South Yorkshire Police,-1.458192,53.403935,On or near Devon Road,E01007872,Sheffield 020B,Vehicle crime,Investigation complete; no suspect identified,
24725ebd2cb3037ed92ce1615d004a06a57666108bfa87b47d4e9f69e1188381,2025-02,South Yorkshire Police,South Yorkshire Police,-1.468591,53.404656,On or near Firshill Crescent,E01007872,Sheffield 020B,Violence and sexual offences,Unable to prosecute suspect,
5a8b6718a8ce755e17997d279d8fd4cfd790878817b78dfc130a2ccab3d8dcaa,2025-02,South Yorkshire Police,South Yorkshire Police,-1.453676,53.401847,On or near Cawston Road,E01007872,Sheffield 020B,Violence and sexual offences,Status update unavailable,
d088bce6b840cddfe4d743da7f89f73ff7e920c0736a7263244e671613f9fdb3,2025-02,South Yorkshire Police,South Yorkshire Police,-1.453676,53.401847,On or near Cawston Road,E01007872,Sheffield 020B,Violence and sexual offences,Unable to prosecute suspect,
,2025-02,South Yorkshire Police,South Yorkshire Police,-1.452424,53.406812,On or near Skinnerthorpe Road,E01007873,Sheffield 020C,Anti-social behaviour,,
,2025-02,South Yorkshire Police,South Yorkshire Police,-1.452424,53.406812,On or near Skinnerthorpe Road,E01007873,Sheffield 020C,Anti-social behaviour,,
,2025-02,South Yorkshire Police,South Yorkshire Police,-1.456372,53.403909,On or near Osgathorpe Crescent,E01007873,Sheffield 020C,Anti-social behaviour,,
,2025-02,South Yorkshire Police,South Yorkshire Police,-1.456372,53.403909,On or near Osgathorpe Crescent,E01007873,Sheffield 020C,Anti-social behaviour,,
40d1145fd69e6088f5b25bb9a3f38e1ad28b869bf6013de9e1cea452af88e0eb,2025-02,South Yorkshire Police,South Yorkshire Police,-1.452424,53.406812,On or near Skinnerthorpe Road,E01007873,Sheffield 020C,Burglary,Investigation complete; no suspect identified,
63fa44caafdff675aae1dc256ab64f9558ac0ecbc7b3c9e30fd6782409f139f6,2025-02,South Yorkshire Police,South Yorkshire Police,-1.452424,53.406812,On or near Skinnerthorpe Road,E01007873,Sheffield 020C,Drugs,Awaiting court outcome,
b55344b6199f66cd8d0c46152a46cd5bfdbfce10de5f45aba67b5b127c2c18c1,2025-02,South Yorkshire Police,South Yorkshire Police,-1.456372,53.403909,On or near Osgathorpe Crescent,E01007873,Sheffield 020C,Other theft,Investigation complete; no suspect identified,
0402c926f87518e19af1f7c2ec717bcd015b3c52c83f5d57b242887325848549,2025-02,South Yorkshire Police,South Yorkshire Police,-1.452424,53.406812,On or near Skinnerthorpe Road,E01007873,Sheffield 020C,Other theft,Unable to prosecute suspect,
d4376491e472ef37f2dbff1a1adc10a5fe40248ae52d80e73102a892437d0d5d,2025-02,South Yorkshire Police,South Yorkshire Police,-1.452424,53.406812,On or near Skinnerthorpe Road,E01007873,Sheffield 020C,Public order,Awaiting court outcome,
6dd7f3c48dab90416c91201d1110b23934578387e0ae02b261d1f4893479a5a8,2025-02,South Yorkshire Police,South Yorkshire Police,-1.452424,53.406812,On or near Skinnerthorpe Road,E01007873,Sheffield 020C,Public order,Investigation complete; no suspect identified,
dc865c87ef280063ccef4e47e39bed7978c61af458cd4c3740ec3590374954c6,2025-02,South Yorkshire Police,South Yorkshire Police,-1.452424,53.406812,On or near Skinnerthorpe Road,E01007873,Sheffield 020C,Public order,Unable to prosecute suspect,
1e59bcf00aff8d153d789aa62430f8eaac42162eac0c9f9715e7cc4d299130cd,2025-02,South Yorkshire Police,South Yorkshire Police,-1.452424,53.406812,On or near Skinnerthorpe Road,E01007873,Sheffield 020C,Robbery,Unable to prosecute suspect,
ae50e6ed419f7e632cb389b90569eab9e31f68879740331a46c3f106c337c004,2025-02,South Yorkshire Police,South Yorkshire Police,-1.452424,53.406812,On or near Skinnerthorpe Road,E01007873,Sheffield 020C,Robbery,Unable to prosecute suspect,
6f4c141c345d5d09ac18301fe3c037d21e10f7656cb1bccec0d4c02d0c0faef3,2025-02,South Yorkshire Police,South Yorkshire Police,-1.452424,53.406812,On or near Skinnerthorpe Road,E01007873,Sheffield 020C,Shoplifting,Investigation complete; no suspect identified,
835b2053a5502b53096a9fd94a3f61a1cad764bc63e331e5f58bb7fadcd5dda7,2025-02,South Yorkshire Police,South Yorkshire Police,-1.452424,53.406812,On or near Skinnerthorpe Road,E01007873,Sheffield 020C,Vehicle crime,Investigation complete; no suspect identified,
def6c3cc78669cc7551477db4d79aaf808c9315d2f3c4e4b721451bfaa747d77,2025-02,South Yorkshire Police,South Yorkshire Police,-1.452424,53.406812,On or near Skinnerthorpe Road,E01007873,Sheffield 020C,Vehicle crime,Investigation complete; no suspect identified,
0f549e43389171f8b751ba0a03fb612eb6a205acb1af3969fc4be58d3421d311,2025-02,South Yorkshire Police,South Yorkshire Police,-1.456372,53.403909,On or near Osgathorpe Crescent,E01007873,Sheffield 020C,Vehicle crime,Investigation complete; no suspect identified,
af2c9b59f7176f574d71aa9249a9c83683607836e1adf8375628b0f109aa568c,2025-02,South Yorkshire Police,South Yorkshire Police,-1.447815,53.406099,On or near Earl Marshal Road,E01007873,Sheffield 020C,Violence and sexual offences,Unable to prosecute suspect,
82c8fa5a034e2ee4d0ccab8d68498336ef7a4d3906d5d9a38f04891afe8c4499,2025-02,South Yorkshire Police,South Yorkshire Police,-1.451555,53.399563,On or near Carwood Grove,E01007873,Sheffield 020C,Violence and sexual offences,Investigation complete; no suspect identified,
82e57fc5f38401871cdd0a9c7c73606fe70dd8e1ae3b312b2d22cebc53b2afb2,2025-02,South Yorkshire Police,South Yorkshire Police,-1.449656,53.399806,On or near Carwood Close,E01007873,Sheffield 020C,Violence and sexual offences,Investigation complete; no suspect identified,
73ee54530ebff0226d167db4f1059b12bc206a5c917a53cf18a1d18932d6f0cf,2025-02,South Yorkshire Police,South Yorkshire Police,-1.444949,53.404450,On or near Whiteways Drive,E01007873,Sheffield 020C,Violence and sexual offences,Unable to prosecute suspect,
d5ffea4eaa2d29602b9eaff1cd3cc8b13b82abd0e1c14fc1f4024051084351f6,2025-02,South Yorkshire Police,South Yorkshire Police,-1.447815,53.406099,On or near Earl Marshal Road,E01007873,Sheffield 020C,Violence and sexual offences,Status update unavailable,
9a0b41ca95eedaa494f4fc0baff026da32d102290e054fe5cc6beca7e434a434,2025-02,South Yorkshire Police,South Yorkshire Police,-1.444949,53.404450,On or near Whiteways Drive,E01007873,Sheffield 020C,Violence and sexual offences,Awaiting court outcome,
c4d848640fa2e5b1c5640ada3ce2b8a02493fd1b2b04f0326f655e61d1b84757,2025-02,South Yorkshire Police,South Yorkshire Police,-1.447815,53.406099,On or near Earl Marshal Road,E01007873,Sheffield 020C,Other crime,Status update unavailable,
357660714550287c58deafdd405b3d797202b569255843c20ca430a1a03e05ed,2025-02,South Yorkshire Police,South Yorkshire Police,-1.452424,53.406812,On or near Skinnerthorpe Road,E01007873,Sheffield 020C,Other crime,Awaiting court outcome,
,2025-02,South Yorkshire Police,South Yorkshire Police,-1.449346,53.411050,On or near Bolsover Road,E01007942,Sheffield 020D,Anti-social behaviour,,
,2025-02,South Yorkshire Police,South Yorkshire Police,-1.457356,53.408120,On or near Smilter Lane,E01007942,Sheffield 020D,Anti-social behaviour,,
,2025-02,South Yorkshire Police,South Yorkshire Police,-1.457356,53.408120,On or near Smilter Lane,E01007942,Sheffield 020D,Anti-social behaviour,,
99bbf7183d4cf2f5f115848371a0bdca1c3c6e59e7cd61307a03739b2c0aa4da,2025-02,South Yorkshire Police,South Yorkshire Police,-1.457356,53.408120,On or near Smilter Lane,E01007942,Sheffield 020D,Criminal damage and arson,Awaiting court outcome,
1f2909e8717616f6f568c490ecab1737f4f27d80d149b9f65a5461b6171b2e86,2025-02,South Yorkshire Police,South Yorkshire Police,-1.449346,53.411050,On or near Bolsover Road,E01007942,Sheffield 020D,Criminal damage and arson,Unable to prosecute suspect,
841762040955dfa04a0ed8cf2047a2fdb052aea3daedd5625c3edcb1501db107,2025-02,South Yorkshire Police,South Yorkshire Police,-1.457356,53.408120,On or near Smilter Lane,E01007942,Sheffield 020D,Criminal damage and arson,Investigation complete; no suspect identified,
79b0cabb5773aa0d55da3ac543fbb466dcbee00190e376b622f9cf9af3e3b2bb,2025-02,South Yorkshire Police,South Yorkshire Police,-1.452934,53.408136,On or near Fir Vale Way,E01007942,Sheffield 020D,Other theft,Unable to prosecute suspect,
85b9b15eefbfc91a1b7baf5ed7bbd47888ec0e0f2261f25ed9b2ee21d3a54aac,2025-02,South Yorkshire Police,South Yorkshire Police,-1.457356,53.408120,On or near Smilter Lane,E01007942,Sheffield 020D,Other theft,Investigation complete; no suspect identified,
bb68e38788eb4f64f4fcc56e773d1d757d726d4b39a0266b016cfdd6a137bdc1,2025-02,South Yorkshire Police,South Yorkshire Police,-1.456484,53.406912,On or near Goddard Hall Road,E01007942,Sheffield 020D,Other theft,Investigation complete; no suspect identified,
6f350d8c833b4572e2006729fca4a22cd6ed6c7e75f7e731077b025ba1e16463,2025-02,South Yorkshire Police,South Yorkshire Police,-1.457356,53.408120,On or near Smilter Lane,E01007942,Sheffield 020D,Public order,Unable to prosecute suspect,
bb686f0c73b22440148a31c6a01ce05313565092e7bf9dc19737f4b1488e5160,2025-02,South Yorkshire Police,South Yorkshire Police,-1.457356,53.408120,On or near Smilter Lane,E01007942,Sheffield 020D,Public order,Unable to prosecute suspect,
354921260403a538eafedc6177131a5a1da8d2691a0439f8e1b28e799bb5b404,2025-02,South Yorkshire Police,South Yorkshire Police,-1.457356,53.408120,On or near Smilter Lane,E01007942,Sheffield 020D,Public order,Local resolution,
7c932bfdd921cf413686b8fb762e1179e354e47cf855912532da653cc787f520,2025-02,South Yorkshire Police,South Yorkshire Police,-1.457356,53.408120,On or near Smilter Lane,E01007942,Sheffield 020D,Public order,Unable to prosecute suspect,
625f7954b72a3befee3440a90995193ffa0f88060d20c9e282e32e9595bb0543,2025-02,South Yorkshire Police,South Yorkshire Police,-1.457356,53.408120,On or near Smilter Lane,E01007942,Sheffield 020D,Vehicle crime,Investigation complete; no suspect identified,
a6ccecac3b80461e49e07e12a6e88f07fe848d1119d727e8a786e08ad3de89aa,2025-02,South Yorkshire Police,South Yorkshire Police,-1.455669,53.405973,On or near Cannon Hall Road,E01007942,Sheffield 020D,Vehicle crime,Investigation complete; no suspect identified,
4daf0a3919fd5ce5a967c8034f5d726817309b017167350b20277333a33e2a3d,2025-02,South Yorkshire Police,South Yorkshire Police,-1.457500,53.406323,On or near Crabtree Close,E01007942,Sheffield 020D,Vehicle crime,Investigation complete; no suspect identified,
7e50540900b18709e5ed392aa9c08a914d6ef6d97086bc093c0c9c49d968b63a,2025-02,South Yorkshire Police,South Yorkshire Police,-1.457356,53.408120,On or near Smilter Lane,E01007942,Sheffield 020D,Violence and sexual offences,Unable to prosecute suspect,
c667f2617191b83403dfd0563d8dc24a3bfa53b0f698b9f1ea39b5462efdbf19,2025-02,South Yorkshire Police,South Yorkshire Police,-1.457356,53.408120,On or near Smilter Lane,E01007942,Sheffield 020D,Violence and sexual offences,Unable to prosecute suspect,
28cedbe1cdd2d8d2a8f0eb2df9a846efc7e95cabcb68d2868cdb62f1f32fa90d,2025-02,South Yorkshire Police,South Yorkshire Police,-1.457356,53.408120,On or near Smilter Lane,E01007942,Sheffield 020D,Violence and sexual offences,Unable to prosecute suspect,
83c8925c73427dda5a79869be64aa5ebffa32951e0f08d73729dceeaa00c5259,2025-02,South Yorkshire Police,South Yorkshire Police,-1.457356,53.408120,On or near Smilter Lane,E01007942,Sheffield 020D,Violence and sexual offences,Unable to prosecute suspect,
20127e7ec6df0611266f0977f6213ab13512049a9cd72e1463429e9c34f30bc7,2025-02,South Yorkshire Police,South Yorkshire Police,-1.449058,53.410042,On or near Idsworth Road,E01007942,Sheffield 020D,Violence and sexual offences,Unable to prosecute suspect,
0186f02cdb5f0ec52abf8cc15943854d9385334f9bff0a98ce4fd7fb4872d5ce,2025-02,South Yorkshire Police,South Yorkshire Police,-1.449058,53.410042,On or near Idsworth Road,E01007942,Sheffield 020D,Violence and sexual offences,Unable to prosecute suspect,
963c7e66eaf50d5f1335b4323caeffd640d5f40fa10e5e3dfaefdee090c31393,2025-02,South Yorkshire Police,South Yorkshire Police,-1.457356,53.408120,On or near Smilter Lane,E01007942,Sheffield 020D,Violence and sexual offences,Unable to prosecute suspect,
fb252c4e1590c6a08bfb7d21e465c613b4563a63e12eadd3d11e672100f7248a,2025-02,South Yorkshire Police,South Yorkshire Police,-1.457356,53.408120,On or near Smilter Lane,E01007942,Sheffield 020D,Violence and sexual offences,Awaiting court outcome,
405cec47696040ea17b38277bb0071b27ab6e9f92d5e19e0719a50ec263330ba,2025-02,South Yorkshire Police,South Yorkshire Police,-1.457356,53.408120,On or near Smilter Lane,E01007942,Sheffield 020D,Violence and sexual offences,Unable to prosecute suspect,
0cd8f2eb4c7c8529d6ab850ff9b8a305233d252d5d6cac8a4a4252d9ea676507,2025-02,South Yorkshire Police,South Yorkshire Police,-1.456491,53.406372,On or near Hampton Road,E01007942,Sheffield 020D,Violence and sexual offences,Unable to prosecute suspect,
58945d40f29d0e953f2e4f9a42481370e90dc11daebc149bbd0bf7f6381572fc,2025-02,South Yorkshire Police,South Yorkshire Police,-1.452934,53.408136,On or near Fir Vale Way,E01007942,Sheffield 020D,Violence and sexual offences,Unable to prosecute suspect,
f21474e9d84814651bd7031d2648054b6ca40b56672d8c0af9bd316c0cb14d8b,2025-02,South Yorkshire Police,South Yorkshire Police,-1.457356,53.408120,On or near Smilter Lane,E01007942,Sheffield 020D,Violence and sexual offences,Unable to prosecute suspect,
d0e3127ccab00b74fc2c75d6fb0fa74318589ddad170ae9910074d13521fac43,2025-02,South Yorkshire Police,South Yorkshire Police,-1.457356,53.408120,On or near Smilter Lane,E01007942,Sheffield 020D,Violence and sexual offences,Unable to prosecute suspect,
1966ac986c8b33fc94ec7c31992a6ebce7436ded6fdb22846899b7790d566323,2025-02,South Yorkshire Police,South Yorkshire Police,-1.457356,53.408120,On or near Smilter Lane,E01007942,Sheffield 020D,Violence and sexual offences,Unable to prosecute suspect,
,2025-02,South Yorkshire Police,South Yorkshire Police,-1.445922,53.411735,On or near Addison Road,E01007949,Sheffield 020E,Anti-social behaviour,,
,2025-02,South Yorkshire Police,South Yorkshire Police,-1.445922,53.411735,On or near Addison Road,E01007949,Sheffield 020E,Anti-social behaviour,,
270473608a1e1fb0fdd6d9b4329ad7250a1ff2591bd53e616b1a1ced84070b5b,2025-02,South Yorkshire Police,South Yorkshire Police,-1.449077,53.412082,On or near Cammell Road,E01007949,Sheffield 020E,Criminal damage and arson,Unable to prosecute suspect,
3bd32d6a500776368d22e8c1087fe816ea21a3f5ae7cc13cc204ee867238d820,2025-02,South Yorkshire Police,South Yorkshire Police,-1.449077,53.412082,On or near Cammell Road,E01007949,Sheffield 020E,Other theft,Unable to prosecute suspect,
4cacad319f307f3cc457fedd61d7f100c510733158cfad2043445e9b835d15d4,2025-02,South Yorkshire Police,South Yorkshire Police,-1.451719,53.412526,On or near Mortlake Road,E01007949,Sheffield 020E,Other theft,Investigation complete; no suspect identified,
47ef410410d0daed3f7906727ab1117f0c68d09f8d0c50fe1dc1cbb73f005891,2025-02,South Yorkshire Police,South Yorkshire Police,-1.449758,53.411735,On or near Lindley Road,E01007949,Sheffield 020E,Vehicle crime,Investigation complete; no suspect identified,
13e693e6a2bc4577efda1461c3dc77c2d8dd8a680102925ef12c4111e45190de,2025-02,South Yorkshire Police,South Yorkshire Police,-1.450996,53.412621,On or near Ellerton Road,E01007949,Sheffield 020E,Violence and sexual offences,Status update unavailable,
05a43f7ad588db57f6cd024bc787da43aaad242a2a1c73f439edc8b45ea56fb7,2025-02,South Yorkshire Police,South Yorkshire Police,-1.449077,53.412082,On or near Cammell Road,E01007949,Sheffield 020E,Violence and sexual offences,Unable to prosecute suspect,
3714f5f755b37d5c3c71f07da56f6ce6b53ea352f72cc2153c2835f9a7a20f01,2025-02,South Yorkshire Police,South Yorkshire Police,-1.450996,53.412621,On or near Ellerton Road,E01007949,Sheffield 020E,Other crime,Investigation complete; no suspect identified,
031c844b99f671e9409c14f9e5ed9e943829cfe3bd2a0a62be1de1412f691b2a,2025-02,South Yorkshire Police,South Yorkshire Police,-1.524940,53.404381,On or near Riverside Close,E01007990,Sheffield 021A,Burglary,Investigation complete; no suspect identified,
1ca56d47d659b78b7544086824064ce1d67f7ad3a016bdbb52dbe4ad2f096386,2025-02,South Yorkshire Police,South Yorkshire Police,-1.520150,53.403697,On or near Studfield Crescent,E01007990,Sheffield 021A,Burglary,Investigation complete; no suspect identified,
f84f04b67fecf276ed5600946f29ebbaf0553c6e374b174169f0c8d4b98a0e60,2025-02,South Yorkshire Police,South Yorkshire Police,-1.520150,53.403697,On or near Studfield Crescent,E01007990,Sheffield 021A,Violence and sexual offences,Unable to prosecute suspect,
4de55cbb9e81bd51b828a2e9759f176b1c85b492fb163ac6f257379f1c652576,2025-02,South Yorkshire Police,South Yorkshire Police,-1.520150,53.403697,On or near Studfield Crescent,E01007990,Sheffield 021A,Violence and sexual offences,Local resolution,
3712b2cb787450d57d1ff2fff2f5a2ed8d6e5db5bf0dbacc0d32878b7a9bdc45,2025-02,South Yorkshire Police,South Yorkshire Police,-1.522954,53.409802,On or near Bland Lane,E01007990,Sheffield 021A,Violence and sexual offences,Unable to prosecute suspect,
97317ce03e1fda768c1945689d3e6aa9f68857bb445a123fb6948096e867fcfa,2025-02,South Yorkshire Police,South Yorkshire Police,-1.522954,53.409802,On or near Bland Lane,E01007990,Sheffield 021A,Violence and sexual offences,Unable to prosecute suspect,
,2025-02,South Yorkshire Police,South Yorkshire Police,-1.505938,53.407351,On or near Warner Road,E01007992,Sheffield 021B,Anti-social behaviour,,
,2025-02,South Yorkshire Police,South Yorkshire Police,-1.507056,53.406969,On or near Wynyard Road,E01007992,Sheffield 021B,Anti-social behaviour,,
baff983cc816ae3a7ffa1f3a2b78036a20ca6d356304ad650dbccb92cfe81e41,2025-02,South Yorkshire Police,South Yorkshire Police,-1.507056,53.406969,On or near Wynyard Road,E01007992,Sheffield 021B,Criminal damage and arson,Investigation complete; no suspect identified,
40982b3b08af921fce0224cf4db62bc570851961992af1a4308c9d227fcee398,2025-02,South Yorkshire Police,South Yorkshire Police,-1.506440,53.405582,On or near Dykes Hall Gardens,E01007992,Sheffield 021B,Public order,Status update unavailable,
a0e4aa1014956cab78451171b4ec47f94fa8b68b0691469374488d362338d39c,2025-02,South Yorkshire Police,South Yorkshire Police,-1.508703,53.407623,On or near Rollin Drive,E01007992,Sheffield 021B,Shoplifting,Investigation complete; no suspect identified,
c37225e6003c8177ea74b9020fe42cbe536881848aa94740dd34540b12a48f60,2025-02,South Yorkshire Police,South Yorkshire Police,-1.508703,53.407623,On or near Rollin Drive,E01007992,Sheffield 021B,Shoplifting,Investigation complete; no suspect identified,
89755f0f8963b47c8c314a0f27b88966212e024132e9fd1aabf4fdfbd398328e,2025-02,South Yorkshire Police,South Yorkshire Police,-1.508703,53.407623,On or near Rollin Drive,E01007992,Sheffield 021B,Shoplifting,Awaiting court outcome,
f41b640d81dda147efdca2600f4b3397606a3da1f5c3908f7242f91771b9fc7c,2025-02,South Yorkshire Police,South Yorkshire Police,-1.508703,53.407623,On or near Rollin Drive,E01007992,Sheffield 021B,Shoplifting,Investigation complete; no suspect identified,
3ebb89c0915fc5bc4200a9424ca49697012d60533dafcc42a0a456c0eae88eb5,2025-02,South Yorkshire Police,South Yorkshire Police,-1.508703,53.407623,On or near Rollin Drive,E01007992,Sheffield 021B,Shoplifting,Investigation complete; no suspect identified,
146ae0e6d834036c95a23dcc580054cf193cee7d9acfc859eb74d0054f212c38,2025-02,South Yorkshire Police,South Yorkshire Police,-1.508703,53.407623,On or near Rollin Drive,E01007992,Sheffield 021B,Shoplifting,Investigation complete; no suspect identified,
0b5154a11482c71ad4cfefb0de5ae936ab4ccdac24f31fd4038649de4539833f,2025-02,South Yorkshire Police,South Yorkshire Police,-1.505938,53.407351,On or near Warner Road,E01007992,Sheffield 021B,Violence and sexual offences,Unable to prosecute suspect,
9965e02664c90a2084ec99d76c2e25d542dfbafcf16e931dc2d96d68980293d4,2025-02,South Yorkshire Police,South Yorkshire Police,-1.520311,53.408075,On or near Ben Lane,E01007993,Sheffield 021C,Public order,Investigation complete; no suspect identified,
9f44858ea969254f87640b35985b318325cf267deab1f3373a096b75d7e4e3cc,2025-02,South Yorkshire Police,South Yorkshire Police,-1.520311,53.408075,On or near Ben Lane,E01007993,Sheffield 021C,Shoplifting,Investigation complete; no suspect identified,
76965a0c0274a2605b08a94df384a1c803ba6ccfb175c5ed4f053fb41fadb7f2,2025-02,South Yorkshire Police,South Yorkshire Police,-1.520311,53.408075,On or near Ben Lane,E01007993,Sheffield 021C,Shoplifting,Investigation complete; no suspect identified,
ce246f4a13bfd5dedaf49b1cd20b389483e5f61ca462bbefeef5d69ac899d14f,2025-02,South Yorkshire Police,South Yorkshire Police,-1.520311,53.408075,On or near Ben Lane,E01007993,Sheffield 021C,Shoplifting,Investigation complete; no suspect identified,
4606d48c7bc0b8ae08fcd3734122e2fffbdcce84cfba6c3a79474d1090433a7a,2025-02,South Yorkshire Police,South Yorkshire Police,-1.520311,53.408075,On or near Ben Lane,E01007993,Sheffield 021C,Shoplifting,Investigation complete; no suspect identified,
f81b58649814c282594097e3e7b1ca76c26a0f22f902fe80445ad4bad309ee29,2025-02,South Yorkshire Police,South Yorkshire Police,-1.517461,53.404684,On or near Wisewood Place,E01007993,Sheffield 021C,Other crime,Unable to prosecute suspect,
,2025-02,South Yorkshire Police,South Yorkshire Police,-1.511260,53.401081,On or near Harrison Road,E01007994,Sheffield 021D,Anti-social behaviour,,
4f73f1021385be17456c54a9c8b344772ec023986ed35a3e711fb4c07de533a7,2025-02,South Yorkshire Police,South Yorkshire Police,-1.509655,53.403366,On or near Meredith Road,E01007994,Sheffield 021D,Criminal damage and arson,Local resolution,
9ef3e8683e2065de44e10afc6f37072d97c5b604fa1d840c0ba9575774d829f9,2025-02,South Yorkshire Police,South Yorkshire Police,-1.505387,53.402989,On or near Hunter Road,E01007994,Sheffield 021D,Other theft,Investigation complete; no suspect identified,
25afbf053750cd374fde16f3b9cec5023559ede00331f61a7069c556f22e38d9,2025-02,South Yorkshire Police,South Yorkshire Police,-1.511260,53.401081,On or near Harrison Road,E01007994,Sheffield 021D,Other theft,Unable to prosecute suspect,
5fe800fed74cf60e6c93b2f11d5d592253de288bdb042328c020ff072d197553,2025-02,South Yorkshire Police,South Yorkshire Police,-1.508943,53.405089,On or near Kendal Road,E01007994,Sheffield 021D,Other theft,Investigation complete; no suspect identified,
752dd1f6c8e8c04049dec9c877d8cd6b15ef1cbd1491c8852a8a4269e4def4ae,2025-02,South Yorkshire Police,South Yorkshire Police,-1.506340,53.402580,On or near Beechwood Road,E01007994,Sheffield 021D,Violence and sexual offences,Unable to prosecute suspect,
230b113f12c5bad1fd10645cc1c950c7d5d5e93b12a442517480e79bc3caa903,2025-02,South Yorkshire Police,South Yorkshire Police,-1.511260,53.401081,On or near Harrison Road,E01007994,Sheffield 021D,Violence and sexual offences,Investigation complete; no suspect identified,
e2b34b3769d1fb9840a75cc8c17ca5c18bde95600d1ca51ebc164aeb9f3ccbfc,2025-02,South Yorkshire Police,South Yorkshire Police,-1.511260,53.401081,On or near Harrison Road,E01007994,Sheffield 021D,Violence and sexual offences,Status update unavailable,
,2025-02,South Yorkshire Police,South Yorkshire Police,-1.515002,53.401339,On or near Wisewood Lane,E01007996,Sheffield 021E,Anti-social behaviour,,
,2025-02,South Yorkshire Police,South Yorkshire Police,-1.516933,53.402138,On or near Wisewood Road,E01007996,Sheffield 021E,Anti-social behaviour,,
a2ee6e1fb82db1254e35250c4edc4aecb46c2d20ba843737c2a019a7b07c84f8,2025-02,South Yorkshire Police,South Yorkshire Police,-1.515602,53.397557,On or near Stannington Rise,E01007996,Sheffield 021E,Criminal damage and arson,Local resolution,
4fdae5ba7a58a8b6778a6d01dc03b3e3a6a20d3077da42bf218e24517c2596f2,2025-02,South Yorkshire Police,South Yorkshire Police,-1.509596,53.400616,On or near Loxley New Road,E01007996,Sheffield 021E,Criminal damage and arson,Investigation complete; no suspect identified,
719f0e31f8db1a5392dd2e26538f2a54552bb309cca5dadb5adaeda60ae9738e,2025-02,South Yorkshire Police,South Yorkshire Police,-1.514997,53.403128,On or near Findon Crescent,E01007996,Sheffield 021E,Drugs,Investigation complete; no suspect identified,
6c348568b043dbaaf5036f210f8a65b46dcbcf58b45385127cbe9e113cfcd778,2025-02,South Yorkshire Police,South Yorkshire Police,-1.512656,53.401302,On or near Bankfield Road,E01007996,Sheffield 021E,Shoplifting,Investigation complete; no suspect identified,
c5831e16347ba84d3624a27c8b19dc6004021a3a41992426566ba9026b429e16,2025-02,South Yorkshire Police,South Yorkshire Police,-1.515002,53.401339,On or near Wisewood Lane,E01007996,Sheffield 021E,Violence and sexual offences,Investigation complete; no suspect identified,
8fc2ff61f672c916f7c5d33a31d4e607333a2ca237f114165411b61b757fbec6,2025-02,South Yorkshire Police,South Yorkshire Police,-1.509596,53.400616,On or near Loxley New Road,E01007996,Sheffield 021E,Violence and sexual offences,Unable to prosecute suspect,
8b612532ce0b8a4ffbec60265a3b8b165cc37c031a0eea72f51471ac50602a1c,2025-02,South Yorkshire Police,South Yorkshire Police,-1.512656,53.401302,On or near Bankfield Road,E01007996,Sheffield 021E,Violence and sexual offences,Unable to prosecute suspect,
33d82dff820fb8e0e2e5e79c4664f3580783fbf53da9649639005414a36ecc00,2025-02,South Yorkshire Police,South Yorkshire Police,-1.515002,53.401339,On or near Wisewood Lane,E01007996,Sheffield 021E,Violence and sexual offences,Unable to prosecute suspect,
73876026a23e5fc411a6ca968dcfeba73b41ea9a19844a87426635c659a68727,2025-02,South Yorkshire Police,South Yorkshire Police,-1.517734,53.397844,On or near Woodend Drive,E01007996,Sheffield 021E,Other crime,Further investigation is not in the public interest,
e109670ba926248cd0eb60d3e97e2a82833973ab2137ace47696b4244d37821f,2025-02,South Yorkshire Police,South Yorkshire Police,-1.517734,53.397844,On or near Woodend Drive,E01007996,Sheffield 021E,Other crime,Further investigation is not in the public interest,
43f4c3c2ac731785cbd6650a3afc568e00c7360f288697f8542860379185a69c,2025-02,South Yorkshire Police,South Yorkshire Police,-1.517734,53.397844,On or near Woodend Drive,E01007996,Sheffield 021E,Other crime,Further investigation is not in the public interest,
7c2619bf84087517e2153850b92676a20fde9407868ec46c4c1230e49d392356,2025-02,South Yorkshire Police,South Yorkshire Police,-1.517734,53.397844,On or near Woodend Drive,E01007996,Sheffield 021E,Other crime,Further investigation is not in the public interest,
1fdd18fc7097628a5c38716cd17183ae8bff2e601976e299eaa3203edfb515ff,2025-02,South Yorkshire Police,South Yorkshire Police,-1.517734,53.397844,On or near Woodend Drive,E01007996,Sheffield 021E,Other crime,Unable to prosecute suspect,
008ee96bcc5ef0c476acefc98f905515aa60780ecb46403edb2d5ecdc3cb9ad1,2025-02,South Yorkshire Police,South Yorkshire Police,-1.517734,53.397844,On or near Woodend Drive,E01007996,Sheffield 021E,Other crime,Further investigation is not in the public interest,
da03aee7f2257e5f0fd9e6ce51f717ff95cfcfd24bb5081482a4b910861f8997,2025-02,South Yorkshire Police,South Yorkshire Police,-1.458644,53.395569,On or near Catherine Road,E01007874,Sheffield 022A,Criminal damage and arson,Investigation complete; no suspect identified,
0907b056131696ca10efe027bf016ed2ddcffa5ff32c4dc56ab3b7f922fd5eca,2025-02,South Yorkshire Police,South Yorkshire Police,-1.454095,53.397319,On or near Lyons Close,E01007874,Sheffield 022A,Vehicle crime,Investigation complete; no suspect identified,
c515b075371e0879bc197c9234ceb68b9b6e50ac584554ca720e073c1fac1b54,2025-02,South Yorkshire Police,South Yorkshire Police,-1.455651,53.395618,On or near Ellesmere Road,E01007874,Sheffield 022A,Violence and sexual offences,Unable to prosecute suspect,
cad266630d82c0f02947aa6a2cfaef8b083253334bd3ed240fad335a4f361795,2025-02,South Yorkshire Police,South Yorkshire Police,-1.454290,53.396151,On or near Earldom Street,E01007874,Sheffield 022A,Violence and sexual offences,Unable to prosecute suspect,
2c74ea05c631b64ce2ea8481e2f4ec6ec54ad69df04c3eb96fcd5ffaf20b076d,2025-02,South Yorkshire Police,South Yorkshire Police,-1.456604,53.397492,On or near Lucas Street,E01007874,Sheffield 022A,Violence and sexual offences,Status update unavailable,
e0521f6d96642bf38bc8956a4c298aa2180b5c17b29286063ed272aaa53dfdf0,2025-02,South Yorkshire Police,South Yorkshire Police,-1.456987,53.395795,On or near Earldom Close,E01007874,Sheffield 022A,Violence and sexual offences,Unable to prosecute suspect,
2d42436d539c66ea893af985680a041afd3e5b7fc1e1b05a2ba111dfb97f9e55,2025-02,South Yorkshire Police,South Yorkshire Police,-1.455382,53.394260,On or near Buckenham Street,E01007874,Sheffield 022A,Violence and sexual offences,Unable to prosecute suspect,
52227a700c89fd809e33922df155849837ec1d26db5b38cd9e202203a320c101,2025-02,South Yorkshire Police,South Yorkshire Police,-1.456604,53.397492,On or near Lucas Street,E01007874,Sheffield 022A,Violence and sexual offences,Unable to prosecute suspect,
,2025-02,South Yorkshire Police,South Yorkshire Police,-1.468606,53.396207,On or near Pitsmoor Road,E01007875,Sheffield 022B,Anti-social behaviour,,
,2025-02,South Yorkshire Police,South Yorkshire Police,-1.463892,53.395583,On or near Cranworth Place,E01007875,Sheffield 022B,Anti-social behaviour,,
96fda6f38637bac2b8cd7360faf094a90514d59c879cb3a3f010fedeb8e259a8,2025-02,South Yorkshire Police,South Yorkshire Police,-1.466120,53.395396,On or near Nottingham Street,E01007875,Sheffield 022B,Criminal damage and arson,Awaiting court outcome,
35bfef2512b8b569b1796d2eb956abff22e948be1e5aef3d66f4a3fde6e73fbb,2025-02,South Yorkshire Police,South Yorkshire Police,-1.463892,53.395583,On or near Cranworth Place,E01007875,Sheffield 022B,Criminal damage and arson,Investigation complete; no suspect identified,
cc62c9b481b328f8b6203da8160429c7ff2502bc74e4357b9b91bf85ddbfa681,2025-02,South Yorkshire Police,South Yorkshire Police,-1.466120,53.395396,On or near Nottingham Street,E01007875,Sheffield 022B,Criminal damage and arson,Awaiting court outcome,
560965db9d544eab9af4cc8c7740e94a154b285ead37e20a865101a7405a3288,2025-02,South Yorkshire Police,South Yorkshire Police,-1.463892,53.395583,On or near Cranworth Place,E01007875,Sheffield 022B,Criminal damage and arson,Unable to prosecute suspect,
954b4069197cce0b09e27c549476533dc36f9bdbd28ce3807c56ab7ee5ece696,2025-02,South Yorkshire Police,South Yorkshire Police,-1.468606,53.396207,On or near Pitsmoor Road,E01007875,Sheffield 022B,Public order,Unable to prosecute suspect,
53ac7d1d0c7ab11dec8463820a3a5ab219e6b81dd767b278cbe3792645562017,2025-02,South Yorkshire Police,South Yorkshire Police,-1.467348,53.395842,On or near Nottingham Cliff,E01007875,Sheffield 022B,Vehicle crime,Investigation complete; no suspect identified,
351b92e51ef9044bbf657a445e6bff78cd70155a5095c3d63e412e747df555ec,2025-02,South Yorkshire Police,South Yorkshire Police,-1.463431,53.395150,On or near Cranworth Road,E01007875,Sheffield 022B,Vehicle crime,Investigation complete; no suspect identified,
ddbba1446bb49db4a548d788719af65cd86fb45d55c3ced134940c66b8d8ef98,2025-02,South Yorkshire Police,South Yorkshire Police,-1.466725,53.396324,On or near Rising Street,E01007875,Sheffield 022B,Violence and sexual offences,Awaiting court outcome,
d198815c6c95240ea4eaf3f23523a09ba1032c755afbbc267a4d674cd6106fe7,2025-02,South Yorkshire Police,South Yorkshire Police,-1.466283,53.394408,On or near Fox Street,E01007875,Sheffield 022B,Violence and sexual offences,Unable to prosecute suspect,
f29866af9d7a07ee77a9844b851c8e09a082a179804e53b702e46b65543a7026,2025-02,South Yorkshire Police,South Yorkshire Police,-1.466120,53.395396,On or near Nottingham Street,E01007875,Sheffield 022B,Violence and sexual offences,Investigation complete; no suspect identified,
fc93fc5c1ff2ab1bb9e601b7a5dba01ca971a21c4e5d127c9daf4c6609e50441,2025-02,South Yorkshire Police,South Yorkshire Police,-1.467348,53.395842,On or near Nottingham Cliff,E01007875,Sheffield 022B,Violence and sexual offences,Unable to prosecute suspect,
1a71df375b17a654332250f316bbd3a8bfac5f748e77b1d1b2021590612d9c4d,2025-02,South Yorkshire Police,South Yorkshire Police,-1.461681,53.395618,On or near Burngreave Street,E01007875,Sheffield 022B,Violence and sexual offences,Awaiting court outcome,
75128f1333f1e0271507d199f26a1d5ca37bc9c5274bc73276b8e22df8d1d56a,2025-02,South Yorkshire Police,South Yorkshire Police,-1.463943,53.393894,On or near Somerset Road,E01007875,Sheffield 022B,Violence and sexual offences,Investigation complete; no suspect identified,
8cbd1b6dfcf8f2419b71011080d00d75605d0d8a71b914b86a4baa4cd15d51c8,2025-02,South Yorkshire Police,South Yorkshire Police,-1.465843,53.393507,On or near Rock Street,E01007875,Sheffield 022B,Violence and sexual offences,Unable to prosecute suspect,
24884dbcf67f967e701110ab6f038cf0ba1b75b30e2d05423aa72ed51d140164,2025-02,South Yorkshire Police,South Yorkshire Police,-1.463943,53.393894,On or near Somerset Road,E01007875,Sheffield 022B,Violence and sexual offences,Unable to prosecute suspect,
dd81d29638d98223467ce6628af61f5eaf8c0ea190d39276bf6f8682f2ebfa10,2025-02,South Yorkshire Police,South Yorkshire Police,-1.467348,53.395842,On or near Nottingham Cliff,E01007875,Sheffield 022B,Violence and sexual offences,Investigation complete; no suspect identified,
957dc75dbbcfbcc32bfdff9a82621db265932bfcdc1af509db95800f8de89a91,2025-02,South Yorkshire Police,South Yorkshire Police,-1.461681,53.395618,On or near Burngreave Street,E01007875,Sheffield 022B,Violence and sexual offences,Unable to prosecute suspect,
d95b408a935a3a9eb00de9b691c9ad193cb65c4c7e12525ab9204e5539f3cc38,2025-02,South Yorkshire Police,South Yorkshire Police,-1.466120,53.395396,On or near Nottingham Street,E01007875,Sheffield 022B,Other crime,Unable to prosecute suspect,
72a622f3b918808c0576d0876f9079f99e4852a210b6c6b4038ec99c2e5ab16d,2025-02,South Yorkshire Police,South Yorkshire Police,-1.461681,53.395618,On or near Burngreave Street,E01007875,Sheffield 022B,Other crime,Unable to prosecute suspect,
,2025-02,South Yorkshire Police,South Yorkshire Police,-1.444969,53.411011,On or near Hinde House Lane,E01007940,Sheffield 022E,Anti-social behaviour,,
a87d1593b44c3278735e1311ec2cfeaecf3beb9fc7d82fe7db841c040e8beb2e,2025-02,South Yorkshire Police,South Yorkshire Police,-1.443154,53.409394,On or near Wade Street,E01007940,Sheffield 022E,Burglary,Unable to prosecute suspect,
cbd21d7bb6cdb1bf711a82ff2cec844ca4ad66117c78a7235244f7bf709cdef8,2025-02,South Yorkshire Police,South Yorkshire Police,-1.441027,53.412180,On or near Wensley Green,E01007940,Sheffield 022E,Burglary,Investigation complete; no suspect identified,
2ad850e7e2c77f290c58dbc1410f249cdfec0ffe6bc37290664ca2b78189e7c5,2025-02,South Yorkshire Police,South Yorkshire Police,-1.443154,53.409394,On or near Wade Street,E01007940,Sheffield 022E,Criminal damage and arson,Unable to prosecute suspect,
5260319a3b65745271e105b180e798ee9b9a7b15b4186d8a1e593dd490c48a4b,2025-02,South Yorkshire Police,South Yorkshire Police,-1.445886,53.412229,On or near Hamilton Road,E01007940,Sheffield 022E,Other theft,Unable to prosecute suspect,
0ccd47ba67d141a09b3ea8bf7f50dbf557e5386ddc582227e2a39d8e2cdd4b9f,2025-02,South Yorkshire Police,South Yorkshire Police,-1.441027,53.412180,On or near Wensley Green,E01007940,Sheffield 022E,Other theft,Investigation complete; no suspect identified,
9ba5a80d5fc1d1b65ad1d44206c8c444f64da88bcef3ef2b42ef2b72a13ebec4,2025-02,South Yorkshire Police,South Yorkshire Police,-1.444037,53.412046,On or near Park/Open Space,E01007940,Sheffield 022E,Public order,Investigation complete; no suspect identified,
bb1f8c6e2d7f7f2f7c9c1bd93b5a5da5d794f495681560b38cc5d4b1a4ceea72,2025-02,South Yorkshire Police,South Yorkshire Police,-1.441053,53.410220,On or near Wensley Street,E01007940,Sheffield 022E,Public order,Investigation complete; no suspect identified,
f67d5093a249fab602ffb7b19a036fef14e9a5892dccf6c31189152a3ebd831f,2025-02,South Yorkshire Police,South Yorkshire Police,-1.444969,53.411011,On or near Hinde House Lane,E01007940,Sheffield 022E,Vehicle crime,Investigation complete; no suspect identified,
6479d44814b937ea5bd98e487e836454694ee9392811a69127c8f3fdda326e7d,2025-02,South Yorkshire Police,South Yorkshire Police,-1.441027,53.412180,On or near Wensley Green,E01007940,Sheffield 022E,Violence and sexual offences,Investigation complete; no suspect identified,
1ed75af5d62e6b290daf943429a269553a6e4de9279e100b50eaea369facbaab,2025-02,South Yorkshire Police,South Yorkshire Police,-1.442694,53.411244,On or near Hinde House Croft,E01007940,Sheffield 022E,Violence and sexual offences,Status update unavailable,
,2025-02,South Yorkshire Police,South Yorkshire Police,-1.435161,53.392745,On or near Parking Area,E01033269,Sheffield 022G,Anti-social behaviour,,
,2025-02,South Yorkshire Police,South Yorkshire Police,-1.442758,53.398246,On or near Atlas Way,E01033269,Sheffield 022G,Anti-social behaviour,,
,2025-02,South Yorkshire Police,South Yorkshire Police,-1.442758,53.398246,On or near Atlas Way,E01033269,Sheffield 022G,Anti-social behaviour,,
,2025-02,South Yorkshire Police,South Yorkshire Police,-1.457082,53.389476,On or near Savile Street,E01033269,Sheffield 022G,Anti-social behaviour,,
,2025-02,South Yorkshire Police,South Yorkshire Police,-1.435416,53.396207,On or near Five Weirs Walk,E01033269,Sheffield 022G,Anti-social behaviour,,
,2025-02,South Yorkshire Police,South Yorkshire Police,-1.430523,53.394341,On or near Bodmin Street,E01033269,Sheffield 022G,Anti-social behaviour,,
,2025-02,South Yorkshire Police,South Yorkshire Police,-1.442758,53.398246,On or near Atlas Way,E01033269,Sheffield 022G,Anti-social behaviour,,
,2025-02,South Yorkshire Police,South Yorkshire Police,-1.457416,53.391608,On or near Hallcar Street,E01033269,Sheffield 022G,Anti-social behaviour,,
,2025-02,South Yorkshire Police,South Yorkshire Police,-1.463470,53.393307,On or near Andover Street,E01033269,Sheffield 022G,Anti-social behaviour,,
7d383cccdf5e6b03fd7529b5e4883e63c877e855e5de0a97aacaf744c51798e4,2025-02,South Yorkshire Police,South Yorkshire Police,-1.448771,53.398508,On or near Fieldhouse Way,E01033269,Sheffield 022G,Burglary,Investigation complete; no suspect identified,
ff394654831b7c1586eab22326f0d7c0146d1c27ad68dd895ed7ce51f88de276,2025-02,South Yorkshire Police,South Yorkshire Police,-1.431939,53.395337,On or near Burgess Road,E01033269,Sheffield 022G,Burglary,Investigation complete; no suspect identified,
22f812e90169f4854087c11c6b26aaf20e633d71449cb6716dbea71ec372ced3,2025-02,South Yorkshire Police,South Yorkshire Police,-1.435161,53.392745,On or near Parking Area,E01033269,Sheffield 022G,Criminal damage and arson,Investigation complete; no suspect identified,
b48d5ffe348eeec3fd3c01e973865509854b1d16a2b442a262a10c47919614da,2025-02,South Yorkshire Police,South Yorkshire Police,-1.429361,53.394650,On or near Titterton Street,E01033269,Sheffield 022G,Criminal damage and arson,Investigation complete; no suspect identified,
6d4ffdf909acb2dca215ea4bbd0e3aae60d9f7ee78ea30eedd5671fd6a690ede,2025-02,South Yorkshire Police,South Yorkshire Police,-1.434223,53.392656,On or near Nightclub,E01033269,Sheffield 022G,Criminal damage and arson,Investigation complete; no suspect identified,
02dce435d99373a192bb7beef7a8a2c4dcb24d81761d5745d1304fa3f84b9aca,2025-02,South Yorkshire Police,South Yorkshire Police,-1.435416,53.396207,On or near Five Weirs Walk,E01033269,Sheffield 022G,Drugs,Local resolution,
2e4304a354053ee231812aeb907ba219d1ea640fcc51450929dd5ee61a8c4c7f,2025-02,South Yorkshire Police,South Yorkshire Police,-1.459466,53.390017,On or near Spital Hill,E01033269,Sheffield 022G,Drugs,Status update unavailable,
4312ed026431ca03c5d02616cc04db5ca2b4610d233130ddf8e97e67d5e6bd07,2025-02,South Yorkshire Police,South Yorkshire Police,-1.457416,53.391608,On or near Hallcar Street,E01033269,Sheffield 022G,Other theft,Investigation complete; no suspect identified,
ed520b97388874d15131c7de1217270d544ee811e4f13748ad8f9a45b84b801f,2025-02,South Yorkshire Police,South Yorkshire Police,-1.445387,53.399652,On or near Garter Street,E01033269,Sheffield 022G,Other theft,Status update unavailable,
bb8f247726fa74c37dd3b18f5bb3b3c0bea2c40bd8d2623d84bae34040dffcea,2025-02,South Yorkshire Police,South Yorkshire Police,-1.459191,53.391589,On or near Spital Lane,E01033269,Sheffield 022G,Other theft,Investigation complete; no suspect identified,
082f6cd493bc7a1dd0eeaa20092f12c4ccc44002214e5bab67e06f6538123ca0,2025-02,South Yorkshire Police,South Yorkshire Police,-1.431939,53.395337,On or near Burgess Road,E01033269,Sheffield 022G,Other theft,Investigation complete; no suspect identified,
35cc63cde31c0f9b8924ff5a74a7b6874e50287460009a4f3363c800c59c75ad,2025-02,South Yorkshire Police,South Yorkshire Police,-1.455032,53.393440,On or near Clun Street,E01033269,Sheffield 022G,Other theft,Investigation complete; no suspect identified,
68163d69320045f2ba2daac3ed15334c2f432b214e09915e33c66130b35bbf79,2025-02,South Yorkshire Police,South Yorkshire Police,-1.463470,53.393307,On or near Andover Street,E01033269,Sheffield 022G,Other theft,Unable to prosecute suspect,
49cc46301f9340d8b672508fe93b585219afd9c35368cf8e1248886063284637,2025-02,South Yorkshire Police,South Yorkshire Police,-1.430992,53.403162,On or near A6109,E01033269,Sheffield 022G,Possession of weapons,Unable to prosecute suspect,
d752155887331310b1868aa09543c68346b5a1acdbcc689e2e1600ee46377190,2025-02,South Yorkshire Police,South Yorkshire Police,-1.442758,53.398246,On or near Atlas Way,E01033269,Sheffield 022G,Possession of weapons,Unable to prosecute suspect,
973029aa9369553d09a4811b7a8f2d3789dd77de52f6d882e14025e31bf0a188,2025-02,South Yorkshire Police,South Yorkshire Police,-1.442758,53.398246,On or near Atlas Way,E01033269,Sheffield 022G,Possession of weapons,Awaiting court outcome,
fbcb4dddee30039fed30249628b129c3f8dec6bacccdda9dc5b39e85172d439c,2025-02,South Yorkshire Police,South Yorkshire Police,-1.453713,53.394234,On or near Buckenham Drive,E01033269,Sheffield 022G,Public order,Investigation complete; no suspect identified,
1ec0c76f12e6d54f0b5e491c4d34e57fb442a5c9fac53214d038e25269ed6378,2025-02,South Yorkshire Police,South Yorkshire Police,-1.450936,53.397385,On or near Lyons Street,E01033269,Sheffield 022G,Public order,Investigation complete; no suspect identified,
6888f273e9b46e4dc0f19f565ab5e93167477c2a1a497fe04b52243371990394,2025-02,South Yorkshire Police,South Yorkshire Police,-1.427930,53.394877,On or near Worksop Road,E01033269,Sheffield 022G,Public order,Investigation complete; no suspect identified,
4a86fdc461256d46b6df9afef09c861afb75e4dc65e53ba491aaa27844b3db9d,2025-02,South Yorkshire Police,South Yorkshire Police,-1.435161,53.392745,On or near Parking Area,E01033269,Sheffield 022G,Public order,Unable to prosecute suspect,
fe19f53cc74c188a83d22dfd41ac3ba05cca72da383f8b61f366ccbf219706a4,2025-02,South Yorkshire Police,South Yorkshire Police,-1.457193,53.389639,On or near Supermarket,E01033269,Sheffield 022G,Robbery,Unable to prosecute suspect,
8d35b3f6eb6c7658068a58dcf950fd8f02b760b9f23b3dfd3148618750966a2e,2025-02,South Yorkshire Police,South Yorkshire Police,-1.459466,53.390017,On or near Spital Hill,E01033269,Sheffield 022G,Robbery,Investigation complete; no suspect identified,
5fd72b83555e5b815048dc61be30cd9b9f9dfaf637ce78afee248f1733ce8f05,2025-02,South Yorkshire Police,South Yorkshire Police,-1.457193,53.389639,On or near Supermarket,E01033269,Sheffield 022G,Shoplifting,Investigation complete; no suspect identified,
df249aab18fa541af8bb691c8cf07f3987f26c9970ef144b61e939fc64ed2e6e,2025-02,South Yorkshire Police,South Yorkshire Police,-1.457193,53.389639,On or near Supermarket,E01033269,Sheffield 022G,Shoplifting,Investigation complete; no suspect identified,
f986a2dfce87e7494dfbdf5e9717230d2a0415a02cd4c3413f7599881d0485e5,2025-02,South Yorkshire Police,South Yorkshire Police,-1.457193,53.389639,On or near Supermarket,E01033269,Sheffield 022G,Shoplifting,Investigation complete; no suspect identified,
b1c34d334634153b145067fc64a9a4084bd1762158c2df69eb2726f4249c16ad,2025-02,South Yorkshire Police,South Yorkshire Police,-1.457193,53.389639,On or near Supermarket,E01033269,Sheffield 022G,Shoplifting,Investigation complete; no suspect identified,
f2f506c6df7fc92262f6e8fafb2394ecc94639213ce2d5fe6f0cdd1e7aebcbe4,2025-02,South Yorkshire Police,South Yorkshire Police,-1.457193,53.389639,On or near Supermarket,E01033269,Sheffield 022G,Shoplifting,Investigation complete; no suspect identified,
aa79f34db633b541539dbe3d7c685922dbaaf50f2405d01c0423085e307f4d40,2025-02,South Yorkshire Police,South Yorkshire Police,-1.457193,53.389639,On or near Supermarket,E01033269,Sheffield 022G,Shoplifting,Investigation complete; no suspect identified,
d2ace9482557b464a261b44e638e0419f394114b978f72c348cee0eaa85e31ab,2025-02,South Yorkshire Police,South Yorkshire Police,-1.457193,53.389639,On or near Supermarket,E01033269,Sheffield 022G,Shoplifting,Investigation complete; no suspect identified,
ebb0e75af90b225a3fd299d0b931a43962ff71f3d7725dbd9860ae361ad27659,2025-02,South Yorkshire Police,South Yorkshire Police,-1.457193,53.389639,On or near Supermarket,E01033269,Sheffield 022G,Shoplifting,Investigation complete; no suspect identified,
1efbc61d20721d703d964ca8398ddea2ebcbe76589b27493fb6145368ac0a6d4,2025-02,South Yorkshire Police,South Yorkshire Police,-1.457193,53.389639,On or near Supermarket,E01033269,Sheffield 022G,Shoplifting,Investigation complete; no suspect identified,
e605005975dc452aa0194a32edaad59f09d5bbbec7527575a541c9c596199dd3,2025-02,South Yorkshire Police,South Yorkshire Police,-1.457193,53.389639,On or near Supermarket,E01033269,Sheffield 022G,Shoplifting,Local resolution,
1b028418b544180aabecd809010b707220c2270d0a4f17374d84a66fcbc71316,2025-02,South Yorkshire Police,South Yorkshire Police,-1.457193,53.389639,On or near Supermarket,E01033269,Sheffield 022G,Shoplifting,Investigation complete; no suspect identified,
2a14936f98df1fff94ff13fa3ea3b105117a0cfdd7e3a8b2f4a09d7dce7be497,2025-02,South Yorkshire Police,South Yorkshire Police,-1.457193,53.389639,On or near Supermarket,E01033269,Sheffield 022G,Shoplifting,Awaiting court outcome,
64ff658f2ea809c7f67eff4c34a4e5f294b781a15d7d57336b7d02323c153a4a,2025-02,South Yorkshire Police,South Yorkshire Police,-1.457193,53.389639,On or near Supermarket,E01033269,Sheffield 022G,Shoplifting,Investigation complete; no suspect identified,
4ded7de8447115297d4bd4606f7f825c6a98beb509558c96451d3458a7b21869,2025-02,South Yorkshire Police,South Yorkshire Police,-1.457193,53.389639,On or near Supermarket,E01033269,Sheffield 022G,Shoplifting,Investigation complete; no suspect identified,
941eaa01e4bbab3359c57438dc97e2124d5b9803af7772ea570f39d56dc302af,2025-02,South Yorkshire Police,South Yorkshire Police,-1.457193,53.389639,On or near Supermarket,E01033269,Sheffield 022G,Shoplifting,Investigation complete; no suspect identified,
ffa0972d033206d5fa58088e8967077cff322ddf394147d5baa8dd227ec9c972,2025-02,South Yorkshire Police,South Yorkshire Police,-1.457193,53.389639,On or near Supermarket,E01033269,Sheffield 022G,Shoplifting,Investigation complete; no suspect identified,
3c9939f2a2fd6f7a6710b47c4914c035263f147666000e64f27f390790f05420,2025-02,South Yorkshire Police,South Yorkshire Police,-1.457193,53.389639,On or near Supermarket,E01033269,Sheffield 022G,Shoplifting,Investigation complete; no suspect identified,
fa262b1c91df4577fc9cba2f14b3c7c8ff8f888b7558813246eb60613a0cbeb8,2025-02,South Yorkshire Police,South Yorkshire Police,-1.456666,53.392647,On or near Earsham Street,E01033269,Sheffield 022G,Theft from the person,Investigation complete; no suspect identified,
df60e76d7ff55de7b62ace0f15baa905a77d375fe138eff4e3db7ad2ba34361b,2025-02,South Yorkshire Police,South Yorkshire Police,-1.427930,53.394877,On or near Worksop Road,E01033269,Sheffield 022G,Vehicle crime,Investigation complete; no suspect identified,
fefb3dc7041fa107dd6341b18eb75128edcf7900bb4165373ea8d7754012f744,2025-02,South Yorkshire Police,South Yorkshire Police,-1.435161,53.392745,On or near Parking Area,E01033269,Sheffield 022G,Vehicle crime,Investigation complete; no suspect identified,
8fc92bc9c155d6b94010fd1f8960cfa36763ac664f4e6c4ddb90405caf3c9d7b,2025-02,South Yorkshire Police,South Yorkshire Police,-1.427930,53.394877,On or near Worksop Road,E01033269,Sheffield 022G,Vehicle crime,Unable to prosecute suspect,
005d19a2b6ce63ccf04a32824d5dadc9c82a9c2532bca031433ff4b9bb0ad7cd,2025-02,South Yorkshire Police,South Yorkshire Police,-1.432686,53.393408,On or near Baltic Lane,E01033269,Sheffield 022G,Vehicle crime,Investigation complete; no suspect identified,
8cb581acae744272111512c7d115ce00896fc10080e718b94f2e38a6401c7790,2025-02,South Yorkshire Police,South Yorkshire Police,-1.450518,53.398300,On or near Canada Street,E01033269,Sheffield 022G,Vehicle crime,Investigation complete; no suspect identified,
77707a3ac3a36889526785bcb5695ab0e87cb7b9ac5e3a73b3460e1b598da355,2025-02,South Yorkshire Police,South Yorkshire Police,-1.434223,53.392656,On or near Nightclub,E01033269,Sheffield 022G,Vehicle crime,Investigation complete; no suspect identified,
985600096c952547167812642eb54c9cd61d02d84342a6e9f7fca9cd43dc0a28,2025-02,South Yorkshire Police,South Yorkshire Police,-1.466200,53.392610,On or near Neville Drive,E01033269,Sheffield 022G,Vehicle crime,Investigation complete; no suspect identified,
4a7d90efb6c571d3ae4189241ede7df61cbf58753c22d505244810c4a6b4c7f4,2025-02,South Yorkshire Police,South Yorkshire Police,-1.430992,53.403162,On or near A6109,E01033269,Sheffield 022G,Vehicle crime,Investigation complete; no suspect identified,
413c0d0b78fe062deb44c58f1c9fb534308817d395000e20ff8b31b595663313,2025-02,South Yorkshire Police,South Yorkshire Police,-1.453210,53.394816,On or near Sutherland Road,E01033269,Sheffield 022G,Violence and sexual offences,Local resolution,
96168d18123ec45703d03dc09cced7b870f0296c8a3105f4f222e15db9e190fa,2025-02,South Yorkshire Police,South Yorkshire Police,-1.453210,53.394816,On or near Sutherland Road,E01033269,Sheffield 022G,Violence and sexual offences,Unable to prosecute suspect,
54998fe54014367a7d8b12af7b6e7fe8dcee1161dcb109e5dbcf8e0a391a2da1,2025-02,South Yorkshire Police,South Yorkshire Police,-1.453210,53.394816,On or near Sutherland Road,E01033269,Sheffield 022G,Violence and sexual offences,Local resolution,
9da86d753e78ef8ba8b26df4befad695ffe690450ccf0500e3beea1a180f13f1,2025-02,South Yorkshire Police,South Yorkshire Police,-1.453713,53.394234,On or near Buckenham Drive,E01033269,Sheffield 022G,Violence and sexual offences,Unable to prosecute suspect,
a0aa3078e868597d396a0c511177ab9d34ec0385cb3e70079274ec580e755c51,2025-02,South Yorkshire Police,South Yorkshire Police,-1.453713,53.394234,On or near Buckenham Drive,E01033269,Sheffield 022G,Violence and sexual offences,Unable to prosecute suspect,
689a758c4d0d6b59a7d65d60da65236bf58706b9ff9352784096a7f04182d22b,2025-02,South Yorkshire Police,South Yorkshire Police,-1.429361,53.394650,On or near Titterton Street,E01033269,Sheffield 022G,Violence and sexual offences,Unable to prosecute suspect,
a450fcb531ff458fcc15436b80ef42b6b2a83c928fe8939ee5ad5cf0090fb944,2025-02,South Yorkshire Police,South Yorkshire Police,-1.453210,53.394816,On or near Sutherland Road,E01033269,Sheffield 022G,Violence and sexual offences,Unable to prosecute suspect,
8305b5a14e9482451cb7b698bcbf1ef2be19f5d6a5b83465d5f5cf1871315cde,2025-02,South Yorkshire Police,South Yorkshire Police,-1.467434,53.393784,On or near Gray Street,E01033269,Sheffield 022G,Violence and sexual offences,Unable to prosecute suspect,
c9241dbe9c4dcff1b85629236cc41a392becf2c1c511211aac8998e00e31f9b9,2025-02,South Yorkshire Police,South Yorkshire Police,-1.453210,53.394816,On or near Sutherland Road,E01033269,Sheffield 022G,Violence and sexual offences,Unable to prosecute suspect,
44eb923f600df76171765f1c2170d6926c815a7702f0abd81f14d426083bd9bc,2025-02,South Yorkshire Police,South Yorkshire Police,-1.427930,53.394877,On or near Worksop Road,E01033269,Sheffield 022G,Violence and sexual offences,Action to be taken by another organisation,
db0f2af179c335000e2350f6c940a3e1b4dedf8d7999287cb4883c851ad9dcf2,2025-02,South Yorkshire Police,South Yorkshire Police,-1.427930,53.394877,On or near Worksop Road,E01033269,Sheffield 022G,Violence and sexual offences,Unable to prosecute suspect,
a0298031f8ba85ab71789a58cd1079272a40896c5c1f5b35bd1383c4822cb092,2025-02,South Yorkshire Police,South Yorkshire Police,-1.427930,53.394877,On or near Worksop Road,E01033269,Sheffield 022G,Violence and sexual offences,Local resolution,
48a9f92f850b3e847179648240ea426596ccf3ff0cc9df9d82c570fef0e59032,2025-02,South Yorkshire Police,South Yorkshire Police,-1.453210,53.394816,On or near Sutherland Road,E01033269,Sheffield 022G,Violence and sexual offences,Unable to prosecute suspect,
e17fe60cd951a92f465d08778f2aeb42487bf0b0fa165d6e826fe3c903e4b5aa,2025-02,South Yorkshire Police,South Yorkshire Police,-1.435161,53.392745,On or near Parking Area,E01033269,Sheffield 022G,Violence and sexual offences,Unable to prosecute suspect,
77fe9f6ca08849ea2b25b2a6e253d250ca66220b2397924f2620e3bd66d0ea18,2025-02,South Yorkshire Police,South Yorkshire Police,-1.427930,53.394877,On or near Worksop Road,E01033269,Sheffield 022G,Violence and sexual offences,Status update unavailable,
42eafd93e37040a64be91e3ffdfdeaedcfcc208cdd2ff8d53d1260966deea802,2025-02,South Yorkshire Police,South Yorkshire Police,-1.427930,53.394877,On or near Worksop Road,E01033269,Sheffield 022G,Violence and sexual offences,Status update unavailable,
6c402f9059d157d98bb0d6f7b3b54457d3fb4336108af199f1f0c8d36e822d3a,2025-02,South Yorkshire Police,South Yorkshire Police,-1.459191,53.391589,On or near Spital Lane,E01033269,Sheffield 022G,Violence and sexual offences,Unable to prosecute suspect,
ac163d94eb75790727651a33a64ff771dc8da8cd6e70cff5e3110a1b988f2eb9,2025-02,South Yorkshire Police,South Yorkshire Police,-1.456509,53.393186,On or near Parking Area,E01033269,Sheffield 022G,Violence and sexual offences,Unable to prosecute suspect,
ef5b7d7d8d1ca2b568c11f310bb929fb19a15c59093c76804b09f783f810d035,2025-02,South Yorkshire Police,South Yorkshire Police,-1.427930,53.394877,On or near Worksop Road,E01033269,Sheffield 022G,Violence and sexual offences,Unable to prosecute suspect,
da15c7a2b9f0d414a4497d30081cad3ef550e6075f3902d3f6ab6691778b19ac,2025-02,South Yorkshire Police,South Yorkshire Police,-1.464381,53.391415,On or near Verdon Street,E01033269,Sheffield 022G,Violence and sexual offences,Investigation complete; no suspect identified,
86b968086df9116ff030817101cbb62aafd07ff1667e9ac59266a889551c78e7,2025-02,South Yorkshire Police,South Yorkshire Police,-1.457193,53.389639,On or near Supermarket,E01033269,Sheffield 022G,Violence and sexual offences,Status update unavailable,
61bcb5bead2250917f8ca4e2ec50f064635767785e7d819a865572ed1ed108bf,2025-02,South Yorkshire Police,South Yorkshire Police,-1.463470,53.393307,On or near Andover Street,E01033269,Sheffield 022G,Violence and sexual offences,Offender given a caution,
6cf3f230f29a46d0a52fbf2f005df2a10f5d58cd8e63f594987ae2dc069de9d6,2025-02,South Yorkshire Police,South Yorkshire Police,-1.463470,53.393307,On or near Andover Street,E01033269,Sheffield 022G,Violence and sexual offences,Status update unavailable,
f3729e64cf98c1d164479432ee3052e76c569fb50400ba3d002aa88b040b542e,2025-02,South Yorkshire Police,South Yorkshire Police,-1.427930,53.394877,On or near Worksop Road,E01033269,Sheffield 022G,Violence and sexual offences,Unable to prosecute suspect,
f6e5c2cb9b1eb36a466d6b13b86dbae5803da9b021d64f5b93237c5cc07a31f7,2025-02,South Yorkshire Police,South Yorkshire Police,-1.457416,53.391608,On or near Hallcar Street,E01033269,Sheffield 022G,Violence and sexual offences,Investigation complete; no suspect identified,
3ec177e58e31abd1ef82e8305d44c0ff7f359af5dd1d43437774fa78cc4bbf2c,2025-02,South Yorkshire Police,South Yorkshire Police,-1.467434,53.393784,On or near Gray Street,E01033269,Sheffield 022G,Other crime,Unable to prosecute suspect,
5d630a3593c3940ec246111c7babc0dc111eb199e0c0d7a557e1dd0a4c2605f5,2025-02,South Yorkshire Police,South Yorkshire Police,-1.467434,53.393784,On or near Gray Street,E01033269,Sheffield 022G,Other crime,Unable to prosecute suspect,
6113a616ba661783ea4f24aeb2f4d99bfa8ce5d0497efbb48ac83d889b644c7e,2025-02,South Yorkshire Police,South Yorkshire Police,-1.467434,53.393784,On or near Gray Street,E01033269,Sheffield 022G,Other crime,Unable to prosecute suspect,
b12a841e9820daf4662c19d2f2239454427b484177adda4bd8d0bc9b2c809cb5,2025-02,South Yorkshire Police,South Yorkshire Police,-1.448777,53.398058,On or near Carwood Road,E01033269,Sheffield 022G,Other crime,Unable to prosecute suspect,
,2025-02,South Yorkshire Police,South Yorkshire Police,-1.464849,53.387642,On or near Nursery Lane,E01033270,Sheffield 022H,Anti-social behaviour,,
,2025-02,South Yorkshire Police,South Yorkshire Police,-1.464849,53.387642,On or near Nursery Lane,E01033270,Sheffield 022H,Anti-social behaviour,,
,2025-02,South Yorkshire Police,South Yorkshire Police,-1.477722,53.396040,On or near Douglas Road,E01033270,Sheffield 022H,Anti-social behaviour,,
,2025-02,South Yorkshire Police,South Yorkshire Police,-1.477722,53.396040,On or near Douglas Road,E01033270,Sheffield 022H,Anti-social behaviour,,
4a7882696c6711f7a524552dee3577638c6aaf3914ed77b31210ce472f2d7519,2025-02,South Yorkshire Police,South Yorkshire Police,-1.461129,53.390510,On or near Spital Street,E01033270,Sheffield 022H,Burglary,Investigation complete; no suspect identified,
b126f7bfd018b99b3b475ee067272503c6171f8a7b6d4c272f172d154ffa7e3e,2025-02,South Yorkshire Police,South Yorkshire Police,-1.462359,53.387172,On or near Wicker,E01033270,Sheffield 022H,Burglary,Unable to prosecute suspect,
0a72c673c212929eb010a2b42ab1dbd50feac3a7a2708d3245d823fdbddfd4f5,2025-02,South Yorkshire Police,South Yorkshire Police,-1.480359,53.396798,On or near Wallace Road,E01033270,Sheffield 022H,Burglary,Investigation complete; no suspect identified,
a941c384686ccd594989bb0901863f1f25c75fc359a317ae46a89d3d9c296a02,2025-02,South Yorkshire Police,South Yorkshire Police,-1.476638,53.391235,On or near Adelaide Lane,E01033270,Sheffield 022H,Criminal damage and arson,Unable to prosecute suspect,
61f9ff6dda911dd0a87de48b4df4408df260a09cc64a1b3fe07405cbbc5f164f,2025-02,South Yorkshire Police,South Yorkshire Police,-1.460352,53.390147,On or near Handley Street,E01033270,Sheffield 022H,Drugs,Awaiting court outcome,
69d7a94223e1ff1c9970a08c7e0f4413c271df5594ebe4868aef93b2f97e2fcd,2025-02,South Yorkshire Police,South Yorkshire Police,-1.460352,53.390147,On or near Handley Street,E01033270,Sheffield 022H,Drugs,Local resolution,
facf4b97cda9609d113c82ef3391065e8a96e703affbd0c4693c0f3dc5db6a90,2025-02,South Yorkshire Police,South Yorkshire Police,-1.468877,53.390203,On or near Swinton Street,E01033270,Sheffield 022H,Drugs,Awaiting court outcome,
9b4409a4b0209f04993e208d3e01260150423b645da19989706539ad6fff2726,2025-02,South Yorkshire Police,South Yorkshire Police,-1.468877,53.390203,On or near Swinton Street,E01033270,Sheffield 022H,Possession of weapons,Awaiting court outcome,
87c04a7679753176f6eff3755cd37d8253dfb158f6b7c4fd7d7eda85e2b76ed8,2025-02,South Yorkshire Police,South Yorkshire Police,-1.461129,53.390510,On or near Spital Street,E01033270,Sheffield 022H,Vehicle crime,Investigation complete; no suspect identified,
32671a368c828036cb94b40fb1e5ee96b49bb40248ad6078472edd0b1f7ad03b,2025-02,South Yorkshire Police,South Yorkshire Police,-1.461808,53.386711,On or near Sheldon Row,E01033270,Sheffield 022H,Vehicle crime,Investigation complete; no suspect identified,
34cf447031f71dcf48f816b0c7e4feb2272352ddf5da2ca5930d108ef966dab9,2025-02,South Yorkshire Police,South Yorkshire Police,-1.476638,53.391235,On or near Adelaide Lane,E01033270,Sheffield 022H,Vehicle crime,Investigation complete; no suspect identified,
06215f7c65c542f0c46c4b309bdfd183159bff03c25a59fc9bbdb4b1087be20e,2025-02,South Yorkshire Police,South Yorkshire Police,-1.461129,53.390510,On or near Spital Street,E01033270,Sheffield 022H,Vehicle crime,Investigation complete; no suspect identified,
f9ac285af3826bcfb8b25dae6d244195c57824299b0be593f9364a7671ff25e2,2025-02,South Yorkshire Police,South Yorkshire Police,-1.480359,53.396798,On or near Wallace Road,E01033270,Sheffield 022H,Vehicle crime,Investigation complete; no suspect identified,
f99a477dfa52be5ea356203cdc268911849e76b0249b60f03c08f3c18a567a6e,2025-02,South Yorkshire Police,South Yorkshire Police,-1.468877,53.390203,On or near Swinton Street,E01033270,Sheffield 022H,Vehicle crime,Investigation complete; no suspect identified,
1f04b4cb3e5ca8eb0ced848d5699435c71374b426f8ea5e0278d248e1826c7cb,2025-02,South Yorkshire Police,South Yorkshire Police,-1.468877,53.390203,On or near Swinton Street,E01033270,Sheffield 022H,Vehicle crime,Investigation complete; no suspect identified,
eb4d2dc8808fb3907bc0a9fee966cf6e7ee2cfde2d7dc2416e820ae1916f9846,2025-02,South Yorkshire Police,South Yorkshire Police,-1.462359,53.387172,On or near Wicker,E01033270,Sheffield 022H,Vehicle crime,Investigation complete; no suspect identified,
01ea36cae31563b0fb86865e08a5ff15228a65cfd461536ae0ef3da4b8d01e01,2025-02,South Yorkshire Police,South Yorkshire Police,-1.461129,53.390510,On or near Spital Street,E01033270,Sheffield 022H,Violence and sexual offences,Unable to prosecute suspect,
6a12dcff74f4fec7f3dd411c9df7659444ba4ba772ba529e48b260e888b0291e,2025-02,South Yorkshire Police,South Yorkshire Police,-1.476638,53.391235,On or near Adelaide Lane,E01033270,Sheffield 022H,Violence and sexual offences,Local resolution,
5281b94a8b56bf6626e0a7ed9cc890ee1168ddc3ab13e07f43b06232a71f6718,2025-02,South Yorkshire Police,South Yorkshire Police,-1.462359,53.387172,On or near Wicker,E01033270,Sheffield 022H,Violence and sexual offences,Investigation complete; no suspect identified,
645316618dd3c06cc268d241f02c00e86fde8498c84520d24f6126a1177b5a82,2025-02,South Yorkshire Police,South Yorkshire Police,-1.462369,53.386390,On or near North Bank,E01033270,Sheffield 022H,Violence and sexual offences,Status update unavailable,
794a4cad7837c8887046580b2ac6ad58f15406cdf33198f4973939ff7e91eb1e,2025-02,South Yorkshire Police,South Yorkshire Police,-1.460352,53.390147,On or near Handley Street,E01033270,Sheffield 022H,Violence and sexual offences,Unable to prosecute suspect,
a32126da88dfb6c4a9df3b69b1abf31dd7f407ace3bf3f0c4c16ebedfa871b75,2025-02,South Yorkshire Police,South Yorkshire Police,-1.476638,53.391235,On or near Adelaide Lane,E01033270,Sheffield 022H,Violence and sexual offences,Unable to prosecute suspect,
fbcfa1c67a65b22249331bd4e2f196850571d84a0908b5d3c19e993526c76f61,2025-02,South Yorkshire Police,South Yorkshire Police,-1.468247,53.390084,On or near Chatham Street,E01033270,Sheffield 022H,Violence and sexual offences,Awaiting court outcome,
443997408fbd95ce582878df00dc29937bd9e82a746eddd41f9fafdbc754fbd3,2025-02,South Yorkshire Police,South Yorkshire Police,-1.476638,53.391235,On or near Adelaide Lane,E01033270,Sheffield 022H,Violence and sexual offences,Unable to prosecute suspect,
6ada727f8e0f331fef444a6f083118b5e03b56eed4a61ec3d9256ddfa0e53720,2025-02,South Yorkshire Police,South Yorkshire Police,-1.463588,53.386270,On or near Gun Lane,E01033270,Sheffield 022H,Violence and sexual offences,Unable to prosecute suspect,
75110ae22acc7d1d77935617e8d49ea9f1cbf241209ea0de5513e3d27a51d417,2025-02,South Yorkshire Police,South Yorkshire Police,-1.462369,53.386390,On or near North Bank,E01033270,Sheffield 022H,Violence and sexual offences,Status update unavailable,
891239c561914bfc54e8bc164d9885d94997e9fb7ffa175d1af58f66548d0e92,2025-02,South Yorkshire Police,South Yorkshire Police,-1.462369,53.386390,On or near North Bank,E01033270,Sheffield 022H,Violence and sexual offences,Status update unavailable,
ede6903e3f5337568ddc52cafd15d575b368086dfc26cfdd36b069fb02ae44f7,2025-02,South Yorkshire Police,South Yorkshire Police,-1.461031,53.391148,On or near Brunswick Road,E01033270,Sheffield 022H,Violence and sexual offences,Unable to prosecute suspect,
,2025-02,South Yorkshire Police,South Yorkshire Police,-1.435424,53.404675,On or near Petrol Station,E01034842,Sheffield 022I,Anti-social behaviour,,
,2025-02,South Yorkshire Police,South Yorkshire Police,-1.444616,53.410381,On or near Willoughby Street,E01034842,Sheffield 022I,Anti-social behaviour,,
,2025-02,South Yorkshire Police,South Yorkshire Police,-1.447346,53.409800,On or near Bolsover Road East,E01034842,Sheffield 022I,Anti-social behaviour,,
,2025-02,South Yorkshire Police,South Yorkshire Police,-1.447346,53.409800,On or near Bolsover Road East,E01034842,Sheffield 022I,Anti-social behaviour,,
,2025-02,South Yorkshire Police,South Yorkshire Police,-1.447346,53.409800,On or near Bolsover Road East,E01034842,Sheffield 022I,Anti-social behaviour,,
,2025-02,South Yorkshire Police,South Yorkshire Police,-1.443520,53.409027,On or near Hinde Street,E01034842,Sheffield 022I,Anti-social behaviour,,
,2025-02,South Yorkshire Police,South Yorkshire Police,-1.431756,53.399992,On or near Don Road,E01034842,Sheffield 022I,Anti-social behaviour,,
,2025-02,South Yorkshire Police,South Yorkshire Police,-1.445177,53.407723,On or near Rushby Street,E01034842,Sheffield 022I,Anti-social behaviour,,
,2025-02,South Yorkshire Police,South Yorkshire Police,-1.447346,53.409800,On or near Bolsover Road East,E01034842,Sheffield 022I,Anti-social behaviour,,
,2025-02,South Yorkshire Police,South Yorkshire Police,-1.444868,53.409483,On or near Lloyd Street,E01034842,Sheffield 022I,Anti-social behaviour,,
,2025-02,South Yorkshire Police,South Yorkshire Police,-1.443498,53.404982,On or near Wood Spring Court,E01034842,Sheffield 022I,Anti-social behaviour,,
,2025-02,South Yorkshire Police,South Yorkshire Police,-1.444184,53.404284,On or near Margate Street,E01034842,Sheffield 022I,Anti-social behaviour,,
72699098ba3c98827afb9f3e9b50c2181fc1e8c776877cf16ee7c8b79e384b45,2025-02,South Yorkshire Police,South Yorkshire Police,-1.435510,53.406140,On or near Chambers Lane,E01034842,Sheffield 022I,Burglary,Investigation complete; no suspect identified,
4aaf7b67b30dc53b0aa09094c73de29006663bd05c03bed06e390bc8d465c88b,2025-02,South Yorkshire Police,South Yorkshire Police,-1.444875,53.408971,On or near Robey Street,E01034842,Sheffield 022I,Burglary,Unable to prosecute suspect,
8e64571fd0f82e8f41caef47e6911ca9c1c90dea5af9c1e3154eb371db0b61b7,2025-02,South Yorkshire Police,South Yorkshire Police,-1.445177,53.407723,On or near Rushby Street,E01034842,Sheffield 022I,Criminal damage and arson,Investigation complete; no suspect identified,
8dc3fca68556f43ec32b96cc0f0ff34f4231e923c33d0c581d13c91bdb091c6c,2025-02,South Yorkshire Police,South Yorkshire Police,-1.433963,53.405989,On or near Upwell Street,E01034842,Sheffield 022I,Drugs,Local resolution,
dceb549160018b18f98256394c65e5c17137614219752da3984f4c17085c329d,2025-02,South Yorkshire Police,South Yorkshire Police,-1.447346,53.409800,On or near Bolsover Road East,E01034842,Sheffield 022I,Drugs,Unable to prosecute suspect,
0cfd9553ffb6c435c813be02636916d77160c971549430cde34407935d23fb96,2025-02,South Yorkshire Police,South Yorkshire Police,-1.433963,53.405989,On or near Upwell Street,E01034842,Sheffield 022I,Drugs,Local resolution,
e1edc848332e4f68f3a5e931af64d1195ff3a982d9d4428f2b9b4e02b1c3d8e4,2025-02,South Yorkshire Police,South Yorkshire Police,-1.447346,53.409800,On or near Bolsover Road East,E01034842,Sheffield 022I,Drugs,Investigation complete; no suspect identified,
c1d27e2efadbf500dbe09cab97e29d8cf1e3085c3fae157717cef3b1ce2a9ee3,2025-02,South Yorkshire Police,South Yorkshire Police,-1.438465,53.406792,On or near Upwell Lane,E01034842,Sheffield 022I,Other theft,Awaiting court outcome,
e394640884cc5fff3d035622c860b707d28899ad2f3c0f7558d8e73f443fecc9,2025-02,South Yorkshire Police,South Yorkshire Police,-1.433820,53.398654,On or near Newhall Road,E01034842,Sheffield 022I,Other theft,Local resolution,
474cbe291aa86f35b56c4bd50ffcd91ddbe8e7fd9f3cf90f900fe3b5d6531f67,2025-02,South Yorkshire Police,South Yorkshire Police,-1.445177,53.407723,On or near Rushby Street,E01034842,Sheffield 022I,Public order,Investigation complete; no suspect identified,
005348afc4c22c9a630f215665d4b31938fd229b17cc7405e2a65320d8db6108,2025-02,South Yorkshire Police,South Yorkshire Police,-1.448639,53.408700,On or near Selby Road,E01034842,Sheffield 022I,Public order,Investigation complete; no suspect identified,
6c6c02d880a7d4cabd93d06e54ed7786a94504ab75ce7ebdc2312e964af08cef,2025-02,South Yorkshire Police,South Yorkshire Police,-1.435424,53.404675,On or near Petrol Station,E01034842,Sheffield 022I,Robbery,Unable to prosecute suspect,
455cc9c69912e6d4ee1c90b51f9bc6c15e2a1b7d4387e44bc0c3625c60c50e73,2025-02,South Yorkshire Police,South Yorkshire Police,-1.431756,53.399992,On or near Don Road,E01034842,Sheffield 022I,Robbery,Investigation complete; no suspect identified,
028291446d86a19769488cfed1b3f4a5ff0a8d73f3e35323fcd560f41c0fb548,2025-02,South Yorkshire Police,South Yorkshire Police,-1.449138,53.407327,On or near Further/Higher Educational Building,E01034842,Sheffield 022I,Robbery,Unable to prosecute suspect,
570b1c7a6205296438b6c672bd3d9ead9e7d770a60e67c69ce52f0de75d92f69,2025-02,South Yorkshire Police,South Yorkshire Police,-1.435424,53.404675,On or near Petrol Station,E01034842,Sheffield 022I,Shoplifting,Investigation complete; no suspect identified,
1ab89517e786efbddb1ee312164c12011f791b87ae8bdafac8dc67cee4ca7b45,2025-02,South Yorkshire Police,South Yorkshire Police,-1.433963,53.405989,On or near Upwell Street,E01034842,Sheffield 022I,Vehicle crime,Investigation complete; no suspect identified,
5bd93cfded0f141bbb42821e9a6a0d69b7c86e40241a7b4a7987cee537ae3cb2,2025-02,South Yorkshire Police,South Yorkshire Police,-1.433963,53.405989,On or near Upwell Street,E01034842,Sheffield 022I,Vehicle crime,Investigation complete; no suspect identified,
c150716830149fdbc700fc858175358acd84547a28df6057bfce32bd57d5fb6b,2025-02,South Yorkshire Police,South Yorkshire Police,-1.431756,53.399992,On or near Don Road,E01034842,Sheffield 022I,Vehicle crime,Investigation complete; no suspect identified,
fb1ecd8246e978b33e8056c444cea7c861bb2330807800bc2099864f710f90c6,2025-02,South Yorkshire Police,South Yorkshire Police,-1.447197,53.407417,On or near Heathcote Street,E01034842,Sheffield 022I,Vehicle crime,Investigation complete; no suspect identified,
be2e5125db51601b24fda9ba4465eeef26134e36b08dc3468d86808c0734a57f,2025-02,South Yorkshire Police,South Yorkshire Police,-1.431756,53.399992,On or near Don Road,E01034842,Sheffield 022I,Vehicle crime,Investigation complete; no suspect identified,
3e6084ed01a301ac1118cc114f48343f8857d982830acd6a8f4fb0e09b7ae473,2025-02,South Yorkshire Police,South Yorkshire Police,-1.435424,53.404675,On or near Petrol Station,E01034842,Sheffield 022I,Vehicle crime,Investigation complete; no suspect identified,
3aa83a55a5fc9216771076c7a9d14ac0dbaf4f34f0146978b671ca50f317287f,2025-02,South Yorkshire Police,South Yorkshire Police,-1.448639,53.408700,On or near Selby Road,E01034842,Sheffield 022I,Vehicle crime,Investigation complete; no suspect identified,
d02095d91364837d9a234b18bccced773caa01526cad9cd951efb96eb77dcf58,2025-02,South Yorkshire Police,South Yorkshire Police,-1.449138,53.407327,On or near Further/Higher Educational Building,E01034842,Sheffield 022I,Violence and sexual offences,Awaiting court outcome,
f2706e96d9bc4c8952aad5395e2b0c70bc10229fc7761b5c82b394bcacf27f29,2025-02,South Yorkshire Police,South Yorkshire Police,-1.439862,53.406916,On or near Upwell Hill,E01034842,Sheffield 022I,Violence and sexual offences,Unable to prosecute suspect,
92e49c84274b90c290a5a480a92f26de2668d7e9cd03ce36d72813e06c56877c,2025-02,South Yorkshire Police,South Yorkshire Police,-1.445177,53.407723,On or near Rushby Street,E01034842,Sheffield 022I,Violence and sexual offences,Unable to prosecute suspect,
e66fb499d9ab1223309028e7b5862da7457a6dc81dd8b4ac6ea1b0d0d8823119,2025-02,South Yorkshire Police,South Yorkshire Police,-1.449138,53.407327,On or near Further/Higher Educational Building,E01034842,Sheffield 022I,Violence and sexual offences,Investigation complete; no suspect identified,
02f6f1441c8fb7bf75bc4c9a2b6d4a9bc48063c4280a7c610cc4d638ab106bec,2025-02,South Yorkshire Police,South Yorkshire Police,-1.439862,53.406916,On or near Upwell Hill,E01034842,Sheffield 022I,Violence and sexual offences,Investigation complete; no suspect identified,
6702d1c28ae3436464b253f7e695a5f607b2e6caf5ba2dd97d96083c055de435,2025-02,South Yorkshire Police,South Yorkshire Police,-1.449138,53.407327,On or near Further/Higher Educational Building,E01034842,Sheffield 022I,Violence and sexual offences,Unable to prosecute suspect,
717f93fc40164a6a93a5475362938fa30cfbd98d597f282b69d3b94f0b933395,2025-02,South Yorkshire Police,South Yorkshire Police,-1.445177,53.407723,On or near Rushby Street,E01034842,Sheffield 022I,Violence and sexual offences,Investigation complete; no suspect identified,
b71c9d393f922df5b5e731076f99173f4f106b9d201d8376b313b830c7430250,2025-02,South Yorkshire Police,South Yorkshire Police,-1.444184,53.404284,On or near Margate Street,E01034842,Sheffield 022I,Violence and sexual offences,Unable to prosecute suspect,
4fa3b9368c7f826bc0e405ea14e37a041287b44dbea4ce0fb9535483be2edcad,2025-02,South Yorkshire Police,South Yorkshire Police,-1.439862,53.406916,On or near Upwell Hill,E01034842,Sheffield 022I,Violence and sexual offences,Unable to prosecute suspect,
bd35727b63671c3fe3fa53e6dad12bc2088d7cefe7af629c0db0191f109914a4,2025-02,South Yorkshire Police,South Yorkshire Police,-1.447346,53.409800,On or near Bolsover Road East,E01034842,Sheffield 022I,Violence and sexual offences,Unable to prosecute suspect,
4b3ac4f455308c2fe348b25344ec2800b1cca3f36fcc9a37ef03f8e1688f078b,2025-02,South Yorkshire Police,South Yorkshire Police,-1.449138,53.407327,On or near Further/Higher Educational Building,E01034842,Sheffield 022I,Violence and sexual offences,Awaiting court outcome,
f53a61989b013239c62d7369ad4a3165ea270b7bcdeb94e4d302856d68de2a8d,2025-02,South Yorkshire Police,South Yorkshire Police,-1.444616,53.410381,On or near Willoughby Street,E01034842,Sheffield 022I,Violence and sexual offences,Unable to prosecute suspect,
29ad11022acee41b6fc9c71ee2e15e3090d05738ddc93c975bdaeaf1cb7d2be9,2025-02,South Yorkshire Police,South Yorkshire Police,-1.439862,53.406916,On or near Upwell Hill,E01034842,Sheffield 022I,Violence and sexual offences,Investigation complete; no suspect identified,
355164989fa4a0f6223b79cd87ac8539b50fa46a043ae115cb81e28ae4d17085,2025-02,South Yorkshire Police,South Yorkshire Police,-1.449138,53.407327,On or near Further/Higher Educational Building,E01034842,Sheffield 022I,Violence and sexual offences,Unable to prosecute suspect,
f1ce8415ebf0ef107d12c958c25b9270675e5b6ada13004b86c1e0e3ed6e1eea,2025-02,South Yorkshire Police,South Yorkshire Police,-1.444868,53.409483,On or near Lloyd Street,E01034842,Sheffield 022I,Violence and sexual offences,Status update unavailable,
1e653e50f79fb910dae2b52f852d539692f4abd372c6f05adac80beeb16ebb04,2025-02,South Yorkshire Police,South Yorkshire Police,-1.447346,53.409800,On or near Bolsover Road East,E01034842,Sheffield 022I,Violence and sexual offences,Unable to prosecute suspect,
d6047431b80f5ef130ca7e4896d7027ef24fd4d5e55b70c2534a63df7078f9d7,2025-02,South Yorkshire Police,South Yorkshire Police,-1.439862,53.406916,On or near Upwell Hill,E01034842,Sheffield 022I,Violence and sexual offences,Unable to prosecute suspect,
7926a1e98a5fdd6277d03d35a0679f063a8cecbdaef4aee11739cecac1182ca0,2025-02,South Yorkshire Police,South Yorkshire Police,-1.439862,53.406916,On or near Upwell Hill,E01034842,Sheffield 022I,Violence and sexual offences,Investigation complete; no suspect identified,
c25660fc956955d16f054c4730f0bb0bda5efcca5a76870f6a56b96c84052be5,2025-02,South Yorkshire Police,South Yorkshire Police,-1.439862,53.406916,On or near Upwell Hill,E01034842,Sheffield 022I,Violence and sexual offences,Investigation complete; no suspect identified,
,2025-02,South Yorkshire Police,South Yorkshire Police,-1.574968,53.398313,On or near Rye Lane,E01008129,Sheffield 023A,Anti-social behaviour,,
e38aed307e530b5b7fe496c7494e663223f3b63709db11f9785b44ed272a417a,2025-02,South Yorkshire Police,South Yorkshire Police,-1.583360,53.409138,On or near Briers House Lane,E01008129,Sheffield 023A,Vehicle crime,Investigation complete; no suspect identified,
b8f6d10431de368f26124e48a83d34eb0eaf820b0cb713f61b1982491d4cb605,2025-02,South Yorkshire Police,South Yorkshire Police,-1.532418,53.405552,On or near Auckland Avenue,E01008130,Sheffield 023B,Burglary,Investigation complete; no suspect identified,
3528622ebd96b471d8679e371d953fe8f8140b9ebd88b443720fca143e5cd3cf,2025-02,South Yorkshire Police,South Yorkshire Police,-1.536554,53.406943,On or near Lee Road,E01008130,Sheffield 023B,Public order,Unable to prosecute suspect,
8e6041a4c3c6bec70edf92a0439434e2358a20632f94a63513b3f46ddb4028ee,2025-02,South Yorkshire Police,South Yorkshire Police,-1.535844,53.405916,On or near Occupation Lane,E01008130,Sheffield 023B,Violence and sexual offences,Unable to prosecute suspect,
1b50f1af545ce2d1d4650579b80ebe9e282865484c9e549323eaeb111825afa0,2025-02,South Yorkshire Police,South Yorkshire Police,-1.538124,53.396738,On or near Riber Close,E01008131,Sheffield 023C,Burglary,Investigation complete; no suspect identified,
b5d8c21489a403bce3df759d4c2b33838d995aa6c58cdac6bbfd437379adb856,2025-02,South Yorkshire Police,South Yorkshire Police,-1.540291,53.393772,On or near Supermarket,E01008131,Sheffield 023C,Shoplifting,Investigation complete; no suspect identified,
6d4298a1f451f8ed3cb0ff035f0c1bb8a435f701a17bd7e2457aa27060915618,2025-02,South Yorkshire Police,South Yorkshire Police,-1.547521,53.395498,On or near Gill Meadows,E01008132,Sheffield 023D,Burglary,Investigation complete; no suspect identified,
98e656f8850a8405975df50fda95105351c6a93b8911c1954d99dae257b11bf0,2025-02,South Yorkshire Police,South Yorkshire Police,-1.548657,53.394720,On or near Spoon Mews,E01008132,Sheffield 023D,Vehicle crime,Investigation complete; no suspect identified,
e95c7b7396d69824045db14f2c8e4545c5d4eb5f179ff792d906d7b2c42dcfd3,2025-02,South Yorkshire Police,South Yorkshire Police,-1.532740,53.391207,On or near Hall Park Mount,E01008133,Sheffield 023E,Criminal damage and arson,Investigation complete; no suspect identified,
b4f7060d9e790da66bf91e0b23e1afb596c64b1c96429347c048c2df8148431a,2025-02,South Yorkshire Police,South Yorkshire Police,-1.532740,53.391207,On or near Hall Park Mount,E01008133,Sheffield 023E,Other theft,Unable to prosecute suspect,
d1df448c41c50433c19e6734a1862f26af084dbcc95f4081b586acb02a4821bb,2025-02,South Yorkshire Police,South Yorkshire Police,-1.532740,53.391207,On or near Hall Park Mount,E01008133,Sheffield 023E,Other theft,Unable to prosecute suspect,
cdbd9e9cc7d8bc3c132ec06b50076ba4da0077249082b08f33202254af126796,2025-02,South Yorkshire Police,South Yorkshire Police,-1.532984,53.392341,On or near Supermarket,E01008133,Sheffield 023E,Robbery,Investigation complete; no suspect identified,
f425d3f02d33d3e5a7cf01daafec16d010c6085020bc06c228bc0c6d3c8d24f3,2025-02,South Yorkshire Police,South Yorkshire Police,-1.532984,53.392341,On or near Supermarket,E01008133,Sheffield 023E,Shoplifting,Awaiting court outcome,
dffca5cc45e836e10c553bca4604dfcf127db0135721828b90690c152af3b734,2025-02,South Yorkshire Police,South Yorkshire Police,-1.532984,53.392341,On or near Supermarket,E01008133,Sheffield 023E,Shoplifting,Awaiting court outcome,
6a299a8194c96340256e1a44e35583acf45bb63acd478398e28f67e7e36f9a11,2025-02,South Yorkshire Police,South Yorkshire Police,-1.532984,53.392341,On or near Supermarket,E01008133,Sheffield 023E,Shoplifting,Investigation complete; no suspect identified,
f939d53c286aa9ffbab632d13dd75fd28b3d4fa777006819912a72ed06e454da,2025-02,South Yorkshire Police,South Yorkshire Police,-1.532984,53.392341,On or near Supermarket,E01008133,Sheffield 023E,Shoplifting,Unable to prosecute suspect,
09ae200bf6691a9919ad2632c1ee4396fd9559ac1bbc5b30bbe2b378fffad961,2025-02,South Yorkshire Police,South Yorkshire Police,-1.532740,53.391207,On or near Hall Park Mount,E01008133,Sheffield 023E,Violence and sexual offences,Unable to prosecute suspect,
839daa790138b881d2ae0512e6a154053d6bf23b1cca3172c73922cb1625363d,2025-02,South Yorkshire Police,South Yorkshire Police,-1.532984,53.392341,On or near Supermarket,E01008133,Sheffield 023E,Violence and sexual offences,Unable to prosecute suspect,
1a61fbd8cd34c530c864c5ef11b0d7b62c68e87585824d52c27d849ebb8ee217,2025-02,South Yorkshire Police,South Yorkshire Police,-1.532740,53.391207,On or near Hall Park Mount,E01008133,Sheffield 023E,Violence and sexual offences,Unable to prosecute suspect,
5beda0fb89aa931d0d3480fb17267fefe3b26d093352391ebe643c1fb1d9be16,2025-02,South Yorkshire Police,South Yorkshire Police,-1.532740,53.391207,On or near Hall Park Mount,E01008133,Sheffield 023E,Violence and sexual offences,Unable to prosecute suspect,
98c0a1299b3d7c2c5f778d04c62054d8f346976f7732b2ed81b203925ec8a062,2025-02,South Yorkshire Police,South Yorkshire Police,-1.497744,53.390454,On or near Duncombe Street,E01008151,Sheffield 024A,Public order,Unable to prosecute suspect,
136ed1fa14700f4e757805fe411de69744b3730ca60765a79a26718adc04ac35,2025-02,South Yorkshire Police,South Yorkshire Police,-1.503356,53.391395,On or near Bank House Road,E01008151,Sheffield 024A,Violence and sexual offences,Unable to prosecute suspect,
c2c91baab044fdae9bdf7596352cdb94968c9b7715edc1f20faa1eeae5425d50,2025-02,South Yorkshire Police,South Yorkshire Police,-1.501323,53.396806,On or near Woodview Road,E01008153,Sheffield 024B,Burglary,Investigation complete; no suspect identified,
62309d682f618e3a907faa7d74bacb9687085799155c70c88666cd4011f168e2,2025-02,South Yorkshire Police,South Yorkshire Police,-1.503731,53.396654,On or near Arnold Street,E01008153,Sheffield 024B,Other theft,Investigation complete; no suspect identified,
444c55935e2cc791f0ffcdac0e299540eb2d21a095c62b558c93173100d21334,2025-02,South Yorkshire Police,South Yorkshire Police,-1.503025,53.394045,On or near Orchard Road,E01008153,Sheffield 024B,Other theft,Unable to prosecute suspect,
88874f7e3ae1b38ca7e4326f74592f5ac73e6688db8722c72631981cee65fd2a,2025-02,South Yorkshire Police,South Yorkshire Police,-1.499437,53.394812,On or near Freedom Road,E01008153,Sheffield 024B,Violence and sexual offences,Unable to prosecute suspect,
48ddb0e066444c2e96926833b51eccd56d61aebedbeeec1656b609a609eff793,2025-02,South Yorkshire Police,South Yorkshire Police,-1.499172,53.395629,On or near Walkley Road,E01008153,Sheffield 024B,Violence and sexual offences,Awaiting court outcome,
,2025-02,South Yorkshire Police,South Yorkshire Police,-1.506535,53.393502,On or near Bole Hill Close,E01008154,Sheffield 024C,Anti-social behaviour,,
36081f26ca3bbe9cde8a5af39501dea957a3c6c743b4a49c7da3451c819c8c24,2025-02,South Yorkshire Police,South Yorkshire Police,-1.509666,53.394513,On or near Thrush Street,E01008154,Sheffield 024C,Burglary,Unable to prosecute suspect,
c569a6cb06910ddb88c0db99b43675fe407604106510d832ff3cdcd617f3727a,2025-02,South Yorkshire Police,South Yorkshire Police,-1.505279,53.394162,On or near Parking Area,E01008154,Sheffield 024C,Criminal damage and arson,Investigation complete; no suspect identified,
f7568a0584c52fe260129f7b353bab8c165a70e77edfc70c49054e1d7eb911b1,2025-02,South Yorkshire Police,South Yorkshire Police,-1.504632,53.392937,On or near Parking Area,E01008154,Sheffield 024C,Criminal damage and arson,Investigation complete; no suspect identified,
9ae4370331556b3d900c7715edeced3ed2f984d6ee201a1f3fb3cc6ea265181a,2025-02,South Yorkshire Police,South Yorkshire Police,-1.506366,53.391209,On or near Moorsyde Avenue,E01008154,Sheffield 024C,Criminal damage and arson,Investigation complete; no suspect identified,
c9c1fe6b3f1a18cef5f2ec9f5f63263a0fa0f67be23b3175fecf61b602f9f1bb,2025-02,South Yorkshire Police,South Yorkshire Police,-1.506901,53.387823,On or near Loxley View Road,E01008154,Sheffield 024C,Criminal damage and arson,Investigation complete; no suspect identified,
e48672388028b452515417d1226fe9e3419f87393c5cac0498375880d356d4f6,2025-02,South Yorkshire Police,South Yorkshire Police,-1.506901,53.387823,On or near Loxley View Road,E01008154,Sheffield 024C,Other theft,Investigation complete; no suspect identified,
,2025-02,South Yorkshire Police,South Yorkshire Police,-1.494002,53.394025,On or near Whitehouse Road,E01008155,Sheffield 024D,Anti-social behaviour,,
fdccbc60850b030bce0d6190fa3ec538ab23e71329ee0a20ed0eb83bdd1dbbfa,2025-02,South Yorkshire Police,South Yorkshire Police,-1.496867,53.392104,On or near Walkley Street,E01008155,Sheffield 024D,Criminal damage and arson,Investigation complete; no suspect identified,
58c02d07cebfa2c8df69ceb9d42a601abf08d3a0ab26a28dcf4cfd6c90f1083a,2025-02,South Yorkshire Police,South Yorkshire Police,-1.510685,53.396162,On or near Walkley Bank Road,E01008156,Sheffield 024E,Burglary,Investigation complete; no suspect identified,
2f6e230747d16afae5b1d9f8374a4e61fc2202b30f2ee5ac1433d057acf38f15,2025-02,South Yorkshire Police,South Yorkshire Police,-1.510685,53.396162,On or near Walkley Bank Road,E01008156,Sheffield 024E,Burglary,Investigation complete; no suspect identified,
d27c69a1dcab36146d16d076c034d7d7070d31d06cb47f9e86c31e8174ec0789,2025-02,South Yorkshire Police,South Yorkshire Police,-1.507745,53.396815,On or near Storrs Hall Road,E01008156,Sheffield 024E,Public order,Investigation complete; no suspect identified,
57a89356a8bac10034f62ff74b39d771c53889628c4327e424194b0a9541e4c0,2025-02,South Yorkshire Police,South Yorkshire Police,-1.503233,53.396796,On or near Lister Road,E01008156,Sheffield 024E,Public order,Unable to prosecute suspect,
5f38a8b1b3ee0dca35a8895328239cd3f588fceea52ed55b66af9a8aa4a9d7cc,2025-02,South Yorkshire Police,South Yorkshire Police,-1.512745,53.393563,On or near Robertson Drive,E01008156,Sheffield 024E,Vehicle crime,Investigation complete; no suspect identified,
06b29ad973045ef0ab2e337f2af1095a605eb80817d6a74f62f35c3418f4f64f,2025-02,South Yorkshire Police,South Yorkshire Police,-1.503443,53.400788,On or near Limbrick Close,E01008160,Sheffield 024F,Burglary,Investigation complete; no suspect identified,
cd2b365cfbbe8685bfa5ed0c91d192a94c97bbe04c9681e1ca91ee928ab655f3,2025-02,South Yorkshire Police,South Yorkshire Police,-1.508273,53.399298,On or near Watersmeet Road,E01008160,Sheffield 024F,Burglary,Investigation complete; no suspect identified,
3e8740d4b95ba80324101251eb160168b5d2e34caa0410f15e87a4b2e2cca510,2025-02,South Yorkshire Police,South Yorkshire Police,-1.508273,53.399298,On or near Watersmeet Road,E01008160,Sheffield 024F,Burglary,Investigation complete; no suspect identified,
d714cdded8bfabd365d684a680d1189dd8918a95da0462f2feaeabbfb849582f,2025-02,South Yorkshire Police,South Yorkshire Police,-1.508261,53.400269,On or near Parking Area,E01008160,Sheffield 024F,Drugs,Status update unavailable,
fbfe96f464181d868737f9f30702817da0713d5e18a7bcb1b9ba9e3c357d0ea7,2025-02,South Yorkshire Police,South Yorkshire Police,-1.508261,53.400269,On or near Parking Area,E01008160,Sheffield 024F,Drugs,Status update unavailable,
38cd2a3ae9ca87223e47a7fe89e3c2afac671b47b03631afdb3a6309a1639911,2025-02,South Yorkshire Police,South Yorkshire Police,-1.508261,53.400269,On or near Parking Area,E01008160,Sheffield 024F,Other theft,Investigation complete; no suspect identified,
ef8ae6f65ce137f6ccab8b15132905826f0c9ed561f1c74c93eaaded73c2be7b,2025-02,South Yorkshire Police,South Yorkshire Police,-1.514777,53.398677,On or near Malin Road,E01008160,Sheffield 024F,Other theft,Unable to prosecute suspect,
1d975548419286f11aeb9a7752d29f524cd2acf888b97495b42e00fe221897b2,2025-02,South Yorkshire Police,South Yorkshire Police,-1.508897,53.399975,On or near Parking Area,E01008160,Sheffield 024F,Public order,Unable to prosecute suspect,
a253f18a9ef6980cf06f141501b1a29cd4e698b32bc0c3973bf05214da1f8e7e,2025-02,South Yorkshire Police,South Yorkshire Police,-1.508261,53.400269,On or near Parking Area,E01008160,Sheffield 024F,Vehicle crime,Offender given a caution,
47b2d603148ffa713ed4faf666616f342ed662fb1f2b13a976d9360e0cd91e6a,2025-02,South Yorkshire Police,South Yorkshire Police,-1.514777,53.398677,On or near Malin Road,E01008160,Sheffield 024F,Violence and sexual offences,Unable to prosecute suspect,
,2025-02,South Yorkshire Police,South Yorkshire Police,-1.522390,53.397018,On or near Chapman Close,E01007997,Sheffield 025A,Anti-social behaviour,,
62e96a474acbbd7d4b6c173ea529eb6e68e89d29f863a9bd214c9e59735846e4,2025-02,South Yorkshire Police,South Yorkshire Police,-1.530822,53.394768,On or near Woodfarm Close,E01007997,Sheffield 025A,Public order,Local resolution,
02c21e7e7c1e4a73f62a886e8430b9c1df68fb1d4867acdd87bce5a26df1f09a,2025-02,South Yorkshire Police,South Yorkshire Police,-1.517883,53.396605,On or near Butler Road,E01007997,Sheffield 025A,Violence and sexual offences,Awaiting court outcome,
,2025-02,South Yorkshire Police,South Yorkshire Police,-1.525318,53.396113,On or near Wood Lane,E01007998,Sheffield 025B,Anti-social behaviour,,
,2025-02,South Yorkshire Police,South Yorkshire Police,-1.529497,53.394880,On or near Woodfarm Drive,E01007998,Sheffield 025B,Anti-social behaviour,,
,2025-02,South Yorkshire Police,South Yorkshire Police,-1.529938,53.393111,On or near Deer Park View,E01007998,Sheffield 025B,Anti-social behaviour,,
,2025-02,South Yorkshire Police,South Yorkshire Police,-1.523652,53.393140,On or near Stanwood Drive,E01007998,Sheffield 025B,Anti-social behaviour,,
,2025-02,South Yorkshire Police,South Yorkshire Police,-1.528032,53.392789,On or near Wellington Road,E01007998,Sheffield 025B,Anti-social behaviour,,
,2025-02,South Yorkshire Police,South Yorkshire Police,-1.529938,53.393111,On or near Deer Park View,E01007998,Sheffield 025B,Anti-social behaviour,,
,2025-02,South Yorkshire Police,South Yorkshire Police,-1.525772,53.394479,On or near Deer Park Way,E01007998,Sheffield 025B,Anti-social behaviour,,
a539a077660ee8781917fd74e8c7aeaec8aadc19be25341736d0aa12b1530586,2025-02,South Yorkshire Police,South Yorkshire Police,-1.529938,53.393111,On or near Deer Park View,E01007998,Sheffield 025B,Drugs,Unable to prosecute suspect,
2f74bab05cd5e140763842421050d90b3700b900548028e1f998508c2461096c,2025-02,South Yorkshire Police,South Yorkshire Police,-1.529938,53.393111,On or near Deer Park View,E01007998,Sheffield 025B,Drugs,Investigation complete; no suspect identified,
9090629cbfd31ad839622ff89f0da9db06239382994ad3fa10217105d9d08ccd,2025-02,South Yorkshire Police,South Yorkshire Police,-1.528032,53.392789,On or near Wellington Road,E01007998,Sheffield 025B,Drugs,Awaiting court outcome,
e2c60f83fc539dd5dd7b1dcb320e46cce127d385fd0e578934c85d4b031b7df3,2025-02,South Yorkshire Police,South Yorkshire Police,-1.526319,53.395299,On or near Woodfarm Avenue,E01007998,Sheffield 025B,Public order,Unable to prosecute suspect,
3db835a360716780bd3327493d57005a25253f8e16ab3aa75488cea09e5b9c0d,2025-02,South Yorkshire Police,South Yorkshire Police,-1.529938,53.393111,On or near Deer Park View,E01007998,Sheffield 025B,Robbery,Unable to prosecute suspect,
6d2fd04a538bfc7aabb01db5a5674cd3fa2d882adc2152d8bd1c8168aa7ea087,2025-02,South Yorkshire Police,South Yorkshire Police,-1.528032,53.392789,On or near Wellington Road,E01007998,Sheffield 025B,Vehicle crime,Investigation complete; no suspect identified,
ae490ab2b2a09ed46048f4dda2fae587c05625016a7b2a9bdf6bbae6b5324c4c,2025-02,South Yorkshire Police,South Yorkshire Police,-1.529938,53.393111,On or near Deer Park View,E01007998,Sheffield 025B,Violence and sexual offences,Unable to prosecute suspect,
1c352cc0e07aee44dbcf73d78036843848285631e486304d73ac2050ac37bd11,2025-02,South Yorkshire Police,South Yorkshire Police,-1.529938,53.393111,On or near Deer Park View,E01007998,Sheffield 025B,Violence and sexual offences,Status update unavailable,
34ba71250775b46cd0d26327828adf8fa4391ae16358359ded8d221c5c4a9ae8,2025-02,South Yorkshire Police,South Yorkshire Police,-1.528335,53.395289,On or near Woodfarm Place,E01007998,Sheffield 025B,Violence and sexual offences,Unable to prosecute suspect,
9d8e5052aedc25f930f43f679e0a6ff9329df75ae6b556cfadc770d87f847d72,2025-02,South Yorkshire Police,South Yorkshire Police,-1.530966,53.392558,On or near Deer Park Close,E01007998,Sheffield 025B,Violence and sexual offences,Investigation complete; no suspect identified,
d18bea39bdf7d95664229a6f5ca861bb06a5b4981637ff8e111cb245e8a44d22,2025-02,South Yorkshire Police,South Yorkshire Police,-1.523044,53.395016,On or near Goodison Crescent,E01007998,Sheffield 025B,Violence and sexual offences,Investigation complete; no suspect identified,
6cc8878cbe7bbc698db4db5c7f41823db49a519ed55bb49514b93e7c7f4c0981,2025-02,South Yorkshire Police,South Yorkshire Police,-1.530966,53.392558,On or near Deer Park Close,E01007998,Sheffield 025B,Violence and sexual offences,Unable to prosecute suspect,
bcf8bef06832777dfe63db41a231653e000b7444bbddfcf2072c8fc65321e835,2025-02,South Yorkshire Police,South Yorkshire Police,-1.513972,53.391447,On or near Waller Road,E01008152,Sheffield 025C,Public order,Unable to prosecute suspect,
63f38a059232e9d362bf5e10c194915b2783a807ad971555f0c805feb5d27d3d,2025-02,South Yorkshire Police,South Yorkshire Police,-1.524435,53.391651,On or near Roscoe Drive,E01008152,Sheffield 025C,Public order,Investigation complete; no suspect identified,
c8b29b4791622e7616dc07b72e9555125a6427f250420b85f91e39d51f563d4f,2025-02,South Yorkshire Police,South Yorkshire Police,-1.520024,53.392146,On or near Hollins Drive,E01008152,Sheffield 025C,Violence and sexual offences,Unable to prosecute suspect,
04b05d9c006e74ca2eed47bac05764ce3ad49142be1dbfc4cb99a73848daed35,2025-02,South Yorkshire Police,South Yorkshire Police,-1.526828,53.391508,On or near Roscoe Mount,E01008152,Sheffield 025C,Other crime,Unable to prosecute suspect,
,2025-02,South Yorkshire Police,South Yorkshire Police,-1.531675,53.391050,On or near Fairbarn Drive,E01008158,Sheffield 025D,Anti-social behaviour,,
,2025-02,South Yorkshire Police,South Yorkshire Police,-1.534536,53.390612,On or near Hall Park Hill,E01008158,Sheffield 025D,Anti-social behaviour,,
720c6d2265974529326c485fd1963b8e9d4abb3cfa0aa2a9cff20dea2dee56d9,2025-02,South Yorkshire Police,South Yorkshire Police,-1.533107,53.386562,On or near Rivelin Valley Road,E01008158,Sheffield 025D,Public order,Unable to prosecute suspect,
67d3ed30d378860609db62fd2acd4e6508d432396e7351383a3bd0ddd19f43f4,2025-02,South Yorkshire Police,South Yorkshire Police,-1.531675,53.391050,On or near Fairbarn Drive,E01008158,Sheffield 025D,Vehicle crime,Investigation complete; no suspect identified,
a7fe660ff06b45c70efdfbc23d08bfa7629e26c8eb6af1adb2d0f9221afdc7bc,2025-02,South Yorkshire Police,South Yorkshire Police,-1.531675,53.391050,On or near Fairbarn Drive,E01008158,Sheffield 025D,Violence and sexual offences,Unable to prosecute suspect,
b7d2bdfe1340f430d777bd96cf5555ae88c16d141ba2767b9c8f724d4302026f,2025-02,South Yorkshire Police,South Yorkshire Police,-1.534536,53.390612,On or near Hall Park Hill,E01008158,Sheffield 025D,Violence and sexual offences,Unable to prosecute suspect,
,2025-02,South Yorkshire Police,South Yorkshire Police,-1.481782,53.386170,On or near Netherthorpe Street,E01008065,Sheffield 026A,Anti-social behaviour,,
,2025-02,South Yorkshire Police,South Yorkshire Police,-1.488818,53.387414,On or near Oxford Street,E01008065,Sheffield 026A,Anti-social behaviour,,
,2025-02,South Yorkshire Police,South Yorkshire Police,-1.484179,53.389336,On or near Upperthorpe Road,E01008065,Sheffield 026A,Anti-social behaviour,,
,2025-02,South Yorkshire Police,South Yorkshire Police,-1.485325,53.389062,On or near Adelphi Street,E01008065,Sheffield 026A,Anti-social behaviour,,
,2025-02,South Yorkshire Police,South Yorkshire Police,-1.482510,53.389382,On or near Supermarket,E01008065,Sheffield 026A,Anti-social behaviour,,
,2025-02,South Yorkshire Police,South Yorkshire Police,-1.486498,53.387836,On or near Martin Street,E01008065,Sheffield 026A,Anti-social behaviour,,
d3fb37b8b85721467c3447e254e052b4bdf7957da1526c7a655bfbf764c0fee0,2025-02,South Yorkshire Police,South Yorkshire Police,-1.486558,53.390353,On or near Straw Lane,E01008065,Sheffield 026A,Criminal damage and arson,Investigation complete; no suspect identified,
d0e1c858267f9fc4603e6f77e868da6fb6d625d173f21a61abc2779dc4474e33,2025-02,South Yorkshire Police,South Yorkshire Police,-1.482510,53.389382,On or near Supermarket,E01008065,Sheffield 026A,Criminal damage and arson,Investigation complete; no suspect identified,
9b63fc37ab5f57e579b7a703aae4edfe467abd8a719476c9103c00723e6ea1bb,2025-02,South Yorkshire Police,South Yorkshire Police,-1.482510,53.389382,On or near Supermarket,E01008065,Sheffield 026A,Criminal damage and arson,Unable to prosecute suspect,
d688a3e1be4f3f331dd2d457f2618ef5c8e09e2a12445bb6485d16b2f2379e43,2025-02,South Yorkshire Police,South Yorkshire Police,-1.482510,53.389382,On or near Supermarket,E01008065,Sheffield 026A,Criminal damage and arson,Investigation complete; no suspect identified,
c94d27245a0fa43ecdfbd77f1cfc6dc209b2feca923ba5f41f4eccbf7a3a7a6b,2025-02,South Yorkshire Police,South Yorkshire Police,-1.482510,53.389382,On or near Supermarket,E01008065,Sheffield 026A,Other theft,Investigation complete; no suspect identified,
9e32af1b45a444b6862a0433f7672abf6ddb6d6b358e1e2a9d1a97d0cd4eaed1,2025-02,South Yorkshire Police,South Yorkshire Police,-1.486449,53.389408,On or near Shipton Street,E01008065,Sheffield 026A,Other theft,Unable to prosecute suspect,
2fb2968434402fe298ec0699d4d4929ee80f5a218a20930f21b35f934c383c81,2025-02,South Yorkshire Police,South Yorkshire Police,-1.481101,53.387713,On or near Netherthorpe Place,E01008065,Sheffield 026A,Other theft,Investigation complete; no suspect identified,
51756742622e41dd1e6c0a58528ea6051d97d9c5ca1ef4de80a8db5f483d1094,2025-02,South Yorkshire Police,South Yorkshire Police,-1.484243,53.386550,On or near Hammond Street,E01008065,Sheffield 026A,Robbery,Awaiting court outcome,
117105c33da602ea72834f210dfa6711d90e1d26d93d6b8d692c57640143c071,2025-02,South Yorkshire Police,South Yorkshire Police,-1.483971,53.385389,On or near Daisy Bank,E01008065,Sheffield 026A,Robbery,Status update unavailable,
2379876c834209566d11ba7fab236779dd1474606bd1bb084b219459e70f51b3,2025-02,South Yorkshire Police,South Yorkshire Police,-1.482485,53.387719,On or near St Philip'S Road,E01008065,Sheffield 026A,Robbery,Investigation complete; no suspect identified,
24b164090af91e10c1260f90c55760a598359c5d7f32d81d907c9985c50a3b4f,2025-02,South Yorkshire Police,South Yorkshire Police,-1.483971,53.385389,On or near Daisy Bank,E01008065,Sheffield 026A,Robbery,Status update unavailable,
0aa15b03cc7db1620515ceafcead99693098558d61335f8adbba74a5a75eba76,2025-02,South Yorkshire Police,South Yorkshire Police,-1.481782,53.386170,On or near Netherthorpe Street,E01008065,Sheffield 026A,Robbery,Status update unavailable,
0060910cd8fd398c820989b13b1fece84efa53d768edd8dc0a1796b61d63e0d5,2025-02,South Yorkshire Police,South Yorkshire Police,-1.482510,53.389382,On or near Supermarket,E01008065,Sheffield 026A,Theft from the person,Investigation complete; no suspect identified,
ce1d2ae9c860928fc4cbb941d9412abe067ab130fba19c6fc5912f64c28c1a92,2025-02,South Yorkshire Police,South Yorkshire Police,-1.486449,53.389408,On or near Shipton Street,E01008065,Sheffield 026A,Vehicle crime,Investigation complete; no suspect identified,
5a73a910143fa9efcc2a35116a49cdd5f9bca6a063927cff8113839081d35783,2025-02,South Yorkshire Police,South Yorkshire Police,-1.481049,53.388342,On or near Downing Lane,E01008065,Sheffield 026A,Vehicle crime,Investigation complete; no suspect identified,
af5e4bd9570affe2ce14869b64b06f911974dbee067e6a86b5586040debcc730,2025-02,South Yorkshire Police,South Yorkshire Police,-1.482510,53.389382,On or near Supermarket,E01008065,Sheffield 026A,Violence and sexual offences,Unable to prosecute suspect,
f7863ce5da666a94cd049867d88c2c27a89ba6bd1af1a51344e126151a0d9d8f,2025-02,South Yorkshire Police,South Yorkshire Police,-1.482510,53.389382,On or near Supermarket,E01008065,Sheffield 026A,Violence and sexual offences,Unable to prosecute suspect,
f8a736c0098bc8b22d0ff3de69477708e64108f7b80d9da006b16ed9036a70a3,2025-02,South Yorkshire Police,South Yorkshire Police,-1.482510,53.389382,On or near Supermarket,E01008065,Sheffield 026A,Violence and sexual offences,Unable to prosecute suspect,
e3f6df5a77c0ad67d4d29adb77aea6640907145b3082c97595752c8c360c1c11,2025-02,South Yorkshire Police,South Yorkshire Police,-1.485325,53.389062,On or near Adelphi Street,E01008065,Sheffield 026A,Violence and sexual offences,Investigation complete; no suspect identified,
95b57a6a4cc42d653fdb8345444f6f210132484afbe8510b90f85f2877a6f472,2025-02,South Yorkshire Police,South Yorkshire Police,-1.483971,53.385389,On or near Daisy Bank,E01008065,Sheffield 026A,Violence and sexual offences,Unable to prosecute suspect,
d760d059c6eb80ad974dedfa677f98981ef581072f5b7712a9bdfb8a842834fa,2025-02,South Yorkshire Police,South Yorkshire Police,-1.484179,53.389336,On or near Upperthorpe Road,E01008065,Sheffield 026A,Violence and sexual offences,Unable to prosecute suspect,
103a90cab7fa67d44eda6eb8aaf7032e8397d07d5337f0134b5cf1e06162a225,2025-02,South Yorkshire Police,South Yorkshire Police,-1.482510,53.389382,On or near Supermarket,E01008065,Sheffield 026A,Violence and sexual offences,Unable to prosecute suspect,
e526560e6e7ec73c94ee5420a49832847f9fbfb9d04ce36932768a9fb3528177,2025-02,South Yorkshire Police,South Yorkshire Police,-1.488818,53.387414,On or near Oxford Street,E01008065,Sheffield 026A,Other crime,Unable to prosecute suspect,
91567917f495c07ba8852d4f79ee2b881211e64b4aa18b39e4e9eb7aca86dad6,2025-02,South Yorkshire Police,South Yorkshire Police,-1.483971,53.385389,On or near Daisy Bank,E01008065,Sheffield 026A,Other crime,Action to be taken by another organisation,
,2025-02,South Yorkshire Police,South Yorkshire Police,-1.484437,53.382937,On or near Brightmore Drive,E01008068,Sheffield 026B,Anti-social behaviour,,
,2025-02,South Yorkshire Police,South Yorkshire Police,-1.487052,53.385474,On or near St Stephen'S Walk,E01008068,Sheffield 026B,Anti-social behaviour,,
e5e605a3d198c4e62726b326bb58daea3f664b143f3e497a9905df7de9165177,2025-02,South Yorkshire Police,South Yorkshire Police,-1.481807,53.382881,On or near Beet Street,E01008068,Sheffield 026B,Burglary,Investigation complete; no suspect identified,
b41c2397a43bd2244367dfda21d8a8eb822591d2dfd8ccbc33d8589a296856c6,2025-02,South Yorkshire Police,South Yorkshire Police,-1.484175,53.384698,On or near Bramwell Court,E01008068,Sheffield 026B,Criminal damage and arson,Investigation complete; no suspect identified,
10f0680331915cf5ab4981fca4788b39a51e9529de87af0921a963ecf00c5816,2025-02,South Yorkshire Police,South Yorkshire Police,-1.487578,53.384245,On or near Summer Street,E01008068,Sheffield 026B,Robbery,Awaiting court outcome,
39a013f568ce7862b37c42e0b4078e0dbb61cd4e9d1b772a899ef743ec864fdb,2025-02,South Yorkshire Police,South Yorkshire Police,-1.485793,53.383967,On or near Weston Street,E01008068,Sheffield 026B,Vehicle crime,Investigation complete; no suspect identified,
d15c01f23618ec6c5c2c518bcf9d33c83dc744d9316196b1c753785d2e722107,2025-02,South Yorkshire Police,South Yorkshire Police,-1.485031,53.383524,On or near Mitchell Street,E01008068,Sheffield 026B,Violence and sexual offences,Awaiting court outcome,
a30b5735ae1dce6eb6c6638b622c5fa58401e5e72781d29fd087f0dc565d47ab,2025-02,South Yorkshire Police,South Yorkshire Police,-1.487578,53.384245,On or near Summer Street,E01008068,Sheffield 026B,Violence and sexual offences,Unable to prosecute suspect,
83640ebc5f431ac6f1029ba5cb5c3f7ba4f7df81594e8c9f782525e4e662421a,2025-02,South Yorkshire Police,South Yorkshire Police,-1.485031,53.383524,On or near Mitchell Street,E01008068,Sheffield 026B,Violence and sexual offences,Unable to prosecute suspect,
8e09af7f555e0d6448c45699e1bd734d5d4c9d43086d3b43ec545ee5bd756a31,2025-02,South Yorkshire Police,South Yorkshire Police,-1.481807,53.382881,On or near Beet Street,E01008068,Sheffield 026B,Violence and sexual offences,Investigation complete; no suspect identified,
e598383be7e7254c6c020fef333ed0e78aa97c70313f7450996a4ed3d4529a45,2025-02,South Yorkshire Police,South Yorkshire Police,-1.485031,53.383524,On or near Mitchell Street,E01008068,Sheffield 026B,Violence and sexual offences,Unable to prosecute suspect,
3a8fcc091dbcd29817be2e3e3e264210f5970af58b952c5dcb032eba29510da5,2025-02,South Yorkshire Police,South Yorkshire Police,-1.487209,53.384989,On or near Powell Street,E01008068,Sheffield 026B,Other crime,Awaiting court outcome,
1a7c15267fca3f96ff71de2b97ece2c800abf366bc7380467af6b95d44ed1e40,2025-02,South Yorkshire Police,South Yorkshire Police,-1.483065,53.383228,On or near St George'S Close,E01008068,Sheffield 026B,Other crime,Investigation complete; no suspect identified,
f91d26f3f509d748b6819f08647647d37f606e90af7bc21865722b03f1632350,2025-02,South Yorkshire Police,South Yorkshire Police,-1.488262,53.383628,On or near Dart Square,E01008068,Sheffield 026B,Other crime,Awaiting court outcome,
,2025-02,South Yorkshire Police,South Yorkshire Police,-1.485807,53.392749,On or near West Don Street,E01008072,Sheffield 026C,Anti-social behaviour,,
,2025-02,South Yorkshire Police,South Yorkshire Police,-1.485212,53.390949,On or near Philadelphia Drive,E01008072,Sheffield 026C,Anti-social behaviour,,
05133227b281e9e514918628f82013e98cf1d3f244eda01aed1586a85345c285,2025-02,South Yorkshire Police,South Yorkshire Police,-1.488175,53.394665,On or near Wood Street,E01008072,Sheffield 026C,Burglary,Investigation complete; no suspect identified,
505955ae955694bbd8516454bc98a0714bf7f99d5c9ff3303c9076cc7ac0ceb7,2025-02,South Yorkshire Police,South Yorkshire Police,-1.491259,53.389483,On or near Upperthorpe Glen,E01008072,Sheffield 026C,Criminal damage and arson,Investigation complete; no suspect identified,
aa00a2a036c314b5a8722d0f0d7a3bc11930107c879bbc355bbe94ca8753f11a,2025-02,South Yorkshire Police,South Yorkshire Police,-1.487927,53.389037,On or near Addy Street,E01008072,Sheffield 026C,Criminal damage and arson,Unable to prosecute suspect,
a176e10a8c1ce09b3d207e7a8b5fd8e2b13c53967b631e2d4d3620112cfa6130,2025-02,South Yorkshire Police,South Yorkshire Police,-1.487927,53.389037,On or near Addy Street,E01008072,Sheffield 026C,Public order,Unable to prosecute suspect,
631f367f4e8a616b801e8920cc8e1440ed00ef2b1c63a3accfe85056a3067a76,2025-02,South Yorkshire Police,South Yorkshire Police,-1.488175,53.394665,On or near Wood Street,E01008072,Sheffield 026C,Public order,Investigation complete; no suspect identified,
1ba7151c0e8f8806ce384fdf90eaa455ce72d2a2895e650a2a413d96deb1d4f0,2025-02,South Yorkshire Police,South Yorkshire Police,-1.488175,53.394665,On or near Wood Street,E01008072,Sheffield 026C,Shoplifting,Unable to prosecute suspect,
5840c271a54286da2ee1700cbaff5033f0c47e971286e81ec4110ee8c5135575,2025-02,South Yorkshire Police,South Yorkshire Police,-1.488175,53.394665,On or near Wood Street,E01008072,Sheffield 026C,Shoplifting,Investigation complete; no suspect identified,
9f32f1ddf04826c844c7564815c29ea2ce4d449ac283afa537b4011e325a8f3f,2025-02,South Yorkshire Police,South Yorkshire Police,-1.488175,53.394665,On or near Wood Street,E01008072,Sheffield 026C,Shoplifting,Unable to prosecute suspect,
e3aaf4100e4125acfc24895a836603f15100051fd6f896805288f81a97632f75,2025-02,South Yorkshire Police,South Yorkshire Police,-1.488175,53.394665,On or near Wood Street,E01008072,Sheffield 026C,Shoplifting,Awaiting court outcome,
eed3b80e3de9f7ee31d3b6096219f72e9a7eeb284b2d0591cf943849ed947f5f,2025-02,South Yorkshire Police,South Yorkshire Police,-1.488175,53.394665,On or near Wood Street,E01008072,Sheffield 026C,Shoplifting,Investigation complete; no suspect identified,
46d10fe663386f3e133dd1901c13c7e4d196a9b5d9247c3aeb9fc6ffd0f613d3,2025-02,South Yorkshire Police,South Yorkshire Police,-1.487368,53.390491,On or near Westmoreland Street,E01008072,Sheffield 026C,Violence and sexual offences,Unable to prosecute suspect,
fd19a582e4ca84f3ba2e255d161de6ac83a130fa155661181ad03cac67c0381e,2025-02,South Yorkshire Police,South Yorkshire Police,-1.488175,53.394665,On or near Wood Street,E01008072,Sheffield 026C,Violence and sexual offences,Unable to prosecute suspect,
209d17a8bcc4c22b5e6fc049f3551d9c86407fcaca9f63ede995354cac3edb9c,2025-02,South Yorkshire Police,South Yorkshire Police,-1.487927,53.389037,On or near Addy Street,E01008072,Sheffield 026C,Violence and sexual offences,Status update unavailable,
49cd3dcbe1dc795b3658555bff00955c563ee3112e59af91f8d2ed6a096484c6,2025-02,South Yorkshire Police,South Yorkshire Police,-1.488664,53.394020,On or near Portland Court,E01008072,Sheffield 026C,Other crime,Status update unavailable,
,2025-02,South Yorkshire Police,South Yorkshire Police,-1.495894,53.398132,On or near Freedom Court,E01008157,Sheffield 026D,Anti-social behaviour,,
73b4c8f7547254a83631956a7a4158bf8ddd7baff3406963bbb1f9cb5d9dacc4,2025-02,South Yorkshire Police,South Yorkshire Police,-1.489754,53.392173,On or near Sherde Road,E01008157,Sheffield 026D,Burglary,Investigation complete; no suspect identified,
489b60a9c1569b21ebc30de70e49bfef8bc97eadb0d09c69c88acf0019c6e4b5,2025-02,South Yorkshire Police,South Yorkshire Police,-1.492913,53.393355,On or near Burgoyne Road,E01008157,Sheffield 026D,Other theft,Unable to prosecute suspect,
64e9d9ae6f0d94cdd6fae47c34054ff279dcdc2f17413d3d9b24ca019a9fc154,2025-02,South Yorkshire Police,South Yorkshire Police,-1.491392,53.392252,On or near Hardy Place,E01008157,Sheffield 026D,Other theft,Investigation complete; no suspect identified,
4ac1404b710c180074dbf5fb099b74e43be0cef48e5dd0020b00910c8b88bea3,2025-02,South Yorkshire Police,South Yorkshire Police,-1.494211,53.399239,On or near Langsett Road,E01008157,Sheffield 026D,Public order,Unable to prosecute suspect,
1695baefc870f0637adb0220dc2ecea66e55b489b73cba9e9b8a24ba93d7e16f,2025-02,South Yorkshire Police,South Yorkshire Police,-1.496952,53.397660,On or near Burnaby Court,E01008157,Sheffield 026D,Public order,Unable to prosecute suspect,
1bb563d4ac18945368a4217adaed55626cea4d296588bda2dc677bb330cbc564,2025-02,South Yorkshire Police,South Yorkshire Police,-1.495894,53.398132,On or near Freedom Court,E01008157,Sheffield 026D,Vehicle crime,Investigation complete; no suspect identified,
e065dabd1286f97eeda07d5190bb392719665bc1c182acfeb0e2c647c3b158c5,2025-02,South Yorkshire Police,South Yorkshire Police,-1.492913,53.393355,On or near Burgoyne Road,E01008157,Sheffield 026D,Vehicle crime,Investigation complete; no suspect identified,
ea979845760bd6e8668a06e0a015acc77601d6d8811cd955e37843de91e29e41,2025-02,South Yorkshire Police,South Yorkshire Police,-1.491438,53.395929,On or near Creswick Way,E01008157,Sheffield 026D,Violence and sexual offences,Offender given a caution,
cd6f1894cc783a90103a7fd82e24c9acf025f2535d4e6af614740629ceb6ad98,2025-02,South Yorkshire Police,South Yorkshire Police,-1.491366,53.396917,On or near Langsett Rise,E01008157,Sheffield 026D,Violence and sexual offences,Unable to prosecute suspect,
20aa30fcee1fcb720e465aad1a8138ba5ef3b584f651ea1d2b7610424889af6f,2025-02,South Yorkshire Police,South Yorkshire Police,-1.491438,53.395929,On or near Creswick Way,E01008157,Sheffield 026D,Violence and sexual offences,Unable to prosecute suspect,
169b55413b546d983ba3dec8d0009451fcea3495ea70d9dc1181a007c8483347,2025-02,South Yorkshire Police,South Yorkshire Police,-1.491047,53.394677,On or near Whitehouse Lane,E01008157,Sheffield 026D,Violence and sexual offences,Unable to prosecute suspect,
76a364eb15ff6a843b1a91ded55fea8078ad6ac9d91f7cd8f7ac189bf6b020ce,2025-02,South Yorkshire Police,South Yorkshire Police,-1.491438,53.395929,On or near Creswick Way,E01008157,Sheffield 026D,Violence and sexual offences,Unable to prosecute suspect,
c94fd27910a3d1272238bfe094a05c5d725f39e5017681a4c087028bb497e14f,2025-02,South Yorkshire Police,South Yorkshire Police,-1.489397,53.394374,On or near Old Brewery Court,E01008157,Sheffield 026D,Violence and sexual offences,Unable to prosecute suspect,
,2025-02,South Yorkshire Police,South Yorkshire Police,-1.498203,53.398717,On or near Hammerton Road,E01008161,Sheffield 026E,Anti-social behaviour,,
,2025-02,South Yorkshire Police,South Yorkshire Police,-1.503225,53.401371,On or near Holme Close,E01008161,Sheffield 026E,Anti-social behaviour,,
f05a008a7161aaccdf4d459649e091a4e183157c8b188c72beb383a45df8943a,2025-02,South Yorkshire Police,South Yorkshire Police,-1.490964,53.399153,On or near Cuthbert Bank Road,E01008161,Sheffield 026E,Criminal damage and arson,Investigation complete; no suspect identified,
99d44377c1c804cc3ea1e9c49bbea3704ed6764c9575f6a8643009cefe22b074,2025-02,South Yorkshire Police,South Yorkshire Police,-1.506298,53.400980,On or near Holme Lane,E01008161,Sheffield 026E,Criminal damage and arson,Investigation complete; no suspect identified,
4e7661d8b55e802f7ef5d5a7dc0c0a7a0dbe2c7402f0add8820db03cd7c65067,2025-02,South Yorkshire Police,South Yorkshire Police,-1.506298,53.400980,On or near Holme Lane,E01008161,Sheffield 026E,Other theft,Unable to prosecute suspect,
8d6fa1e615e22f2a1d6a46dfe40b7af19c3e20044b425df361a1d0beed66b519,2025-02,South Yorkshire Police,South Yorkshire Police,-1.490964,53.399153,On or near Cuthbert Bank Road,E01008161,Sheffield 026E,Other theft,Unable to prosecute suspect,
71efff8a3a8a42987d91555155a61ea96068430f23d8fbe2c7dd519561094a63,2025-02,South Yorkshire Police,South Yorkshire Police,-1.506298,53.400980,On or near Holme Lane,E01008161,Sheffield 026E,Possession of weapons,Investigation complete; no suspect identified,
c911be514698d71364fa02248c57e6b01a59d0ec5e4c6886a0f0b9ae819530b1,2025-02,South Yorkshire Police,South Yorkshire Police,-1.506298,53.400980,On or near Holme Lane,E01008161,Sheffield 026E,Possession of weapons,Investigation complete; no suspect identified,
cc3861de801a38be713e3d801df21855fa3193b8bbe4aa5ab99075e013eb20a2,2025-02,South Yorkshire Police,South Yorkshire Police,-1.501761,53.401815,On or near River Terrace,E01008161,Sheffield 026E,Public order,Unable to prosecute suspect,
00e73563a35d9cd2fb982991baa514360c5bb5edc1824a18a2640834f0f2e152,2025-02,South Yorkshire Police,South Yorkshire Police,-1.506298,53.400980,On or near Holme Lane,E01008161,Sheffield 026E,Shoplifting,Investigation complete; no suspect identified,
fecf7e414ac7b1436ab2428fcc931806845ec63da812ce6a6b75f6894d126210,2025-02,South Yorkshire Police,South Yorkshire Police,-1.506298,53.400980,On or near Holme Lane,E01008161,Sheffield 026E,Shoplifting,Unable to prosecute suspect,
e81316212910ab3ad8a3d32deac1ee1bb008e1eddac2067e89c4ad1fe9a53878,2025-02,South Yorkshire Police,South Yorkshire Police,-1.490964,53.399153,On or near Cuthbert Bank Road,E01008161,Sheffield 026E,Vehicle crime,Investigation complete; no suspect identified,
0376fc20c97df576a01aeff5eeacec7e0df2958b4afd905bcbb374558911762e,2025-02,South Yorkshire Police,South Yorkshire Police,-1.490964,53.399153,On or near Cuthbert Bank Road,E01008161,Sheffield 026E,Vehicle crime,Investigation complete; no suspect identified,
127cf111cbee3765e7c6d6f386148efd2faf042d86e16c9270c6dfce62992109,2025-02,South Yorkshire Police,South Yorkshire Police,-1.506298,53.400980,On or near Holme Lane,E01008161,Sheffield 026E,Violence and sexual offences,Status update unavailable,
e40b5f0025098968156c4865911943b55a17eca8e9523f3753acf434062bb394,2025-02,South Yorkshire Police,South Yorkshire Police,-1.506298,53.400980,On or near Holme Lane,E01008161,Sheffield 026E,Violence and sexual offences,Unable to prosecute suspect,
9eaaa27a675bf7bc440970aa62104f2c7d7f9e60a4fc09bbf33c01a12c49f56d,2025-02,South Yorkshire Police,South Yorkshire Police,-1.490964,53.399153,On or near Cuthbert Bank Road,E01008161,Sheffield 026E,Violence and sexual offences,Status update unavailable,
5a1c027fb22a1bda1271481f29ba5eb8b808de03328befa053e5a1337c74e4c7,2025-02,South Yorkshire Police,South Yorkshire Police,-1.490964,53.399153,On or near Cuthbert Bank Road,E01008161,Sheffield 026E,Violence and sexual offences,Status update unavailable,
184d5e99c91890ea262830f30f3834fcd39b94fb267c5c85bfa8f4693cd3c6fa,2025-02,South Yorkshire Police,South Yorkshire Police,-1.506298,53.400980,On or near Holme Lane,E01008161,Sheffield 026E,Violence and sexual offences,Unable to prosecute suspect,
30788739f09ab5d732bf184e99e8284a4675f2a4453a5f8a4e48cfcb64207c76,2025-02,South Yorkshire Police,South Yorkshire Police,-1.501761,53.401815,On or near River Terrace,E01008161,Sheffield 026E,Violence and sexual offences,Unable to prosecute suspect,
,2025-02,South Yorkshire Police,South Yorkshire Police,-1.421501,53.387628,On or near Nidd Road East,E01007883,Sheffield 027A,Anti-social behaviour,,
,2025-02,South Yorkshire Police,South Yorkshire Police,-1.443835,53.383806,On or near Shopping Area,E01007883,Sheffield 027A,Anti-social behaviour,,
,2025-02,South Yorkshire Police,South Yorkshire Police,-1.426776,53.388957,On or near Ouseburn Street,E01007883,Sheffield 027A,Anti-social behaviour,,
,2025-02,South Yorkshire Police,South Yorkshire Police,-1.443835,53.383806,On or near Shopping Area,E01007883,Sheffield 027A,Anti-social behaviour,,
,2025-02,South Yorkshire Police,South Yorkshire Police,-1.426776,53.388957,On or near Ouseburn Street,E01007883,Sheffield 027A,Anti-social behaviour,,
,2025-02,South Yorkshire Police,South Yorkshire Police,-1.443835,53.383806,On or near Shopping Area,E01007883,Sheffield 027A,Anti-social behaviour,,
,2025-02,South Yorkshire Police,South Yorkshire Police,-1.443835,53.383806,On or near Shopping Area,E01007883,Sheffield 027A,Anti-social behaviour,,
cb9f2e039994f8e8ec40de17e82fd99696fd631214a7a8b2dcfd376133d20fe4,2025-02,South Yorkshire Police,South Yorkshire Police,-1.426776,53.388957,On or near Ouseburn Street,E01007883,Sheffield 027A,Criminal damage and arson,Investigation complete; no suspect identified,
d32243dee1c6e29205edd2068cfa6a7f8bf0b4340ae33b5fcc4fd67b00da1074,2025-02,South Yorkshire Police,South Yorkshire Police,-1.426776,53.388957,On or near Ouseburn Street,E01007883,Sheffield 027A,Criminal damage and arson,Investigation complete; no suspect identified,
8a1ff918414b326c94a030e9758b64edc92a1bc055733549a39aaa3969572f2c,2025-02,South Yorkshire Police,South Yorkshire Police,-1.427343,53.388169,On or near Ouse Road,E01007883,Sheffield 027A,Criminal damage and arson,Investigation complete; no suspect identified,
0bd6969a76d56bbb88432f7d08cebdb8211f314eb701c3b090b3719cd8961c50,2025-02,South Yorkshire Police,South Yorkshire Police,-1.443835,53.383806,On or near Shopping Area,E01007883,Sheffield 027A,Other theft,Investigation complete; no suspect identified,
bf56e8ce24a04cfd2e9c9e75fa6bd55b2e6e91be7cfb19fcc4c237fb3a0b0f1c,2025-02,South Yorkshire Police,South Yorkshire Police,-1.443835,53.383806,On or near Shopping Area,E01007883,Sheffield 027A,Public order,Investigation complete; no suspect identified,
9e20a54956b79833433b33ce3b28a0da8f7af46c39a3467b9e6e1d6e577c866d,2025-02,South Yorkshire Police,South Yorkshire Police,-1.443835,53.383806,On or near Shopping Area,E01007883,Sheffield 027A,Public order,Unable to prosecute suspect,
ed78f6826268ce872090cbea5376c87216e4e06a7a0479cb9e423cdb94422254,2025-02,South Yorkshire Police,South Yorkshire Police,-1.443835,53.383806,On or near Shopping Area,E01007883,Sheffield 027A,Shoplifting,Investigation complete; no suspect identified,
0a5717e7be531487c648643dad814dd673b2baadcfe765a217c63faa02a70f4f,2025-02,South Yorkshire Police,South Yorkshire Police,-1.443835,53.383806,On or near Shopping Area,E01007883,Sheffield 027A,Shoplifting,Investigation complete; no suspect identified,
9053a5332b74a93d1e8968def0a9540d03c13a43a24f27248355fd4012b65f41,2025-02,South Yorkshire Police,South Yorkshire Police,-1.443835,53.383806,On or near Shopping Area,E01007883,Sheffield 027A,Theft from the person,Investigation complete; no suspect identified,
91023ca9be0d1e8ecfb3dd3ff456b9bb6bdfafd6901208bac75e940dab29dd69,2025-02,South Yorkshire Police,South Yorkshire Police,-1.426776,53.388957,On or near Ouseburn Street,E01007883,Sheffield 027A,Vehicle crime,Investigation complete; no suspect identified,
51a0ab81b7dee552072d3eb6ad4ff4a2bc9521473e1bdceef20b3a40b9ec4b42,2025-02,South Yorkshire Police,South Yorkshire Police,-1.426904,53.383906,On or near Kettlebridge Road,E01007883,Sheffield 027A,Vehicle crime,Investigation complete; no suspect identified,
08d3a8cb539a87f2dea560df57d134c6f879b5f49de1e33b864d04d843fec6ee,2025-02,South Yorkshire Police,South Yorkshire Police,-1.443835,53.383806,On or near Shopping Area,E01007883,Sheffield 027A,Violence and sexual offences,Unable to prosecute suspect,
b56ffe47c774fe97d6feb083c10ae0620274416c8e9fb7c235790df8eb7df5f2,2025-02,South Yorkshire Police,South Yorkshire Police,-1.443835,53.383806,On or near Shopping Area,E01007883,Sheffield 027A,Violence and sexual offences,Unable to prosecute suspect,
4f531d1634086a88f3b6f9b468bbab9faa50c4b98c83b29b03a70dce79a6338e,2025-02,South Yorkshire Police,South Yorkshire Police,-1.430567,53.389937,On or near Cave Street,E01007883,Sheffield 027A,Other crime,Investigation complete; no suspect identified,
,2025-02,South Yorkshire Police,South Yorkshire Police,-1.401316,53.383871,On or near High Hazels Mead,E01007902,Sheffield 027B,Anti-social behaviour,,
,2025-02,South Yorkshire Police,South Yorkshire Police,-1.402193,53.383551,On or near High Hazels Close,E01007902,Sheffield 027B,Anti-social behaviour,,
,2025-02,South Yorkshire Police,South Yorkshire Police,-1.402193,53.383551,On or near High Hazels Close,E01007902,Sheffield 027B,Anti-social behaviour,,
,2025-02,South Yorkshire Police,South Yorkshire Police,-1.401316,53.383871,On or near High Hazels Mead,E01007902,Sheffield 027B,Anti-social behaviour,,
91a6b7a75893b31d94ce090bbc946f9f093d41e7effe7518fcb168233c5488a5,2025-02,South Yorkshire Police,South Yorkshire Police,-1.410550,53.390218,On or near Greenland View,E01007902,Sheffield 027B,Burglary,Investigation complete; no suspect identified,
6b6156f3431c372f843f9bf91178c4cbca405146d1223a3efc73aa71b7dc0cdd,2025-02,South Yorkshire Police,South Yorkshire Police,-1.414687,53.387901,On or near Whitby Road,E01007902,Sheffield 027B,Burglary,Investigation complete; no suspect identified,
b38512e1d4cbcc8d6fcdf23ae5a575a166baa551f46f5571a0b06396fbfc6fcb,2025-02,South Yorkshire Police,South Yorkshire Police,-1.402193,53.383551,On or near High Hazels Close,E01007902,Sheffield 027B,Burglary,Investigation complete; no suspect identified,
9a85b14c9a5ddc510086ef1bdd9fe707b94e814ca3086e13b90bdfbe877c6d10,2025-02,South Yorkshire Police,South Yorkshire Police,-1.412518,53.393589,On or near Greenland Drive,E01007902,Sheffield 027B,Burglary,Investigation complete; no suspect identified,
0ac195d9cfd2f724c245c816b9fa881bc002ee28b4d58410cb473361e32f6819,2025-02,South Yorkshire Police,South Yorkshire Police,-1.393649,53.390187,On or near Infield Lane,E01007902,Sheffield 027B,Burglary,Investigation complete; no suspect identified,
fd8dd726e4c6852a2b2198de62abe24ed059f3787a107117e27c9b5e2cde2f74,2025-02,South Yorkshire Police,South Yorkshire Police,-1.402193,53.383551,On or near High Hazels Close,E01007902,Sheffield 027B,Criminal damage and arson,Investigation complete; no suspect identified,
174fe1f03fa7d35c21b10235bcb06ec5dabf9d9cbb93de10c028bd6480919ba6,2025-02,South Yorkshire Police,South Yorkshire Police,-1.401316,53.383871,On or near High Hazels Mead,E01007902,Sheffield 027B,Drugs,Awaiting court outcome,
f5981928115640164702fe615d144614cf6f8f13f36f1d6cbc4840d2a00994f0,2025-02,South Yorkshire Police,South Yorkshire Police,-1.401316,53.383871,On or near High Hazels Mead,E01007902,Sheffield 027B,Other theft,Awaiting court outcome,
cb4aa5cadde8fb6cd94564ae5fe609bd69a9a0b05ebb19f1549fee04114a90c1,2025-02,South Yorkshire Police,South Yorkshire Police,-1.410550,53.390218,On or near Greenland View,E01007902,Sheffield 027B,Other theft,Investigation complete; no suspect identified,
47dd4327ad7e818c74288a016ebd98cec73818732f789ed5d5d1665d2a5bea35,2025-02,South Yorkshire Police,South Yorkshire Police,-1.402193,53.383551,On or near High Hazels Close,E01007902,Sheffield 027B,Possession of weapons,Awaiting court outcome,
af7f7372f6a8c009fc2810a65ce3aa52e4a1c5f0cbed9a68565c98f98a6dc193,2025-02,South Yorkshire Police,South Yorkshire Police,-1.402193,53.383551,On or near High Hazels Close,E01007902,Sheffield 027B,Public order,Unable to prosecute suspect,
db0377e191d02a3dd8160964e8d78e5a009bf4e9c337e5aab18990551afa9e05,2025-02,South Yorkshire Police,South Yorkshire Police,-1.410815,53.388448,On or near Craven Close,E01007902,Sheffield 027B,Public order,Unable to prosecute suspect,
aaae8376b256fcfa32cf6011229e5c4e741ce229303c4ea9684cef13d5c228d5,2025-02,South Yorkshire Police,South Yorkshire Police,-1.402193,53.383551,On or near High Hazels Close,E01007902,Sheffield 027B,Public order,Unable to prosecute suspect,
dd6ad3925a2f1c6d530c4e3d3ecef6cd805daa861e530bd314d7c80a4765c324,2025-02,South Yorkshire Police,South Yorkshire Police,-1.413137,53.395588,On or near Petrol Station,E01007902,Sheffield 027B,Theft from the person,Investigation complete; no suspect identified,
49667ee7fe3a86fd5aaf0a8a6e0781667d0d7ab4b26a7ad863cd7eb11f4f75c5,2025-02,South Yorkshire Police,South Yorkshire Police,-1.408864,53.387099,On or near Petrol Station,E01007902,Sheffield 027B,Vehicle crime,Investigation complete; no suspect identified,
4bbc183c96abfa9d8e38f70bb6afb9f3edf665b59a457ed47165088fda0f3d5c,2025-02,South Yorkshire Police,South Yorkshire Police,-1.408864,53.387099,On or near Petrol Station,E01007902,Sheffield 027B,Vehicle crime,Investigation complete; no suspect identified,
97c379ac77845d3a75dc6ed018280d5001c05f9adee9c1c8e4b275f031e6a78a,2025-02,South Yorkshire Police,South Yorkshire Police,-1.411149,53.392549,On or near Greenland Court,E01007902,Sheffield 027B,Violence and sexual offences,Action to be taken by another organisation,
c4ccf19f43bc4f5f58975836589a2d0a3e54dbc6eb6bd6bd3b7d0396b71a891e,2025-02,South Yorkshire Police,South Yorkshire Police,-1.398415,53.383847,On or near Olivers Mount,E01007902,Sheffield 027B,Violence and sexual offences,Investigation complete; no suspect identified,
378c187a65df64bfa45e013da24ea75168ddfcd260c36287f248eb271170225b,2025-02,South Yorkshire Police,South Yorkshire Police,-1.408864,53.387099,On or near Petrol Station,E01007902,Sheffield 027B,Violence and sexual offences,Unable to prosecute suspect,
194d5dd40e3ba39117132ed74ea56847ad7305e3aa56ca5485a96c5842aeb7f8,2025-02,South Yorkshire Police,South Yorkshire Police,-1.410515,53.389471,On or near Fulford Close,E01007902,Sheffield 027B,Violence and sexual offences,Unable to prosecute suspect,
9b915487bc2b74643f0b177a536ee4d00a6447e66a3e8d2ca86d992f22c93487,2025-02,South Yorkshire Police,South Yorkshire Police,-1.410550,53.390218,On or near Greenland View,E01007902,Sheffield 027B,Violence and sexual offences,Unable to prosecute suspect,
,2025-02,South Yorkshire Police,South Yorkshire Police,-1.421097,53.393074,On or near Tudor Close,E01007905,Sheffield 027C,Anti-social behaviour,,
00e6ae64f58b6a5041b515cd03f906adf03fe41f3d268a35da89013e5d524b0f,2025-02,South Yorkshire Police,South Yorkshire Police,-1.421097,53.393074,On or near Tudor Close,E01007905,Sheffield 027C,Criminal damage and arson,Investigation complete; no suspect identified,
c736bd4c745cf3f7a3a330a82ea9b3ef7fa6a78d4ffb02945938006f9fd1bb68,2025-02,South Yorkshire Police,South Yorkshire Police,-1.421230,53.388787,On or near Bramham Road,E01007905,Sheffield 027C,Public order,Unable to prosecute suspect,
b3487c523a33b36fe3f7449a6b9ae1c851ab81d77b6dd233f9b2b78a614a54af,2025-02,South Yorkshire Police,South Yorkshire Police,-1.421097,53.393074,On or near Tudor Close,E01007905,Sheffield 027C,Violence and sexual offences,Unable to prosecute suspect,
300607d7818bd0424f5b1e3ac1912acf2e6ee05feb32659b46a291b30c3df8e4,2025-02,South Yorkshire Police,South Yorkshire Police,-1.421230,53.388787,On or near Bramham Road,E01007905,Sheffield 027C,Violence and sexual offences,Unable to prosecute suspect,
b69072545075d5e855eba396857ed8317498300a6f5ee50ca5e0e278c199d13c,2025-02,South Yorkshire Police,South Yorkshire Police,-1.421230,53.388787,On or near Bramham Road,E01007905,Sheffield 027C,Violence and sexual offences,Awaiting court outcome,
212120576ce0d1a457c3f3cf8673b1e5f769516c2f5f68472582849076b0f377,2025-02,South Yorkshire Police,South Yorkshire Police,-1.421230,53.388787,On or near Bramham Road,E01007905,Sheffield 027C,Violence and sexual offences,Unable to prosecute suspect,
683654989ec48eccd779fbd785fb6fe0ab4ed108ecda8efd6032e9a3aac4a9f4,2025-02,South Yorkshire Police,South Yorkshire Police,-1.426333,53.389494,On or near Chinley Street,E01007905,Sheffield 027C,Violence and sexual offences,Investigation complete; no suspect identified,
d37c9ae0a00900f61ca623261d0763159b4617a1a9ce1439771584a8b5e5b16c,2025-02,South Yorkshire Police,South Yorkshire Police,-1.421097,53.393074,On or near Tudor Close,E01007905,Sheffield 027C,Violence and sexual offences,Unable to prosecute suspect,
52c862a8d6fc898877d3cd76a37d6719eb300ebbd3d47045dff9da75a4773cf2,2025-02,South Yorkshire Police,South Yorkshire Police,-1.421754,53.388969,On or near Bramham Court,E01007905,Sheffield 027C,Violence and sexual offences,Unable to prosecute suspect,
d040a9a0962321a25835c3b98a4202d345851e0a45e1251c6bb767a8d387d1ca,2025-02,South Yorkshire Police,South Yorkshire Police,-1.421754,53.388969,On or near Bramham Court,E01007905,Sheffield 027C,Violence and sexual offences,Unable to prosecute suspect,
9395027bffd0730cfeae09911f30c748b8a94cd321cd17ff11a3bbff01ae7dee,2025-02,South Yorkshire Police,South Yorkshire Police,-1.419083,53.394053,On or near Brindle Mews,E01007905,Sheffield 027C,Other crime,Investigation complete; no suspect identified,
f6afdb1ae3361326885e9ef0c99f16de5f7510800bf3314e5403dbd672adfc09,2025-02,South Yorkshire Police,South Yorkshire Police,-1.422958,53.389991,On or near Shirland Mews,E01007905,Sheffield 027C,Other crime,Unable to prosecute suspect,
,2025-02,South Yorkshire Police,South Yorkshire Police,-1.411709,53.386870,On or near Parking Area,E01007906,Sheffield 027D,Anti-social behaviour,,
,2025-02,South Yorkshire Police,South Yorkshire Police,-1.415033,53.391112,On or near Basford Street,E01007906,Sheffield 027D,Anti-social behaviour,,
,2025-02,South Yorkshire Police,South Yorkshire Police,-1.415033,53.391112,On or near Basford Street,E01007906,Sheffield 027D,Anti-social behaviour,,
fd3aa27fdce1fe1fb357b7f20b07f26315728e1a10be76a04839d8855526594e,2025-02,South Yorkshire Police,South Yorkshire Police,-1.418146,53.388924,On or near Balfour Road,E01007906,Sheffield 027D,Burglary,Investigation complete; no suspect identified,
1e0d0c6ce894dfe8bfab0de86e546b79d0e0883dadae2dc3cb9a8cc70e59fd65,2025-02,South Yorkshire Police,South Yorkshire Police,-1.413709,53.386826,On or near Gainsford Road,E01007906,Sheffield 027D,Burglary,Investigation complete; no suspect identified,
3221f199a563e26c5cbf041ee319788803fb42b7b13e593845ff72916e8e5d80,2025-02,South Yorkshire Police,South Yorkshire Police,-1.410550,53.385876,On or near Wellington Place,E01007906,Sheffield 027D,Criminal damage and arson,Unable to prosecute suspect,
485222f7ec5a6742113caa94f41ae6d90d7b9443b7513ff9f965cf9de9e2414e,2025-02,South Yorkshire Police,South Yorkshire Police,-1.415369,53.389657,On or near Malvern Road,E01007906,Sheffield 027D,Drugs,Unable to prosecute suspect,
75198dbf951bd5e3daf967ae2bac6b6681813be1722847649d72d63d08806c0b,2025-02,South Yorkshire Police,South Yorkshire Police,-1.415369,53.389657,On or near Malvern Road,E01007906,Sheffield 027D,Other theft,Investigation complete; no suspect identified,
23644af29ae114f535dfbc4be353a5ace81a7718ad8c01a7cdeb56836274a1cb,2025-02,South Yorkshire Police,South Yorkshire Police,-1.411709,53.386870,On or near Parking Area,E01007906,Sheffield 027D,Other theft,Unable to prosecute suspect,
f94f678e18dbb5208a203bce846b3448312e8dc047c7c4be024e70ab155884b7,2025-02,South Yorkshire Police,South Yorkshire Police,-1.412307,53.386002,On or near Kirby Close,E01007906,Sheffield 027D,Public order,Unable to prosecute suspect,
685932a2e97144591e02048d5c4f74d2da17e1859f70ca138e50ce8c4dd6b0a7,2025-02,South Yorkshire Police,South Yorkshire Police,-1.410550,53.385876,On or near Wellington Place,E01007906,Sheffield 027D,Shoplifting,Investigation complete; no suspect identified,
eb768b8dc4397525ef9d3cfbc860e43bf9509f230ff89519a07d582d07943ac7,2025-02,South Yorkshire Police,South Yorkshire Police,-1.410550,53.385876,On or near Wellington Place,E01007906,Sheffield 027D,Shoplifting,Investigation complete; no suspect identified,
c150ebdeccec0fcec9cf3434a3f8c01d0766cdf6d93ccef455333a67a322635f,2025-02,South Yorkshire Police,South Yorkshire Police,-1.412906,53.386139,On or near Studley Court,E01007906,Sheffield 027D,Violence and sexual offences,Awaiting court outcome,
9502715aed9c5191eda55af65912cd437c087af209c041e3d3fce22bdb44fcc0,2025-02,South Yorkshire Police,South Yorkshire Police,-1.415040,53.390644,On or near Basford Place,E01007906,Sheffield 027D,Violence and sexual offences,Unable to prosecute suspect,
e37c0689dceb53cca6dfe4f241c7caceabbf31aad9d49300650cffff3d6be027,2025-02,South Yorkshire Police,South Yorkshire Police,-1.411709,53.386870,On or near Parking Area,E01007906,Sheffield 027D,Violence and sexual offences,Investigation complete; no suspect identified,
cb6cef1d1f69646b16d1b102c1af547c252a09023523e60bf633647c5170a4d1,2025-02,South Yorkshire Police,South Yorkshire Police,-1.415952,53.386622,On or near Pollitt Close,E01007906,Sheffield 027D,Violence and sexual offences,Status update unavailable,
0efe34ebba8fe2f53539e9d1ada975a02bddaff171d5eefc527680b749305910,2025-02,South Yorkshire Police,South Yorkshire Police,-1.415952,53.386622,On or near Pollitt Close,E01007906,Sheffield 027D,Violence and sexual offences,Unable to prosecute suspect,
d30b8fed2e92d0405f3bd4a6687ef0bb24c487148131156e3f54b7c2749010b2,2025-02,South Yorkshire Police,South Yorkshire Police,-1.413736,53.385928,On or near Swale Gardens,E01007906,Sheffield 027D,Other crime,Unable to prosecute suspect,
,2025-02,South Yorkshire Police,South Yorkshire Police,-1.507955,53.385339,On or near Supermarket,E01008064,Sheffield 028A,Anti-social behaviour,,
,2025-02,South Yorkshire Police,South Yorkshire Police,-1.506832,53.385980,On or near Toyne Street,E01008064,Sheffield 028A,Anti-social behaviour,,
,2025-02,South Yorkshire Police,South Yorkshire Police,-1.507955,53.385339,On or near Supermarket,E01008064,Sheffield 028A,Anti-social behaviour,,
,2025-02,South Yorkshire Police,South Yorkshire Police,-1.507955,53.385339,On or near Supermarket,E01008064,Sheffield 028A,Anti-social behaviour,,
1d1d1efeb65df3ea1e84355c80f6c94796c64190639c8b978211206f02a469dc,2025-02,South Yorkshire Police,South Yorkshire Police,-1.507955,53.385339,On or near Supermarket,E01008064,Sheffield 028A,Shoplifting,Investigation complete; no suspect identified,
7e6b4a15dbeb898fec5dbfe6f97a34e3e89277de08dde9b349d2a589d58bbfaf,2025-02,South Yorkshire Police,South Yorkshire Police,-1.502551,53.386933,On or near Melbourn Road,E01008064,Sheffield 028A,Vehicle crime,Investigation complete; no suspect identified,
8120f8d320e0108a5b1fb5b1242fbbc9a6cf1f4fea5354e76bb47dc5fb691993,2025-02,South Yorkshire Police,South Yorkshire Police,-1.507082,53.385208,On or near Flodden Street,E01008064,Sheffield 028A,Violence and sexual offences,Unable to prosecute suspect,
a011d2f1c7c4b794ff772af8c94ef9ed57f8e66f8bbe93883fc9ac24adaffe6d,2025-02,South Yorkshire Police,South Yorkshire Police,-1.505725,53.385544,On or near Newbury Road,E01008064,Sheffield 028A,Violence and sexual offences,Unable to prosecute suspect,
,2025-02,South Yorkshire Police,South Yorkshire Police,-1.498399,53.387158,On or near Moor End Road,E01008066,Sheffield 028B,Anti-social behaviour,,
c6756083de425fc3f35746419c7e7b052072cb7f82be969720348d65b1ed949e,2025-02,South Yorkshire Police,South Yorkshire Police,-1.500324,53.388425,On or near Bates Street,E01008066,Sheffield 028B,Burglary,Investigation complete; no suspect identified,
40772d27a6ee1d0caca5aa941ac3093702519f946fc2c3f83b771c047ea91900,2025-02,South Yorkshire Police,South Yorkshire Police,-1.495484,53.385753,On or near The Nook,E01008066,Sheffield 028B,Criminal damage and arson,Investigation complete; no suspect identified,
225de557a352c16f76fd48e8b141d5415da2054f97d3e52e26338ac4c1f4ebbf,2025-02,South Yorkshire Police,South Yorkshire Police,-1.500324,53.388425,On or near Bates Street,E01008066,Sheffield 028B,Other theft,Investigation complete; no suspect identified,
3c5480e0c2960ffc246a7937fc0bd1853d9709fb21334a4fd8394807fae544e8,2025-02,South Yorkshire Police,South Yorkshire Police,-1.497857,53.384675,On or near Spring Hill Road,E01008066,Sheffield 028B,Public order,Awaiting court outcome,
96f7bfa3e4591dc979dfd5ae65108572b3c24777ae3441ed44d4f404a8bdcce7,2025-02,South Yorkshire Police,South Yorkshire Police,-1.498399,53.387158,On or near Moor End Road,E01008066,Sheffield 028B,Violence and sexual offences,Investigation complete; no suspect identified,
e8ebdeb6c24484575d462d722aab931049d51c37ca002e5731ac8ef831bfb318,2025-02,South Yorkshire Police,South Yorkshire Police,-1.497857,53.384675,On or near Spring Hill Road,E01008066,Sheffield 028B,Violence and sexual offences,Unable to prosecute suspect,
2156f9d4da0580cac7c98b466183d59eccd90495460cee118020cb3b0e4fa901,2025-02,South Yorkshire Police,South Yorkshire Police,-1.501001,53.384517,On or near Ramsey Road,E01008069,Sheffield 028C,Vehicle crime,Investigation complete; no suspect identified,
fe83dfdd7b26cbbede447305fc89f1ef6cc80836778d1e2ce76c73c704fb661e,2025-02,South Yorkshire Police,South Yorkshire Police,-1.500619,53.385064,On or near Spring House Road,E01008069,Sheffield 028C,Violence and sexual offences,Status update unavailable,
a6603df56faeee9068e9bb912ec4701eb348e74eb913f3325403f2025931d64d,2025-02,South Yorkshire Police,South Yorkshire Police,-1.504864,53.389368,On or near Petrol Station,E01008074,Sheffield 028D,Robbery,Unable to prosecute suspect,
232cc788dcb2877d8f8c4397e4c5bdf68b86783f72f12701e6700a867c9967fe,2025-02,South Yorkshire Police,South Yorkshire Police,-1.501543,53.387054,On or near Mona Road,E01008074,Sheffield 028D,Vehicle crime,Investigation complete; no suspect identified,
1db236862d642b1ce08f3e681593ef3128baaa1f7760f42732b391cf71ce3e77,2025-02,South Yorkshire Police,South Yorkshire Police,-1.505957,53.388906,On or near Northfield Road,E01008074,Sheffield 028D,Violence and sexual offences,Unable to prosecute suspect,
,2025-02,South Yorkshire Police,South Yorkshire Police,-1.515468,53.378869,On or near Tapton Bank,E01007951,Sheffield 029A,Anti-social behaviour,,
,2025-02,South Yorkshire Police,South Yorkshire Police,-1.518924,53.378964,On or near Selborne Road,E01007951,Sheffield 029A,Anti-social behaviour,,
,2025-02,South Yorkshire Police,South Yorkshire Police,-1.518662,53.379601,On or near Manchester Road,E01007951,Sheffield 029A,Anti-social behaviour,,
4a6a34ff345ac600c96d1048bb7f469e57444ec0d280c8c881f38842a6b1a3d3,2025-02,South Yorkshire Police,South Yorkshire Police,-1.518662,53.379601,On or near Manchester Road,E01007951,Sheffield 029A,Public order,Investigation complete; no suspect identified,
bf602571b0501bf729967deaf63b83523261b387cdd7d5fcc97a9a1aff644fc8,2025-02,South Yorkshire Police,South Yorkshire Police,-1.518662,53.379601,On or near Manchester Road,E01007951,Sheffield 029A,Shoplifting,Awaiting court outcome,
685f207f57bc80eb429c5d47552567d891b13282c4728899e7bbbef5b7445e58,2025-02,South Yorkshire Police,South Yorkshire Police,-1.518662,53.379601,On or near Manchester Road,E01007951,Sheffield 029A,Shoplifting,Investigation complete; no suspect identified,
804d467ea4de346a952eda70a625f2706cdbfdc65204b527bc023e0b79c1b19b,2025-02,South Yorkshire Police,South Yorkshire Police,-1.518662,53.379601,On or near Manchester Road,E01007951,Sheffield 029A,Shoplifting,Investigation complete; no suspect identified,
b9581c8deb2b2cda0ad044e8b381bb366f968bcf88f5c6673210135a92ca628a,2025-02,South Yorkshire Police,South Yorkshire Police,-1.518662,53.379601,On or near Manchester Road,E01007951,Sheffield 029A,Shoplifting,Investigation complete; no suspect identified,
83d069dd2adc7a3b9a1013d848788439c3b8a3c84434181e0b7e1539cdff70b5,2025-02,South Yorkshire Police,South Yorkshire Police,-1.518662,53.379601,On or near Manchester Road,E01007951,Sheffield 029A,Shoplifting,Investigation complete; no suspect identified,
38fb0c800d259573541441697dac71b9f58114d38440695b87bad3ff56aa2c46,2025-02,South Yorkshire Police,South Yorkshire Police,-1.518662,53.379601,On or near Manchester Road,E01007951,Sheffield 029A,Shoplifting,Investigation complete; no suspect identified,
0c87d427d883e932f9ed3409eba626ddf1a2429cd7592cac7c56c51a267d2927,2025-02,South Yorkshire Police,South Yorkshire Police,-1.518662,53.379601,On or near Manchester Road,E01007951,Sheffield 029A,Shoplifting,Investigation complete; no suspect identified,
c46d23b363950f9b6557a2281dd8e72bd456c34436c28d45273b2cafe50816ac,2025-02,South Yorkshire Police,South Yorkshire Police,-1.518662,53.379601,On or near Manchester Road,E01007951,Sheffield 029A,Shoplifting,Investigation complete; no suspect identified,
40f0fe40271700c05ee3f489aa7891a8a57fa34bf12c9f3e3b78f17c5491d67b,2025-02,South Yorkshire Police,South Yorkshire Police,-1.518662,53.379601,On or near Manchester Road,E01007951,Sheffield 029A,Shoplifting,Investigation complete; no suspect identified,
d45fa90a889ce3804f56a6e384535ec608925cc82a4de494b633ae26a0d478d0,2025-02,South Yorkshire Police,South Yorkshire Police,-1.518662,53.379601,On or near Manchester Road,E01007951,Sheffield 029A,Shoplifting,Investigation complete; no suspect identified,
65a3136129680b14246cdfcddd6ef4fc9db4af7f23b99923ca583d9d7858d677,2025-02,South Yorkshire Police,South Yorkshire Police,-1.518662,53.379601,On or near Manchester Road,E01007951,Sheffield 029A,Shoplifting,Investigation complete; no suspect identified,
c873ba0e7fce35a5f7b475d6c5756eaaa9f96da184cc53b59f5079872cf5ea82,2025-02,South Yorkshire Police,South Yorkshire Police,-1.518662,53.379601,On or near Manchester Road,E01007951,Sheffield 029A,Shoplifting,Investigation complete; no suspect identified,
6664403801866ccbc9dbfcc5b71ecfd78950fa4b2fb338aeaa7023f376e15cb6,2025-02,South Yorkshire Police,South Yorkshire Police,-1.518662,53.379601,On or near Manchester Road,E01007951,Sheffield 029A,Shoplifting,Investigation complete; no suspect identified,
b847f21db9ff3ef53cec86752a8b1da54c7e0b6ae9be81f621899e4b26847a9e,2025-02,South Yorkshire Police,South Yorkshire Police,-1.518662,53.379601,On or near Manchester Road,E01007951,Sheffield 029A,Shoplifting,Investigation complete; no suspect identified,
e6082fdaf0ee398e5d9997b97e288ef2805bdaf9610f3228bbb95f780bb175b9,2025-02,South Yorkshire Police,South Yorkshire Police,-1.518662,53.379601,On or near Manchester Road,E01007951,Sheffield 029A,Shoplifting,Investigation complete; no suspect identified,
bf98d601b1d3114d5190e1613850f897cf76fb278b834cde4f120206b6df078f,2025-02,South Yorkshire Police,South Yorkshire Police,-1.509193,53.380740,On or near Bosville Road,E01007951,Sheffield 029A,Violence and sexual offences,Unable to prosecute suspect,
5e3ed606bae3ac57af39e5ff481c3702bffa060404d43eaf8e29407627157249,2025-02,South Yorkshire Police,South Yorkshire Police,-1.510412,53.381941,On or near Islay Street,E01007951,Sheffield 029A,Violence and sexual offences,Unable to prosecute suspect,
87a06f632c72eed4e8bd431d8d1a58b05d49b786bcc3fefa27dbdc0d1e97e4a4,2025-02,South Yorkshire Police,South Yorkshire Police,-1.515468,53.378869,On or near Tapton Bank,E01007951,Sheffield 029A,Violence and sexual offences,Status update unavailable,
a4c3d90cda547852c624f9d810b598f9772afe1f1b0a84327281615bc9e41ddd,2025-02,South Yorkshire Police,South Yorkshire Police,-1.518662,53.379601,On or near Manchester Road,E01007951,Sheffield 029A,Violence and sexual offences,Investigation complete; no suspect identified,
006863cefd23345c01d89675b6db53fae4595b3eebf3599dcce72ef19c8d4f60,2025-02,South Yorkshire Police,South Yorkshire Police,-1.518924,53.378964,On or near Selborne Road,E01007951,Sheffield 029A,Violence and sexual offences,Unable to prosecute suspect,
,2025-02,South Yorkshire Police,South Yorkshire Police,-1.508973,53.385476,On or near Colchester Road,E01007960,Sheffield 029B,Anti-social behaviour,,
2724d4dfef07c2d8fc08afae80bcb2c9c86c0daf1d30316f37d181bd825f9f26,2025-02,South Yorkshire Police,South Yorkshire Police,-1.504107,53.382481,On or near Blakeney Road,E01007962,Sheffield 029C,Burglary,Investigation complete; no suspect identified,
cdcc9a7e43122e2ad37884a8d867faa490b6e2576a513244cd8c2bd07900c1bd,2025-02,South Yorkshire Police,South Yorkshire Police,-1.507795,53.380743,On or near Nairn Street,E01007962,Sheffield 029C,Public order,Investigation complete; no suspect identified,
e099198c30e604e22c431851b5b66b25cd0f305b6dc32bca4ff974401837ccb0,2025-02,South Yorkshire Police,South Yorkshire Police,-1.508619,53.382239,On or near Carson Road,E01007962,Sheffield 029C,Public order,Unable to prosecute suspect,
d257892f11cb25f46ee3c8498a8317ca687d5e875089ee0328ebb692e0189ddb,2025-02,South Yorkshire Police,South Yorkshire Police,-1.508742,53.383336,On or near Brick Street,E01007962,Sheffield 029C,Violence and sexual offences,Unable to prosecute suspect,
ac303e69cbb11727964ea993f94d50df7d1dbc939f826a1affaa8684458b53c8,2025-02,South Yorkshire Police,South Yorkshire Police,-1.509056,53.383535,On or near Brick Drive,E01007962,Sheffield 029C,Violence and sexual offences,Investigation complete; no suspect identified,
612b4bcbf4d984437d6ccd22fa1f9d9ca288fccb530b62a57cfee50f79aa5a0c,2025-02,South Yorkshire Police,South Yorkshire Police,-1.506404,53.381394,On or near Bute Street,E01007962,Sheffield 029C,Violence and sexual offences,Unable to prosecute suspect,
9280a4a8db32faa11adbe6f48a0d396d25655d42ca2bdb96a0017e59f2168c6a,2025-02,South Yorkshire Police,South Yorkshire Police,-1.508619,53.382239,On or near Carson Road,E01007962,Sheffield 029C,Violence and sexual offences,Unable to prosecute suspect,
932c3e2366ce8bab90bc376c91a42c9b8fb8a3ff1e2c284766b054db374f21f7,2025-02,South Yorkshire Police,South Yorkshire Police,-1.512823,53.386705,On or near Toftwood Avenue,E01008159,Sheffield 029D,Burglary,Investigation complete; no suspect identified,
7f0b96a2694b53a14c162958f88ae6e88d9037070e8cca169e66083d0204426c,2025-02,South Yorkshire Police,South Yorkshire Police,-1.510119,53.386461,On or near Toftwood Road,E01008159,Sheffield 029D,Burglary,Investigation complete; no suspect identified,
c582151dc466e88c65414036b21ea343ea318ff740a5f4db5a8b0a35d01b4d3a,2025-02,South Yorkshire Police,South Yorkshire Police,-1.507886,53.388456,On or near Longfield Road,E01008159,Sheffield 029D,Vehicle crime,Investigation complete; no suspect identified,
,2025-02,South Yorkshire Police,South Yorkshire Police,-1.501587,53.383252,On or near Glebe Road,E01007866,Sheffield 030A,Anti-social behaviour,,
,2025-02,South Yorkshire Police,South Yorkshire Police,-1.490339,53.380967,On or near Western Bank,E01007866,Sheffield 030A,Anti-social behaviour,,
,2025-02,South Yorkshire Police,South Yorkshire Police,-1.491875,53.380686,On or near Damer Street,E01007866,Sheffield 030A,Anti-social behaviour,,
c0b898c612846a80ece4e1940f399af0c9e6cbd60c833c8168c07a2661e7e6d0,2025-02,South Yorkshire Police,South Yorkshire Police,-1.493331,53.378355,On or near Hospital,E01007866,Sheffield 030A,Burglary,Investigation complete; no suspect identified,
f0c5b5a8a38bcad5d2be47a5184d77795ff8bca1837c3e038456f85591875cf0,2025-02,South Yorkshire Police,South Yorkshire Police,-1.503162,53.383583,On or near School Road,E01007866,Sheffield 030A,Burglary,Investigation complete; no suspect identified,
d1857d130940da16c5be45fe4780060ef1b786f49c209a0134dd07214c959c4d,2025-02,South Yorkshire Police,South Yorkshire Police,-1.485548,53.380533,On or near Hounsfield Lane,E01007866,Sheffield 030A,Criminal damage and arson,Investigation complete; no suspect identified,
543425077268b3443b7171354b2123dff5b485ee845bb32ee61ced25287b477e,2025-02,South Yorkshire Police,South Yorkshire Police,-1.495812,53.379579,On or near Severn Road,E01007866,Sheffield 030A,Criminal damage and arson,Investigation complete; no suspect identified,
ed11c8fed18987bc0b2084a21be0dd02bc23afadd0de21a4331feb0f184692c5,2025-02,South Yorkshire Police,South Yorkshire Police,-1.493331,53.378355,On or near Hospital,E01007866,Sheffield 030A,Other theft,Investigation complete; no suspect identified,
83b5153c0f8b3cff4e6c76c85e2b5f9e05e8d2823e308ef7da633427480e1356,2025-02,South Yorkshire Police,South Yorkshire Police,-1.501587,53.383252,On or near Glebe Road,E01007866,Sheffield 030A,Public order,Investigation complete; no suspect identified,
523d0f30db305da67f5a34a7e3b136d18548452b3c750c1e3d87d446c9c7fe45,2025-02,South Yorkshire Police,South Yorkshire Police,-1.503162,53.383583,On or near School Road,E01007866,Sheffield 030A,Public order,Investigation complete; no suspect identified,
e6040ada458887d529243c0bdeb79381e1ff6d3895d14cf80c0903678e32cdcd,2025-02,South Yorkshire Police,South Yorkshire Police,-1.489165,53.379577,On or near Supermarket,E01007866,Sheffield 030A,Shoplifting,Investigation complete; no suspect identified,
5b1eea8653dd7b932cfd13c48cff0e8ac885b3030e8dc12bf0820d556ef50183,2025-02,South Yorkshire Police,South Yorkshire Police,-1.489165,53.379577,On or near Supermarket,E01007866,Sheffield 030A,Shoplifting,Investigation complete; no suspect identified,
502381537b5dafc0348862a642b0ee933905f173f60e6dd9cc48fd43e1c467f4,2025-02,South Yorkshire Police,South Yorkshire Police,-1.489165,53.379577,On or near Supermarket,E01007866,Sheffield 030A,Shoplifting,Awaiting court outcome,
f56ec01d16b7831c18c45b99523d7a3b410a4650283d2b821dabd86723ff4fd0,2025-02,South Yorkshire Police,South Yorkshire Police,-1.489165,53.379577,On or near Supermarket,E01007866,Sheffield 030A,Shoplifting,Investigation complete; no suspect identified,
07031325c041b727b16726a9e4fd41d0d55ae3e0d9e23ca20f4f3102ded4f310,2025-02,South Yorkshire Police,South Yorkshire Police,-1.489165,53.379577,On or near Supermarket,E01007866,Sheffield 030A,Shoplifting,Investigation complete; no suspect identified,
06a0e879d64bad168b976021baa8d7b870baed664dd2391680844a2203bb8f26,2025-02,South Yorkshire Police,South Yorkshire Police,-1.489165,53.379577,On or near Supermarket,E01007866,Sheffield 030A,Shoplifting,Investigation complete; no suspect identified,
5aaf2f976df9400fdc55c65d953087ce693f0a4fca1fd05708eed61baa0e5ade,2025-02,South Yorkshire Police,South Yorkshire Police,-1.489165,53.379577,On or near Supermarket,E01007866,Sheffield 030A,Shoplifting,Investigation complete; no suspect identified,
3bf33e0d4ce8a2fe8c66b933a35e075ca22108c07204700c5ee8aa3b6b0205d4,2025-02,South Yorkshire Police,South Yorkshire Police,-1.489165,53.379577,On or near Supermarket,E01007866,Sheffield 030A,Shoplifting,Awaiting court outcome,
65686748d9b284e7912804970c9c98770bae2546cc7baf5e64df65b998748031,2025-02,South Yorkshire Police,South Yorkshire Police,-1.495812,53.379579,On or near Severn Road,E01007866,Sheffield 030A,Vehicle crime,Investigation complete; no suspect identified,
94177571a7d523695fe55b434c1ff4242d70fb1c0327b8ea4ebd544c350612fc,2025-02,South Yorkshire Police,South Yorkshire Police,-1.489165,53.379577,On or near Supermarket,E01007866,Sheffield 030A,Vehicle crime,Unable to prosecute suspect,
713637b161ea4be504257ce32ad3b741afd25d8f3d2c8096f41d33642bbb5d3d,2025-02,South Yorkshire Police,South Yorkshire Police,-1.490339,53.380967,On or near Western Bank,E01007866,Sheffield 030A,Vehicle crime,Investigation complete; no suspect identified,
9ce138d150ca2986cf563dc8c7bad67a9489d1c21d236d2539a831ab32f64274,2025-02,South Yorkshire Police,South Yorkshire Police,-1.499051,53.380249,On or near Elmore Road,E01007866,Sheffield 030A,Violence and sexual offences,Awaiting court outcome,
b3926440c1255132ec777f6db81424c1c2cd6cb0d39fdfb2ca7ca826223134dc,2025-02,South Yorkshire Police,South Yorkshire Police,-1.490339,53.380967,On or near Western Bank,E01007866,Sheffield 030A,Violence and sexual offences,Status update unavailable,
6fd3891aba5945db19569a1c9520bce3ee77a89852c5448be5003e0a9b638a4a,2025-02,South Yorkshire Police,South Yorkshire Police,-1.503162,53.383583,On or near School Road,E01007866,Sheffield 030A,Violence and sexual offences,Unable to prosecute suspect,
ff64539459aa06734db4ba7c59b3e9427386419d63ecc93b232f0cff9441465e,2025-02,South Yorkshire Police,South Yorkshire Police,-1.497860,53.380576,On or near Marlborough Road,E01007866,Sheffield 030A,Violence and sexual offences,Unable to prosecute suspect,
d7ce75bfada69b924b73bd303d7a8b7a0d274997c773e3226b29526eeae9ea24,2025-02,South Yorkshire Police,South Yorkshire Police,-1.498082,53.382141,On or near Maxfield Avenue,E01007866,Sheffield 030A,Violence and sexual offences,Unable to prosecute suspect,
51eec63310dc5f720c4ebbff6c85b74f1017d2a36e3ebbf5ec1ec478dd34989a,2025-02,South Yorkshire Police,South Yorkshire Police,-1.493331,53.378355,On or near Hospital,E01007866,Sheffield 030A,Violence and sexual offences,Unable to prosecute suspect,
c9936a39954e9c36e984208338d7b64548b7cd5f32d67a9717a24ab022ff7ca3,2025-02,South Yorkshire Police,South Yorkshire Police,-1.500117,53.380361,On or near Highnam Crescent Road,E01007866,Sheffield 030A,Violence and sexual offences,Unable to prosecute suspect,
f29194bda07d339c4b6e630dc8f51392cce07fd671c0821b94f6375dfe2971cf,2025-02,South Yorkshire Police,South Yorkshire Police,-1.490339,53.380967,On or near Western Bank,E01007866,Sheffield 030A,Violence and sexual offences,Investigation complete; no suspect identified,
03418fd57c21fb87fc4252570fbf9945f582e563ba19aadf1828b0ef25e07a44,2025-02,South Yorkshire Police,South Yorkshire Police,-1.483832,53.379528,On or near Parking Area,E01007866,Sheffield 030A,Violence and sexual offences,Unable to prosecute suspect,
,2025-02,South Yorkshire Police,South Yorkshire Police,-1.499872,53.376953,On or near Chandos Street,E01007867,Sheffield 030B,Anti-social behaviour,,
4a2bdb33e061907045c79e47215d4ad73e854fbaf484befde0d0ef31e17c75fa,2025-02,South Yorkshire Police,South Yorkshire Police,-1.497348,53.379387,On or near Whitham Road,E01007867,Sheffield 030B,Criminal damage and arson,Unable to prosecute suspect,
706840fcf036e34adfd0ca1702499aef57a5ccdee8f71feb9ba0d76140972220,2025-02,South Yorkshire Police,South Yorkshire Police,-1.501885,53.377385,On or near Supermarket,E01007867,Sheffield 030B,Criminal damage and arson,Unable to prosecute suspect,
9df541707a87d2f276e9c84dfbfef4c1d7066abf4c5acc702a5e7ee18ff6aa67,2025-02,South Yorkshire Police,South Yorkshire Police,-1.499521,53.377338,On or near Nile Street,E01007867,Sheffield 030B,Other theft,Awaiting court outcome,
86a38c6aa2f1931fe459f053125a19a702570a02f1c72d28db8aff266cadfecb,2025-02,South Yorkshire Police,South Yorkshire Police,-1.503093,53.380400,On or near Hawthorne Mews,E01007867,Sheffield 030B,Other theft,Investigation complete; no suspect identified,
8daec07766690c80fad9a9480e1c33f0ea0a8dbaab11e9be16d9334aa621eb52,2025-02,South Yorkshire Police,South Yorkshire Police,-1.502822,53.376570,On or near Ashgate Lane,E01007867,Sheffield 030B,Public order,Investigation complete; no suspect identified,
0dccad253e740ad4aa1e13069612b9dbdeb36ce8c722f77240bf84a9588c78de,2025-02,South Yorkshire Police,South Yorkshire Police,-1.498723,53.378782,On or near Parking Area,E01007867,Sheffield 030B,Public order,Investigation complete; no suspect identified,
44febd7c8f888b655ba633090c88e15fd82c6600ba30b521ddc26174aca42be5,2025-02,South Yorkshire Police,South Yorkshire Police,-1.503716,53.381140,On or near Weston View,E01007867,Sheffield 030B,Public order,Unable to prosecute suspect,
c72a3bd66773040db86bf5ff0c3f6ece5e911b15d4fa9643e976fc42c642efb6,2025-02,South Yorkshire Police,South Yorkshire Police,-1.500112,53.378231,On or near Turners Lane,E01007867,Sheffield 030B,Shoplifting,Awaiting court outcome,
8ba843dd14f190f6cd8c9ffd87745103062408917ef2af2fbea0c44eb2c35a80,2025-02,South Yorkshire Police,South Yorkshire Police,-1.500304,53.377216,On or near Peel Street,E01007867,Sheffield 030B,Theft from the person,Investigation complete; no suspect identified,
245e7eb5b5a14f4819ed9eb285a78550a8b40177b412f910feac0338000c2e08,2025-02,South Yorkshire Police,South Yorkshire Police,-1.504645,53.374951,On or near Caxton Road,E01007867,Sheffield 030B,Vehicle crime,Investigation complete; no suspect identified,
aafbe0cfc63109b870e99b695380b5d3306d93c7e484cdfb0767f2b2ff685b39,2025-02,South Yorkshire Police,South Yorkshire Police,-1.498723,53.378782,On or near Parking Area,E01007867,Sheffield 030B,Violence and sexual offences,Investigation complete; no suspect identified,
8c80d3bbce90421a9d7ff78427f5ea5bf42149eea428e7a6fbfa1c3f6f1748bb,2025-02,South Yorkshire Police,South Yorkshire Police,-1.497348,53.379387,On or near Whitham Road,E01007867,Sheffield 030B,Violence and sexual offences,Unable to prosecute suspect,
1b4566555587c488849bd9f2535df61fec790a8293765c5ebb8b5408ec2d016b,2025-02,South Yorkshire Police,South Yorkshire Police,-1.500112,53.378231,On or near Turners Lane,E01007867,Sheffield 030B,Violence and sexual offences,Unable to prosecute suspect,
0ca0bc1fe6751b5268e00568f7e8366e2b3be0b6674097ff868e94dbbc265706,2025-02,South Yorkshire Police,South Yorkshire Police,-1.502822,53.376570,On or near Ashgate Lane,E01007867,Sheffield 030B,Violence and sexual offences,Unable to prosecute suspect,
cd4f613aa00bbf0e26566edecf615cf5e503271c2e204a16c652fda924ac25bf,2025-02,South Yorkshire Police,South Yorkshire Police,-1.500304,53.377216,On or near Peel Street,E01007867,Sheffield 030B,Violence and sexual offences,Investigation complete; no suspect identified,
a2795779946f3c7753cc05502c2936a741b5ae8018973281073b27a2f8bb85e0,2025-02,South Yorkshire Police,South Yorkshire Police,-1.500304,53.377216,On or near Peel Street,E01007867,Sheffield 030B,Violence and sexual offences,Awaiting court outcome,
2b7697d43901c50661e4ee4d3b7d22c443ae0aea2c08cab05dff81617b11b70c,2025-02,South Yorkshire Police,South Yorkshire Police,-1.501885,53.377385,On or near Supermarket,E01007867,Sheffield 030B,Violence and sexual offences,Unable to prosecute suspect,
57428b8c912202e324ef2f3745d25580c9ca9dd9ff7532f03ccd3b45a3adaade,2025-02,South Yorkshire Police,South Yorkshire Police,-1.500304,53.377216,On or near Peel Street,E01007867,Sheffield 030B,Violence and sexual offences,Investigation complete; no suspect identified,
3f320cc3bdbf0d10b14d97f756f80dcb593beaf3afc647eb8458fdc9c7dc8fe5,2025-02,South Yorkshire Police,South Yorkshire Police,-1.500304,53.377216,On or near Peel Street,E01007867,Sheffield 030B,Violence and sexual offences,Local resolution,
5bf74c5dfeb29f21b9e5f4d3dbb775e1e169d3a83ab7e2a35e8c283299ffe230,2025-02,South Yorkshire Police,South Yorkshire Police,-1.497348,53.379387,On or near Whitham Road,E01007867,Sheffield 030B,Other crime,Unable to prosecute suspect,
e7788738a73e164e72578cd4f4218208a6327cd138a1dd54b093c4284e87704d,2025-02,South Yorkshire Police,South Yorkshire Police,-1.506531,53.378203,On or near Sale Hill,E01007868,Sheffield 030C,Burglary,Investigation complete; no suspect identified,
51657ab3521bb3b7ad9d566f6c48fac5bff55d3d6e6e9acd7f0995bb79dc4482,2025-02,South Yorkshire Police,South Yorkshire Police,-1.508081,53.378093,On or near Tapton House Road,E01007868,Sheffield 030C,Violence and sexual offences,Unable to prosecute suspect,
e557af0d335027194c74a78471dc1d6b2033a5e0b8cab71483508a49b53421dd,2025-02,South Yorkshire Police,South Yorkshire Police,-1.506531,53.378203,On or near Sale Hill,E01007868,Sheffield 030C,Violence and sexual offences,Investigation complete; no suspect identified,
c22a306e8da30bb024e2eed27e96f2e0c4f1bd4047645c723715a5fcd80f66c1,2025-02,South Yorkshire Police,South Yorkshire Police,-1.495628,53.383731,On or near Harcourt Road,E01008067,Sheffield 030D,Criminal damage and arson,Investigation complete; no suspect identified,
e749d3aaaf874722ec5b24bf78ef307352ec43d8344e0b8dcc3c2cf549073d91,2025-02,South Yorkshire Police,South Yorkshire Police,-1.496359,53.384210,On or near Crookesmoor Road,E01008067,Sheffield 030D,Criminal damage and arson,Investigation complete; no suspect identified,
f7bec781c9617a5d5e05702da4f28cbc20c779319e72f7b4e96190b97799ebc6,2025-02,South Yorkshire Police,South Yorkshire Police,-1.490686,53.383386,On or near Mushroom Lane,E01008067,Sheffield 030D,Drugs,Local resolution,
9cd31765de996b36124997cdd6fd9c6810eab70835e936ca25ae61e2b7b7dbe3,2025-02,South Yorkshire Police,South Yorkshire Police,-1.490686,53.383386,On or near Mushroom Lane,E01008067,Sheffield 030D,Other theft,Investigation complete; no suspect identified,
5d64b5fe2de533018a1e9842d21c78bdeddfffe930cbf073c380f99f1f182984,2025-02,South Yorkshire Police,South Yorkshire Police,-1.491977,53.384785,On or near Crookes Valley Road,E01008067,Sheffield 030D,Other crime,Action to be taken by another organisation,
,2025-02,South Yorkshire Police,South Yorkshire Police,-1.491567,53.390176,On or near Birkendale Road,E01008073,Sheffield 030E,Anti-social behaviour,,
,2025-02,South Yorkshire Police,South Yorkshire Police,-1.493963,53.388434,On or near Alpine Road,E01008073,Sheffield 030E,Anti-social behaviour,,
,2025-02,South Yorkshire Police,South Yorkshire Police,-1.498559,53.388912,On or near Joseph Road,E01008073,Sheffield 030E,Anti-social behaviour,,
,2025-02,South Yorkshire Police,South Yorkshire Police,-1.491567,53.390176,On or near Birkendale Road,E01008073,Sheffield 030E,Anti-social behaviour,,
,2025-02,South Yorkshire Police,South Yorkshire Police,-1.492363,53.387744,On or near Wellfield Close,E01008073,Sheffield 030E,Anti-social behaviour,,
,2025-02,South Yorkshire Police,South Yorkshire Police,-1.491567,53.390176,On or near Birkendale Road,E01008073,Sheffield 030E,Anti-social behaviour,,
c21a940948cdab52ae77710c8677e6d05883459d87004066084c6ed415d47396,2025-02,South Yorkshire Police,South Yorkshire Police,-1.493963,53.388434,On or near Alpine Road,E01008073,Sheffield 030E,Burglary,Awaiting court outcome,
5e68d93525a67d57d7e098206e3cf91de3754bc34341b8e7658af8fa3bcf82e3,2025-02,South Yorkshire Police,South Yorkshire Police,-1.493408,53.390849,On or near Daniel Hill Court,E01008073,Sheffield 030E,Criminal damage and arson,Investigation complete; no suspect identified,
10d4cc2476ef66c7f3c020e117cb237e9b5fec3e4e6f957251a41571cdcd1d63,2025-02,South Yorkshire Police,South Yorkshire Police,-1.493458,53.386706,On or near Burns Road,E01008073,Sheffield 030E,Criminal damage and arson,Investigation complete; no suspect identified,
58a7ff9a010a0ac87d05b65698d5d57c72b43a66709c049bb10305e17ffd0b93,2025-02,South Yorkshire Police,South Yorkshire Police,-1.493408,53.390849,On or near Daniel Hill Court,E01008073,Sheffield 030E,Criminal damage and arson,Investigation complete; no suspect identified,
ebefd6210dc56d0608653731271c441814943a8fb7de98bf1de5c5225c195ebe,2025-02,South Yorkshire Police,South Yorkshire Police,-1.492363,53.387744,On or near Wellfield Close,E01008073,Sheffield 030E,Vehicle crime,Investigation complete; no suspect identified,
53e87e6ae52a7d19172ec895876b2a9a64d44890abcb8fe7c5860d41f63452ba,2025-02,South Yorkshire Police,South Yorkshire Police,-1.491979,53.388389,On or near Wellfield Road,E01008073,Sheffield 030E,Vehicle crime,Investigation complete; no suspect identified,
4e2d2e9872414b28befa7d3be3b3a770457dd6011729b3701185f0a80c222d1a,2025-02,South Yorkshire Police,South Yorkshire Police,-1.491567,53.390176,On or near Birkendale Road,E01008073,Sheffield 030E,Violence and sexual offences,Unable to prosecute suspect,
8a245d9b88b3e8316eb6e9a17bad7664a614306b2bd01279052c487a92c968a7,2025-02,South Yorkshire Police,South Yorkshire Police,-1.490216,53.387465,On or near Albion Street,E01008073,Sheffield 030E,Violence and sexual offences,Investigation complete; no suspect identified,
a21221cd0dadbfb23beac5cb1098f862f8cf74b9e020e449f91726ffcb240b7d,2025-02,South Yorkshire Police,South Yorkshire Police,-1.491567,53.390176,On or near Birkendale Road,E01008073,Sheffield 030E,Violence and sexual offences,Investigation complete; no suspect identified,
6a44ee6ba419ed0bb78e0c9c7d1c0a331ae7989dc9d80ce5fd3f9316ce62f289,2025-02,South Yorkshire Police,South Yorkshire Police,-1.490216,53.387465,On or near Albion Street,E01008073,Sheffield 030E,Violence and sexual offences,Status update unavailable,
edf6d54d835fe627d484941a3814294eadf0aadb0b7616b8c50b4011cd00525a,2025-02,South Yorkshire Police,South Yorkshire Police,-1.493408,53.390849,On or near Daniel Hill Court,E01008073,Sheffield 030E,Violence and sexual offences,Unable to prosecute suspect,
6e653d1da5e911d3482ea7545fb039e7eff7ffd214063dbf925797b6db0ac094,2025-02,South Yorkshire Police,South Yorkshire Police,-1.493734,53.386258,On or near Elliott Road,E01008073,Sheffield 030E,Other crime,Unable to prosecute suspect,
,2025-02,South Yorkshire Police,South Yorkshire Police,-1.405773,53.381223,On or near Handsworth Avenue,E01007907,Sheffield 032A,Anti-social behaviour,,
762838da5e4087cdf95b4f577a71493801d487908c03410265aab8f098de0af6,2025-02,South Yorkshire Police,South Yorkshire Police,-1.404014,53.380127,On or near Handsworth Crescent,E01007907,Sheffield 032A,Burglary,Investigation complete; no suspect identified,
f9a5bd56609a88e8584cdbe6b30ee9e3814e3effdc3f58be3b99425fc3881bd0,2025-02,South Yorkshire Police,South Yorkshire Police,-1.406454,53.384121,On or near Ross Street,E01007907,Sheffield 032A,Burglary,Investigation complete; no suspect identified,
489c053238d41dfa1bc61f9790dec5fe6be537d12584d2db6061333e2a4ea811,2025-02,South Yorkshire Police,South Yorkshire Police,-1.406928,53.385768,On or near Senior Road,E01007907,Sheffield 032A,Burglary,Investigation complete; no suspect identified,
8ab8c664303077670aa4e402182acf72440c7dadedf65c52b20ac3be686f58a4,2025-02,South Yorkshire Police,South Yorkshire Police,-1.404014,53.380127,On or near Handsworth Crescent,E01007907,Sheffield 032A,Other theft,Investigation complete; no suspect identified,
b30d42e98be193d24998911eba973cd13bbbe0a279f7df560ed69d063e6014a7,2025-02,South Yorkshire Police,South Yorkshire Police,-1.406928,53.385768,On or near Senior Road,E01007907,Sheffield 032A,Other theft,Investigation complete; no suspect identified,
9a4dd91a093e620cb442f33fd08260eba541ec1ce69d1c6793d936fb83523d67,2025-02,South Yorkshire Police,South Yorkshire Police,-1.405773,53.381223,On or near Handsworth Avenue,E01007907,Sheffield 032A,Other theft,Investigation complete; no suspect identified,
3a10ef96cdd6ea403fc9ec1a8e761273ce89ccf4af345b46387c633eef0acbbc,2025-02,South Yorkshire Police,South Yorkshire Police,-1.406928,53.385768,On or near Senior Road,E01007907,Sheffield 032A,Public order,Investigation complete; no suspect identified,
45c765d1e2c750365f0385afec911c6beb06e7e397b83de1da7182fba2740da6,2025-02,South Yorkshire Police,South Yorkshire Police,-1.407955,53.385432,On or near Waverley Road,E01007907,Sheffield 032A,Vehicle crime,Investigation complete; no suspect identified,
99890a084238bcf05538abdc7d3067ccf1c91ba3df6060d2e51519fb85e469fa,2025-02,South Yorkshire Police,South Yorkshire Police,-1.406454,53.384121,On or near Ross Street,E01007907,Sheffield 032A,Vehicle crime,Investigation complete; no suspect identified,
16a1e4c00983f61069a5928db512524fc65d74fef5d25274098478008ec551f2,2025-02,South Yorkshire Police,South Yorkshire Police,-1.405773,53.381223,On or near Handsworth Avenue,E01007907,Sheffield 032A,Violence and sexual offences,Unable to prosecute suspect,
23832fa411e81aa661885c8bf03224d2e25ec22493e3759fe268e9a3808c4f7f,2025-02,South Yorkshire Police,South Yorkshire Police,-1.408299,53.385550,On or near Parking Area,E01007907,Sheffield 032A,Violence and sexual offences,Unable to prosecute suspect,
af862a9cb2aa16b796d9488449ec4a05020d00695e6278012f0d98159351db01,2025-02,South Yorkshire Police,South Yorkshire Police,-1.405773,53.381223,On or near Handsworth Avenue,E01007907,Sheffield 032A,Violence and sexual offences,Unable to prosecute suspect,
efe7fcf0db737593d3e7d41f3f93a136def68e001fe31535b66f3b0761bc79f7,2025-02,South Yorkshire Police,South Yorkshire Police,-1.408299,53.385550,On or near Parking Area,E01007907,Sheffield 032A,Violence and sexual offences,Unable to prosecute suspect,
8acfdd4c52156eb958e45c9526af3b0ef0eef06e627ee17811008ce21cde1892,2025-02,South Yorkshire Police,South Yorkshire Police,-1.400815,53.381028,On or near Lound Road,E01007908,Sheffield 032B,Burglary,Investigation complete; no suspect identified,
28883d20981eaf9a21b5dcad6ad70ba7f3ea8975384316e351d7c172e271451a,2025-02,South Yorkshire Police,South Yorkshire Police,-1.400815,53.381028,On or near Lound Road,E01007908,Sheffield 032B,Burglary,Unable to prosecute suspect,
f0305df719e41ef2c6e085ab31fe48680e4defda1addb834e6e2f1481c7885b8,2025-02,South Yorkshire Police,South Yorkshire Police,-1.400815,53.381028,On or near Lound Road,E01007908,Sheffield 032B,Criminal damage and arson,Investigation complete; no suspect identified,
4d03a99ae8cf8434b41025a3ba5e46ce1de04b02811cb8a8461e9380fcf1b520,2025-02,South Yorkshire Police,South Yorkshire Police,-1.400815,53.381028,On or near Lound Road,E01007908,Sheffield 032B,Vehicle crime,Investigation complete; no suspect identified,
940063234c67c33fb127a24e79a84e6372da380c9e526fb30bdccac0d806bb5c,2025-02,South Yorkshire Police,South Yorkshire Police,-1.400815,53.381028,On or near Lound Road,E01007908,Sheffield 032B,Violence and sexual offences,Unable to prosecute suspect,
7c145dd445704bb103e6b0888843e3bcd832272ec45eb9cfc9c76a0f354615ba,2025-02,South Yorkshire Police,South Yorkshire Police,-1.403851,53.381070,On or near Houstead Road,E01007908,Sheffield 032B,Other crime,Unable to prosecute suspect,
,2025-02,South Yorkshire Police,South Yorkshire Police,-1.393522,53.375867,On or near Handsworth Road,E01007909,Sheffield 032C,Anti-social behaviour,,
,2025-02,South Yorkshire Police,South Yorkshire Police,-1.391914,53.382187,On or near Parking Area,E01007909,Sheffield 032C,Anti-social behaviour,,
,2025-02,South Yorkshire Police,South Yorkshire Police,-1.386679,53.371949,On or near Hendon Street,E01007909,Sheffield 032C,Anti-social behaviour,,
4800d79e8bf13f3a2954505c5a13b0f6f86c158edcb85730f45c84982485a949,2025-02,South Yorkshire Police,South Yorkshire Police,-1.393964,53.377541,On or near Oakley Road,E01007909,Sheffield 032C,Burglary,Investigation complete; no suspect identified,
5305cc70d5ec077ed4955ad0632d4849d31d2ee90a7e0531ee3060b7891a2f32,2025-02,South Yorkshire Police,South Yorkshire Police,-1.390761,53.374460,On or near Hall Court,E01007909,Sheffield 032C,Burglary,Investigation complete; no suspect identified,
cf5146065f3870bde976dbec24fc4825249e40ce6a0fa712c704db15515e7b36,2025-02,South Yorkshire Police,South Yorkshire Police,-1.384315,53.372198,On or near Medlock Road,E01007909,Sheffield 032C,Burglary,Investigation complete; no suspect identified,
9fcb69aabc9e29575c5a4f1b1fbb5d892d2b9eaced9513fc9750d7e927a173cc,2025-02,South Yorkshire Police,South Yorkshire Police,-1.386679,53.371949,On or near Hendon Street,E01007909,Sheffield 032C,Criminal damage and arson,Unable to prosecute suspect,
1a511a77d42d8a2f9020bf10d264e3df6af3dd8919d4446f4faf56aee507caf1,2025-02,South Yorkshire Police,South Yorkshire Police,-1.389269,53.375756,On or near Finchwell Crescent,E01007909,Sheffield 032C,Criminal damage and arson,Investigation complete; no suspect identified,
b59c19e086639ba5bae1ceca92bf43a59b25f482491d5a4de0f01c22e89b02c6,2025-02,South Yorkshire Police,South Yorkshire Police,-1.394194,53.380374,On or near Larch Hill,E01007909,Sheffield 032C,Criminal damage and arson,Investigation complete; no suspect identified,
b0b3d217cd3b61085841045ee066bb4ec295e7b547eb1d1c44f113880aac49dc,2025-02,South Yorkshire Police,South Yorkshire Police,-1.386679,53.371949,On or near Hendon Street,E01007909,Sheffield 032C,Criminal damage and arson,Investigation complete; no suspect identified,
73c0bd4db8870fc065cabb8f379d071a926aff914540f20dac643e2788c545c3,2025-02,South Yorkshire Police,South Yorkshire Police,-1.388765,53.374234,On or near Enfield Place,E01007909,Sheffield 032C,Other theft,Unable to prosecute suspect,
404de20d3f214dd56b905c2611c8b9d37937103385fabadfc0029e53cb66e396,2025-02,South Yorkshire Police,South Yorkshire Police,-1.393522,53.375867,On or near Handsworth Road,E01007909,Sheffield 032C,Public order,Unable to prosecute suspect,
c9913422fd88d42e609ecd9c6237cb1509e6bb762ba6fa615afc88c2347e3060,2025-02,South Yorkshire Police,South Yorkshire Police,-1.384315,53.372198,On or near Medlock Road,E01007909,Sheffield 032C,Public order,Unable to prosecute suspect,
8a88fe489fb7e944fa74f36d610a3c22b6755c06dc14931a3441b57770c17c40,2025-02,South Yorkshire Police,South Yorkshire Police,-1.390497,53.378234,On or near Middlepeak Way,E01007909,Sheffield 032C,Vehicle crime,Investigation complete; no suspect identified,
b161f51406b436e98e46af2f3aafc67ee38865a886d75c34d28d940bb9b10e5d,2025-02,South Yorkshire Police,South Yorkshire Police,-1.392673,53.377391,On or near Halesworth Road,E01007909,Sheffield 032C,Vehicle crime,Investigation complete; no suspect identified,
45ce8b42967208c0b0fd186b071aebd8f1cbb684321da63af642987befa916d2,2025-02,South Yorkshire Police,South Yorkshire Police,-1.386679,53.371949,On or near Hendon Street,E01007909,Sheffield 032C,Vehicle crime,Investigation complete; no suspect identified,
c1fb6ef336f49d3acdab8d715e468435f9782e7fcf5ef653d114940abb05a082,2025-02,South Yorkshire Police,South Yorkshire Police,-1.389269,53.375756,On or near Finchwell Crescent,E01007909,Sheffield 032C,Vehicle crime,Investigation complete; no suspect identified,
68a7c7cec3d395b06e8876f8a000734beab576924f1d57ded744c25464408f27,2025-02,South Yorkshire Police,South Yorkshire Police,-1.391092,53.378677,On or near Shining Bank,E01007909,Sheffield 032C,Vehicle crime,Investigation complete; no suspect identified,
57d42311e64d4cca93de6a925bc1fb61278a10135b6a5410a77d2168aba908ed,2025-02,South Yorkshire Police,South Yorkshire Police,-1.384315,53.372198,On or near Medlock Road,E01007909,Sheffield 032C,Vehicle crime,Investigation complete; no suspect identified,
5758a6ec42f859e63ff340d651fc38dfffb92bffe4490cfc07928e434e1142ca,2025-02,South Yorkshire Police,South Yorkshire Police,-1.383762,53.373049,On or near Medlock Close,E01007909,Sheffield 032C,Vehicle crime,Investigation complete; no suspect identified,
d0ac5447b369d4b05fa13f3292056628389cb3e3fb58d0ef2e32da79650bb743,2025-02,South Yorkshire Police,South Yorkshire Police,-1.384315,53.372198,On or near Medlock Road,E01007909,Sheffield 032C,Vehicle crime,Investigation complete; no suspect identified,
d41e1e69a9a47345561b00ccce392eaa9bd2cc81db756d5a4c4a12d36a07b34f,2025-02,South Yorkshire Police,South Yorkshire Police,-1.383951,53.374107,On or near Sports/Recreation Area,E01007909,Sheffield 032C,Vehicle crime,Investigation complete; no suspect identified,
9f0cd4ec2114e93611212d247cde2e21a738b621b5fb14e2a34b900d46a731ad,2025-02,South Yorkshire Police,South Yorkshire Police,-1.391092,53.378677,On or near Shining Bank,E01007909,Sheffield 032C,Vehicle crime,Investigation complete; no suspect identified,
9059e2f8a343063fee5ed868a57383ceff522eff98779b04a81822033d84bba7,2025-02,South Yorkshire Police,South Yorkshire Police,-1.392673,53.377391,On or near Halesworth Road,E01007909,Sheffield 032C,Vehicle crime,Investigation complete; no suspect identified,
23db45fc815a2f3db0220295338405d9ca9f5e4b40726585b8ca3f04c5eb8784,2025-02,South Yorkshire Police,South Yorkshire Police,-1.388002,53.372936,On or near Fitzalan Road,E01007909,Sheffield 032C,Violence and sexual offences,Unable to prosecute suspect,
706911080de9589186f83f5f272a17de63f254982454d8d4edf9a4cbb78c76b7,2025-02,South Yorkshire Police,South Yorkshire Police,-1.388765,53.374234,On or near Enfield Place,E01007909,Sheffield 032C,Violence and sexual offences,Unable to prosecute suspect,
50a37ef45bf9fbe3a93ae7b0a2fd95dc1c8fd0dcf58fbdbc5dd690016f5b9e5a,2025-02,South Yorkshire Police,South Yorkshire Police,-1.388002,53.372936,On or near Fitzalan Road,E01007909,Sheffield 032C,Violence and sexual offences,Unable to prosecute suspect,
94459e027e3fae740f29c8e13c6bbfc4fec4d6f8329693e5a94814a466084dcb,2025-02,South Yorkshire Police,South Yorkshire Police,-1.393522,53.375867,On or near Handsworth Road,E01007909,Sheffield 032C,Violence and sexual offences,Local resolution,
3375290026e1c238e5ad51c61e3aeeb30f4a15433ac748141eea805435238840,2025-02,South Yorkshire Police,South Yorkshire Police,-1.386679,53.371949,On or near Hendon Street,E01007909,Sheffield 032C,Violence and sexual offences,Unable to prosecute suspect,
93c08a1ccc10c1cdf9aeacde0d5c0ae7982bbd232d73f0a024be9efef14e154e,2025-02,South Yorkshire Police,South Yorkshire Police,-1.384315,53.372198,On or near Medlock Road,E01007909,Sheffield 032C,Violence and sexual offences,Unable to prosecute suspect,
d08d809f5b3c3e5eff180769efbdda6a55efae095d404c07a04fce307488a199,2025-02,South Yorkshire Police,South Yorkshire Police,-1.386679,53.371949,On or near Hendon Street,E01007909,Sheffield 032C,Violence and sexual offences,Investigation complete; no suspect identified,
d86b576e35265c85c31680f39600ea175cfd758c2d9696bc2e5747a4a684554a,2025-02,South Yorkshire Police,South Yorkshire Police,-1.391914,53.382187,On or near Parking Area,E01007909,Sheffield 032C,Violence and sexual offences,Unable to prosecute suspect,
faa7d5ab2650fe8a2a76231538b5c2b54f2a3f73ad93132c7f19f91dda4467ad,2025-02,South Yorkshire Police,South Yorkshire Police,-1.393522,53.375867,On or near Handsworth Road,E01007909,Sheffield 032C,Violence and sexual offences,Unable to prosecute suspect,
b92c63339d3a7620937509f38cd2c0d6d98de1ac1f958d092b3de8e570a609e5,2025-02,South Yorkshire Police,South Yorkshire Police,-1.390761,53.374460,On or near Hall Court,E01007909,Sheffield 032C,Other crime,Investigation complete; no suspect identified,
,2025-02,South Yorkshire Police,South Yorkshire Police,-1.379587,53.372775,On or near B6200,E01007911,Sheffield 032D,Anti-social behaviour,,
20cc299a1f293d2dce404d30df42e4bb7aced4d5a784fbe4a7146104617e0d86,2025-02,South Yorkshire Police,South Yorkshire Police,-1.375194,53.373058,On or near Kirkdale Drive,E01007911,Sheffield 032D,Drugs,Local resolution,
ec2eeb4bfb85dcf3e53cb4745d51830dbe427d3fbd5e6b519ee442fe0df862fc,2025-02,South Yorkshire Police,South Yorkshire Police,-1.379587,53.372775,On or near B6200,E01007911,Sheffield 032D,Possession of weapons,Unable to prosecute suspect,
041fb3e5ec52a56d3a34af3c7bda631a15a576243a15f63460131ea017462c27,2025-02,South Yorkshire Police,South Yorkshire Police,-1.371255,53.372157,On or near Orgreave Road,E01007911,Sheffield 032D,Shoplifting,Investigation complete; no suspect identified,
96d016b7ec62ac5ca8cd1c3921a0014f2d003b1316178188ea8cb355dadbf3d1,2025-02,South Yorkshire Police,South Yorkshire Police,-1.365305,53.367954,On or near Orgreave Way,E01007911,Sheffield 032D,Vehicle crime,Investigation complete; no suspect identified,
438ac74b3fab97cdd27ff199ea7c07182e01abaac0b1aa1055323be98769c3e0,2025-02,South Yorkshire Police,South Yorkshire Police,-1.379587,53.372775,On or near B6200,E01007911,Sheffield 032D,Violence and sexual offences,Unable to prosecute suspect,
c7050a0a7965853774d84a96249d1755a606ebfcb985dfa2b27d6dda866108d1,2025-02,South Yorkshire Police,South Yorkshire Police,-1.375194,53.373058,On or near Kirkdale Drive,E01007911,Sheffield 032D,Violence and sexual offences,Unable to prosecute suspect,
2f7c8c34284544d773ab54ec6b7cbb6e6f9db9b6ff7c75ffe2a49c2d3748f694,2025-02,South Yorkshire Police,South Yorkshire Police,-1.381047,53.374770,On or near Medlock Croft,E01007911,Sheffield 032D,Other crime,Unable to prosecute suspect,
,2025-02,South Yorkshire Police,South Yorkshire Police,-1.414185,53.379942,On or near Sports/Recreation Area,E01008014,Sheffield 032E,Anti-social behaviour,,
,2025-02,South Yorkshire Police,South Yorkshire Police,-1.414185,53.379942,On or near Sports/Recreation Area,E01008014,Sheffield 032E,Anti-social behaviour,,
,2025-02,South Yorkshire Police,South Yorkshire Police,-1.419726,53.383287,On or near Petrol Station,E01008014,Sheffield 032E,Anti-social behaviour,,
67423d524300c8b3b3bf65fccb8000eee8691194c4c693102a22983f5d1cb78a,2025-02,South Yorkshire Police,South Yorkshire Police,-1.415406,53.382601,On or near Colister Gardens,E01008014,Sheffield 032E,Burglary,Investigation complete; no suspect identified,
aa348005b979d3e001ff0d13518117e4a3c90a54ee20616fd89df38f386ab456,2025-02,South Yorkshire Police,South Yorkshire Police,-1.415406,53.382601,On or near Colister Gardens,E01008014,Sheffield 032E,Burglary,Investigation complete; no suspect identified,
6bae6703bb3e698b6abb31ae8fccd4d630d4ffa495a71cb28dbe8de25902fe94,2025-02,South Yorkshire Police,South Yorkshire Police,-1.410352,53.376230,On or near Bowden Wood Drive,E01008014,Sheffield 032E,Burglary,Investigation complete; no suspect identified,
810a9d05befc3fc73a2739ea6ac2f1e88f18b91c7bb1f55979768fc4117e4651,2025-02,South Yorkshire Police,South Yorkshire Police,-1.410352,53.376230,On or near Bowden Wood Drive,E01008014,Sheffield 032E,Burglary,Awaiting court outcome,
18ded0b567a121c718bac16ffc0d48ae5884c2e542f4f35941a9c9a9990b137d,2025-02,South Yorkshire Police,South Yorkshire Police,-1.412788,53.382759,On or near Pearce Walk,E01008014,Sheffield 032E,Criminal damage and arson,Investigation complete; no suspect identified,
2c2239734755739b1821f13cd2931338587a331f9fa61a6afc99d46f029261d5,2025-02,South Yorkshire Police,South Yorkshire Police,-1.410823,53.375891,On or near Bowden Wood Place,E01008014,Sheffield 032E,Public order,Investigation complete; no suspect identified,
cc5f6d202766fb9477cb354575d1213cc6503b04f09a7d78a234592ef03d8e22,2025-02,South Yorkshire Police,South Yorkshire Police,-1.419726,53.383287,On or near Petrol Station,E01008014,Sheffield 032E,Shoplifting,Unable to prosecute suspect,
595d7ebef3899886802eca028a1d1823993c9bd199b1131fb71abc1c146d2150,2025-02,South Yorkshire Police,South Yorkshire Police,-1.419726,53.383287,On or near Petrol Station,E01008014,Sheffield 032E,Shoplifting,Local resolution,
02a4ad805db8c9fd4e45873f3b486c5c5f4002c58a18b47ec3cb7ac301222fa4,2025-02,South Yorkshire Police,South Yorkshire Police,-1.419726,53.383287,On or near Petrol Station,E01008014,Sheffield 032E,Shoplifting,Unable to prosecute suspect,
2df967173575bfb7e173ea0f173dd8960b360c3bda2adc30070de1e5604a049e,2025-02,South Yorkshire Police,South Yorkshire Police,-1.419726,53.383287,On or near Petrol Station,E01008014,Sheffield 032E,Shoplifting,Local resolution,
d5bffbbd56f51177d7abe41a716b0a4462a3aacd261ba56433587996e00239d5,2025-02,South Yorkshire Police,South Yorkshire Police,-1.413170,53.383345,On or near Poole Road,E01008014,Sheffield 032E,Vehicle crime,Unable to prosecute suspect,
3a50808a85d3a6cb6190a39894e93e32cea0438d5f3096179bb0b5bb4b91e26a,2025-02,South Yorkshire Police,South Yorkshire Police,-1.413170,53.383345,On or near Poole Road,E01008014,Sheffield 032E,Violence and sexual offences,Unable to prosecute suspect,
be3ec551e0c5f6a7ea393e6e70e8dee4188265a2831ccb5351e3bbc706bd01bf,2025-02,South Yorkshire Police,South Yorkshire Police,-1.412119,53.382189,On or near Halsall Road,E01008014,Sheffield 032E,Violence and sexual offences,Unable to prosecute suspect,
acfbf0d5f21d8981cd875bdc4a21bce483cbb15574834e6d2bcdb45a54b68c11,2025-02,South Yorkshire Police,South Yorkshire Police,-1.413298,53.380622,On or near Halsall Avenue,E01008014,Sheffield 032E,Violence and sexual offences,Awaiting court outcome,
46375a2e24776b49b372dfcc66913763b579fc817b83be884ed525159507f04e,2025-02,South Yorkshire Police,South Yorkshire Police,-1.412788,53.382759,On or near Pearce Walk,E01008014,Sheffield 032E,Violence and sexual offences,Unable to prosecute suspect,
99b5278824395b14c2de095aeb036134db064b5bfce28d24fd1ec8cc8227d744,2025-02,South Yorkshire Police,South Yorkshire Police,-1.414376,53.383108,On or near Colister Drive,E01008014,Sheffield 032E,Violence and sexual offences,Unable to prosecute suspect,
a1ed23fddc5921580b7dc09d120fed855c2b0f2aed395ba2f0c0f294ae1c5854,2025-02,South Yorkshire Police,South Yorkshire Police,-1.413298,53.380622,On or near Halsall Avenue,E01008014,Sheffield 032E,Other crime,Unable to prosecute suspect,
,2025-02,South Yorkshire Police,South Yorkshire Police,-1.414479,53.377788,On or near Littledale Road,E01008016,Sheffield 032F,Anti-social behaviour,,
,2025-02,South Yorkshire Police,South Yorkshire Police,-1.417221,53.379536,On or near Mather Road,E01008016,Sheffield 032F,Anti-social behaviour,,
,2025-02,South Yorkshire Police,South Yorkshire Police,-1.422848,53.380354,On or near Greenwood Way,E01008016,Sheffield 032F,Anti-social behaviour,,
,2025-02,South Yorkshire Police,South Yorkshire Police,-1.417221,53.379536,On or near Mather Road,E01008016,Sheffield 032F,Anti-social behaviour,,
,2025-02,South Yorkshire Police,South Yorkshire Police,-1.419469,53.380086,On or near Mather Drive,E01008016,Sheffield 032F,Anti-social behaviour,,
,2025-02,South Yorkshire Police,South Yorkshire Police,-1.417221,53.379536,On or near Mather Road,E01008016,Sheffield 032F,Anti-social behaviour,,
,2025-02,South Yorkshire Police,South Yorkshire Police,-1.414479,53.377788,On or near Littledale Road,E01008016,Sheffield 032F,Anti-social behaviour,,
,2025-02,South Yorkshire Police,South Yorkshire Police,-1.417098,53.378690,On or near Goore Drive,E01008016,Sheffield 032F,Anti-social behaviour,,
,2025-02,South Yorkshire Police,South Yorkshire Police,-1.414479,53.377788,On or near Littledale Road,E01008016,Sheffield 032F,Anti-social behaviour,,
59a6e1f5074dc62519230c6e6832afb772b4e80b79348b64d5977574a4e48c07,2025-02,South Yorkshire Police,South Yorkshire Police,-1.417221,53.379536,On or near Mather Road,E01008016,Sheffield 032F,Criminal damage and arson,Local resolution,
73ce9972b98dfacecdef37886539a8759a1ae44c2b93af0d330271d1abd6fe36,2025-02,South Yorkshire Police,South Yorkshire Police,-1.415922,53.377795,On or near Goore Road,E01008016,Sheffield 032F,Criminal damage and arson,Investigation complete; no suspect identified,
6512d3dc0e327dc9f33902fc2668e7da1a190b24fa732f1262f1a896f9c13690,2025-02,South Yorkshire Police,South Yorkshire Police,-1.417221,53.379536,On or near Mather Road,E01008016,Sheffield 032F,Criminal damage and arson,Investigation complete; no suspect identified,
19292feaa83dbdb185a1d50b0a0995754f6b7db05224efa6b1190cb7c743b54e,2025-02,South Yorkshire Police,South Yorkshire Police,-1.418071,53.377841,On or near Greenwood Road,E01008016,Sheffield 032F,Drugs,Local resolution,
6c90aa16e971ff9d70284f2522854fe3a99083d750b642c66bbbfa5aea343e2d,2025-02,South Yorkshire Police,South Yorkshire Police,-1.414479,53.377788,On or near Littledale Road,E01008016,Sheffield 032F,Public order,Investigation complete; no suspect identified,
3133b5a833656ae2f732e6bacacb2fac69b143bc25457bb49448f0901079f40b,2025-02,South Yorkshire Police,South Yorkshire Police,-1.414479,53.377788,On or near Littledale Road,E01008016,Sheffield 032F,Public order,Local resolution,
3d0acd99bee2bc23d5b07636ac20f90dfc13d6596be62bdc457ec00bd61f0a1e,2025-02,South Yorkshire Police,South Yorkshire Police,-1.423779,53.379280,On or near Greenwood Crescent,E01008016,Sheffield 032F,Vehicle crime,Investigation complete; no suspect identified,
6fc8f0056f5369d176bfc8fb1004dff5764ce97327d003598df95846f7a49b8e,2025-02,South Yorkshire Police,South Yorkshire Police,-1.416710,53.378428,On or near Goore Avenue,E01008016,Sheffield 032F,Vehicle crime,Awaiting court outcome,
b9da5ca30b85fbbedca17ec781e8a862e831eca4898bd61076d918163f1aab07,2025-02,South Yorkshire Police,South Yorkshire Police,-1.420885,53.378754,On or near Greenwood Close,E01008016,Sheffield 032F,Vehicle crime,Investigation complete; no suspect identified,
d829f3c93e3bcacd3648fd348c3d77f7f2f0a80365cd5cdbc1f8fb1f196840a6,2025-02,South Yorkshire Police,South Yorkshire Police,-1.417098,53.378690,On or near Goore Drive,E01008016,Sheffield 032F,Violence and sexual offences,Investigation complete; no suspect identified,
7bd99d5ca998992ea50b5dd323b07197fd5872254fc68bda62fbfad779ea4af3,2025-02,South Yorkshire Police,South Yorkshire Police,-1.421538,53.379377,On or near Greenwood Avenue,E01008016,Sheffield 032F,Violence and sexual offences,Unable to prosecute suspect,
f11302f919455067789fe6c58d0243041abcd476aa61f66d82db76f648e11abc,2025-02,South Yorkshire Police,South Yorkshire Police,-1.537610,53.378957,On or near Moorbank Close,E01007952,Sheffield 033A,Criminal damage and arson,Investigation complete; no suspect identified,
f7085a3fe9ab02dc3c71e7c8a29b2547965b5816a3bf5f3e9a5f0e2d6fdef266,2025-02,South Yorkshire Police,South Yorkshire Police,-1.531996,53.379600,On or near Moorbank Drive,E01007952,Sheffield 033A,Drugs,Local resolution,
b2e3837117707662a3665dac1fd823b031103ab5747068aa1666ca02b3ab41c0,2025-02,South Yorkshire Police,South Yorkshire Police,-1.527918,53.381319,On or near Den Bank Crescent,E01007952,Sheffield 033A,Other theft,Unable to prosecute suspect,
83847f16e8f7798d9c04a7fdc97b7a0c40ff3da3ab77109b9759bc1ae249328e,2025-02,South Yorkshire Police,South Yorkshire Police,-1.527830,53.379755,On or near Melfort Glen,E01007952,Sheffield 033A,Violence and sexual offences,Unable to prosecute suspect,
,2025-02,South Yorkshire Police,South Yorkshire Police,-1.553641,53.372528,On or near Westminster Crescent,E01007953,Sheffield 033B,Anti-social behaviour,,
124976b9ed9d1219858f4a841e0f1ec6cf59b7818685fd2e0615f7d4ee243d27,2025-02,South Yorkshire Police,South Yorkshire Police,-1.553641,53.372528,On or near Westminster Crescent,E01007953,Sheffield 033B,Burglary,Unable to prosecute suspect,
8200bae34399e7da4569f4a886e101dcb33ed78b3e145b398b45a1a4a8a7521f,2025-02,South Yorkshire Police,South Yorkshire Police,-1.539633,53.376717,On or near Sandygate Grove,E01007953,Sheffield 033B,Criminal damage and arson,Investigation complete; no suspect identified,
ea021597b041786acca4471fb2145050a285ce9118ff0572f37b8c8d201436c0,2025-02,South Yorkshire Police,South Yorkshire Police,-1.555366,53.371492,On or near Westminster Close,E01007953,Sheffield 033B,Vehicle crime,Investigation complete; no suspect identified,
,2025-02,South Yorkshire Police,South Yorkshire Police,-1.523475,53.376654,On or near Watt Lane,E01007954,Sheffield 033C,Anti-social behaviour,,
e836e19eb0070264e1d81ce544da9b0fb87e33840ae506c4e25cc84621c67e2f,2025-02,South Yorkshire Police,South Yorkshire Police,-1.526221,53.375739,On or near Dransfield Road,E01007954,Sheffield 033C,Vehicle crime,Investigation complete; no suspect identified,
f9ebab955f6885e07259275340d3347b108637d8fd58293ecc9e5dbd0b45cec2,2025-02,South Yorkshire Police,South Yorkshire Police,-1.525731,53.379279,On or near Ringstead Crescent,E01007954,Sheffield 033C,Violence and sexual offences,Unable to prosecute suspect,
,2025-02,South Yorkshire Police,South Yorkshire Police,-1.502670,53.371599,On or near Oakholme Mews,E01007863,Sheffield 036C,Anti-social behaviour,,
b84be68f1622ba78e15135c1bc855292a3a0b1d5b5f027498fd0dc5697ed435c,2025-02,South Yorkshire Police,South Yorkshire Police,-1.498505,53.369163,On or near Wilson Road,E01007863,Sheffield 036C,Burglary,Investigation complete; no suspect identified,
03b01019179d350163b1c573d92b97b260e2a3eaf2356552480906c07d74e8e5,2025-02,South Yorkshire Police,South Yorkshire Police,-1.506483,53.370698,On or near The Glen,E01007863,Sheffield 036C,Criminal damage and arson,Status update unavailable,
6662c56ca16bb944ed09116e8a9ce02da63c3a69646195db10d11a03bb6a5e4d,2025-02,South Yorkshire Police,South Yorkshire Police,-1.506483,53.370698,On or near The Glen,E01007863,Sheffield 036C,Criminal damage and arson,Status update unavailable,
37c23d9e5c037a7dd3c82cd0074b7132fefd7e94964de66e91fee97d1b5a1799,2025-02,South Yorkshire Police,South Yorkshire Police,-1.497716,53.369807,On or near Dover Road,E01007863,Sheffield 036C,Other theft,Investigation complete; no suspect identified,
6f795c301004d4359284acf302d7678b805f6374b02d9fab8ba1e4786cf5b21d,2025-02,South Yorkshire Police,South Yorkshire Police,-1.506483,53.370698,On or near The Glen,E01007863,Sheffield 036C,Vehicle crime,Investigation complete; no suspect identified,
2ca4eed7478e6aa9b86dd553c21187181b0bb0279b849aaee2ef4b3c60efc1d3,2025-02,South Yorkshire Police,South Yorkshire Police,-1.501474,53.371054,On or near Endcliffe Terrace Road,E01007863,Sheffield 036C,Violence and sexual offences,Investigation complete; no suspect identified,
0950cb4fea2f714cab2f4cab3cc2b3203aa3b1f804a2a47b15bb65ed1943271b,2025-02,South Yorkshire Police,South Yorkshire Police,-1.498505,53.369163,On or near Wilson Road,E01007863,Sheffield 036C,Violence and sexual offences,Investigation complete; no suspect identified,
3c8d5efd06be695c2de0ceb64082753c6c56fe0571a5a33c82e1f89cee1cbd16,2025-02,South Yorkshire Police,South Yorkshire Police,-1.497716,53.369807,On or near Dover Road,E01007863,Sheffield 036C,Violence and sexual offences,Unable to prosecute suspect,
7edfa44bc618901178c939b1e111d3b0abeee620f62912305fd48414a916e400,2025-02,South Yorkshire Police,South Yorkshire Police,-1.498505,53.369163,On or near Wilson Road,E01007863,Sheffield 036C,Violence and sexual offences,Unable to prosecute suspect,
b0470895cb43fac63a4aa8d2f8b479be16c77828304540c8196dc285dfdb86fd,2025-02,South Yorkshire Police,South Yorkshire Police,-1.501474,53.371054,On or near Endcliffe Terrace Road,E01007863,Sheffield 036C,Violence and sexual offences,Investigation complete; no suspect identified,
,2025-02,South Yorkshire Police,South Yorkshire Police,-1.495936,53.369089,On or near Ecclesall Road,E01007864,Sheffield 036D,Anti-social behaviour,,
60e40f41fc18cc03261d9485ee8ee588faece3bf2e6f4882a200112ab83b5d07,2025-02,South Yorkshire Police,South Yorkshire Police,-1.495671,53.369897,On or near Walton Road,E01007864,Sheffield 036D,Bicycle theft,Investigation complete; no suspect identified,
5546f660c28c03ec9d6e8feb9dcbd3558cad4e7939c75b193febd0780ce148dc,2025-02,South Yorkshire Police,South Yorkshire Police,-1.493142,53.368997,On or near Snuff Mill Lane,E01007864,Sheffield 036D,Burglary,Awaiting court outcome,
af0f0a3f13bc2b926225f135ee355a82590126c77a0c4b48ae88c9f2b5ceebbd,2025-02,South Yorkshire Police,South Yorkshire Police,-1.493142,53.368997,On or near Snuff Mill Lane,E01007864,Sheffield 036D,Criminal damage and arson,Investigation complete; no suspect identified,
72f33c0f0c694d34f1b6f92aeed9a27d9b490975df9874d40e4f7294353a817c,2025-02,South Yorkshire Police,South Yorkshire Police,-1.493142,53.368997,On or near Snuff Mill Lane,E01007864,Sheffield 036D,Public order,Investigation complete; no suspect identified,
9cef4448ee6a5d6a88f1401be75d628e727ffc9ba07401726df061852f99a32c,2025-02,South Yorkshire Police,South Yorkshire Police,-1.493142,53.368997,On or near Snuff Mill Lane,E01007864,Sheffield 036D,Public order,Investigation complete; no suspect identified,
e18b76d24b312b398650b5dc812541e2fae7e8dd4c5a2813925b6bf7ede3a71b,2025-02,South Yorkshire Police,South Yorkshire Police,-1.493142,53.368997,On or near Snuff Mill Lane,E01007864,Sheffield 036D,Shoplifting,Investigation complete; no suspect identified,
0d13774a9bfe73610d6914c7046ef3f9e17c54c1714dc8df1f4265f03993dd47,2025-02,South Yorkshire Police,South Yorkshire Police,-1.493142,53.368997,On or near Snuff Mill Lane,E01007864,Sheffield 036D,Shoplifting,Investigation complete; no suspect identified,
701b9e6f816a2f7de7f3ff36cfe724dd8b35742061308c110b8e1cb9a136bf99,2025-02,South Yorkshire Police,South Yorkshire Police,-1.493142,53.368997,On or near Snuff Mill Lane,E01007864,Sheffield 036D,Shoplifting,Awaiting court outcome,
e9b340162a017a715a2768f10d5f96e329fef95ebcf79d2f3a1014bd094493db,2025-02,South Yorkshire Police,South Yorkshire Police,-1.493142,53.368997,On or near Snuff Mill Lane,E01007864,Sheffield 036D,Shoplifting,Investigation complete; no suspect identified,
9ec722c338e4c7d19bf2166a68adc01b9c5d36f0eb124b06893833f649fc4eaa,2025-02,South Yorkshire Police,South Yorkshire Police,-1.493142,53.368997,On or near Snuff Mill Lane,E01007864,Sheffield 036D,Shoplifting,Investigation complete; no suspect identified,
496cde999f745a5eaff5f158d3a7365134451fe85c0ebdeb718efae4cf4f08e3,2025-02,South Yorkshire Police,South Yorkshire Police,-1.493142,53.368997,On or near Snuff Mill Lane,E01007864,Sheffield 036D,Shoplifting,Investigation complete; no suspect identified,
b030e2e0555d6531cf8a868d10c648b1f33a2cb0cb5f3e16db6f63f432079689,2025-02,South Yorkshire Police,South Yorkshire Police,-1.493142,53.368997,On or near Snuff Mill Lane,E01007864,Sheffield 036D,Shoplifting,Investigation complete; no suspect identified,
d1228bad34e835f63dfd4090d6a22cb6720a0448b4cfee590856426ce0c85dcb,2025-02,South Yorkshire Police,South Yorkshire Police,-1.493142,53.368997,On or near Snuff Mill Lane,E01007864,Sheffield 036D,Shoplifting,Awaiting court outcome,
0721fb94444beabd1abd8cedc648d164d1f7ec9f41bf6b80c16db71d8b5014cd,2025-02,South Yorkshire Police,South Yorkshire Police,-1.493142,53.368997,On or near Snuff Mill Lane,E01007864,Sheffield 036D,Shoplifting,Investigation complete; no suspect identified,
34bf118003cae1304f19b33110a57eb8179e11562c7b0263f2c16e9123a43a56,2025-02,South Yorkshire Police,South Yorkshire Police,-1.493142,53.368997,On or near Snuff Mill Lane,E01007864,Sheffield 036D,Shoplifting,Awaiting court outcome,
aa5731b8479ce4cb87d051a50c793ed528b57724a06369477f2faf41841a22a4,2025-02,South Yorkshire Police,South Yorkshire Police,-1.493142,53.368997,On or near Snuff Mill Lane,E01007864,Sheffield 036D,Shoplifting,Awaiting court outcome,
c65635c9475c19e601a1329d88da2fd83ba4f94d490121b0a183f23c91aad14e,2025-02,South Yorkshire Police,South Yorkshire Police,-1.493142,53.368997,On or near Snuff Mill Lane,E01007864,Sheffield 036D,Shoplifting,Investigation complete; no suspect identified,
66525ea87bd0cf50717861295a8a90ab237ec599b8e21506b9503a3cbf6e1e62,2025-02,South Yorkshire Police,South Yorkshire Police,-1.493142,53.368997,On or near Snuff Mill Lane,E01007864,Sheffield 036D,Shoplifting,Awaiting court outcome,
2fe8486c3c2e4deb4cb088606be67afcf22f57b6dbb988576fe6ceefbbb78757,2025-02,South Yorkshire Police,South Yorkshire Police,-1.493142,53.368997,On or near Snuff Mill Lane,E01007864,Sheffield 036D,Shoplifting,Investigation complete; no suspect identified,
91c8a84cfa0f5f2a1b6c033229f68ec17f7917938a6dcb0846eedc9bc709dfbd,2025-02,South Yorkshire Police,South Yorkshire Police,-1.493142,53.368997,On or near Snuff Mill Lane,E01007864,Sheffield 036D,Shoplifting,Investigation complete; no suspect identified,
a22e1b25ce0f2b9d21355e037ef3cdec22407831c286700b86b8a4f9ec671206,2025-02,South Yorkshire Police,South Yorkshire Police,-1.493142,53.368997,On or near Snuff Mill Lane,E01007864,Sheffield 036D,Shoplifting,Investigation complete; no suspect identified,
63603d5886fd19c06bef78d627e4a6f00a3779db9ca292d8c6e8cb8cfb66fb37,2025-02,South Yorkshire Police,South Yorkshire Police,-1.493142,53.368997,On or near Snuff Mill Lane,E01007864,Sheffield 036D,Shoplifting,Awaiting court outcome,
f617e2baa6daf925e43663d66e1566b157e89720003f3a7b967f8737df0926cc,2025-02,South Yorkshire Police,South Yorkshire Police,-1.493142,53.368997,On or near Snuff Mill Lane,E01007864,Sheffield 036D,Shoplifting,Investigation complete; no suspect identified,
87f0a2be31a9b7b7f4cb7f6d64792f75725be0a0bddd6642a448571ebad4d6ae,2025-02,South Yorkshire Police,South Yorkshire Police,-1.493142,53.368997,On or near Snuff Mill Lane,E01007864,Sheffield 036D,Shoplifting,Investigation complete; no suspect identified,
20fe5651e916e7f0089f382c2856b764bb6fc2550c99fdc17c28c23db4f2b358,2025-02,South Yorkshire Police,South Yorkshire Police,-1.493142,53.368997,On or near Snuff Mill Lane,E01007864,Sheffield 036D,Shoplifting,Unable to prosecute suspect,
8b3305b73cf6d5612acab0b814dab5f1e5f4eff85295b3090edd712dfa738709,2025-02,South Yorkshire Police,South Yorkshire Police,-1.493142,53.368997,On or near Snuff Mill Lane,E01007864,Sheffield 036D,Shoplifting,Awaiting court outcome,
7277c6cbc2384b0d95748e05a0fd9ec8d5b8c8a2f934c7eb93637b9cd494ab9a,2025-02,South Yorkshire Police,South Yorkshire Police,-1.493142,53.368997,On or near Snuff Mill Lane,E01007864,Sheffield 036D,Shoplifting,Investigation complete; no suspect identified,
1d622e7c0b9ae5b255e4ab3c0b8c3d829b8122d83d3078b5264d684fb523d5bd,2025-02,South Yorkshire Police,South Yorkshire Police,-1.493142,53.368997,On or near Snuff Mill Lane,E01007864,Sheffield 036D,Shoplifting,Awaiting court outcome,
5641a6881a7e06e6e0bdd2980e27df5e1708afd743c5865e9bf21493662b2d1c,2025-02,South Yorkshire Police,South Yorkshire Police,-1.493142,53.368997,On or near Snuff Mill Lane,E01007864,Sheffield 036D,Violence and sexual offences,Investigation complete; no suspect identified,
df4bc9c87f95b2c0bb0fbd8a3f8e054222aa29e2ee1b936f83795dbc036861a8,2025-02,South Yorkshire Police,South Yorkshire Police,-1.487109,53.375713,On or near Mackenzie Crescent,E01008104,Sheffield 036E,Burglary,Investigation complete; no suspect identified,
b575e40efd3808881a6b1414db27f1c7febaa34901f7725833dec324ad269c7e,2025-02,South Yorkshire Police,South Yorkshire Police,-1.493027,53.375128,On or near Sports/Recreation Area,E01008104,Sheffield 036E,Burglary,Investigation complete; no suspect identified,
e0ca1fe3fcdf68182cd52cbc574af8ebb83fcbf52db89ffaec90f5d2bbf14853,2025-02,South Yorkshire Police,South Yorkshire Police,-1.488928,53.376961,On or near Gloucester Street,E01008104,Sheffield 036E,Violence and sexual offences,Unable to prosecute suspect,
,2025-02,South Yorkshire Police,South Yorkshire Police,-1.496187,53.377135,On or near Broomfield Road,E01034843,Sheffield 036F,Anti-social behaviour,,
217fa15e394b562436d6da010b29763588abe335d54304bbe2fbf672d6b09444,2025-02,South Yorkshire Police,South Yorkshire Police,-1.495273,53.374345,On or near Broomgrove Lane,E01034843,Sheffield 036F,Burglary,Investigation complete; no suspect identified,
a84811b7a4c19939dbadd2f93bb2267c3bffa9196d39028738c0898182f76b3e,2025-02,South Yorkshire Police,South Yorkshire Police,-1.493901,53.372092,On or near Eastgrove Road,E01034843,Sheffield 036F,Criminal damage and arson,Investigation complete; no suspect identified,
b2e01530ab0e4f795fe56cf38ddbe3b7eab37fdbdabd9d9c4dd925b134321b0c,2025-02,South Yorkshire Police,South Yorkshire Police,-1.499698,53.373833,On or near Southbourne Road,E01034843,Sheffield 036F,Violence and sexual offences,Unable to prosecute suspect,
1a03f3a787e03a5bf8c8ad9474777eb1cf0486c2add365bf1310291e0b5eb2fc,2025-02,South Yorkshire Police,South Yorkshire Police,-1.493846,53.376757,On or near College Street,E01034843,Sheffield 036F,Violence and sexual offences,Investigation complete; no suspect identified,
,2025-02,South Yorkshire Police,South Yorkshire Police,-1.396619,53.375784,On or near Supermarket,E01007910,Sheffield 037A,Anti-social behaviour,,
,2025-02,South Yorkshire Police,South Yorkshire Police,-1.399285,53.373281,On or near Richmond Park View,E01007910,Sheffield 037A,Anti-social behaviour,,
,2025-02,South Yorkshire Police,South Yorkshire Police,-1.400455,53.374563,On or near Richmond Park Rise,E01007910,Sheffield 037A,Anti-social behaviour,,
,2025-02,South Yorkshire Police,South Yorkshire Police,-1.399329,53.372319,On or near Richmond Park Grove,E01007910,Sheffield 037A,Anti-social behaviour,,
,2025-02,South Yorkshire Police,South Yorkshire Police,-1.400455,53.374563,On or near Richmond Park Rise,E01007910,Sheffield 037A,Anti-social behaviour,,
,2025-02,South Yorkshire Police,South Yorkshire Police,-1.396619,53.375784,On or near Supermarket,E01007910,Sheffield 037A,Anti-social behaviour,,
,2025-02,South Yorkshire Police,South Yorkshire Police,-1.398444,53.372180,On or near Richmond Park Drive,E01007910,Sheffield 037A,Anti-social behaviour,,
,2025-02,South Yorkshire Police,South Yorkshire Police,-1.397922,53.377229,On or near A630,E01007910,Sheffield 037A,Anti-social behaviour,,
64f92148dd455cae96940632198cb1e67e72873d85f677d9b5b751b1f4928d8e,2025-02,South Yorkshire Police,South Yorkshire Police,-1.397152,53.372155,On or near Richmond Park Road,E01007910,Sheffield 037A,Burglary,Investigation complete; no suspect identified,
d4411cca0fe05d441bf80186d074f8db5de526b11f035bbe9796649ab3e13bfd,2025-02,South Yorkshire Police,South Yorkshire Police,-1.400011,53.378345,On or near Clifton Crescent,E01007910,Sheffield 037A,Burglary,Investigation complete; no suspect identified,
47c011a880709a26e8788f7c864c88d45b3164f784d486a55fc945da6f8c4ae5,2025-02,South Yorkshire Police,South Yorkshire Police,-1.396619,53.375784,On or near Supermarket,E01007910,Sheffield 037A,Other theft,Investigation complete; no suspect identified,
c3f8a23288120f700d37ab3bbedacc635f8e439e69d5d6804ce81548b338dfce,2025-02,South Yorkshire Police,South Yorkshire Police,-1.396619,53.375784,On or near Supermarket,E01007910,Sheffield 037A,Other theft,Investigation complete; no suspect identified,
46dec73afb694214a6a2ad27cdc55c9e0e0eab2fa2443c43f5cdfa53aec9d2b7,2025-02,South Yorkshire Police,South Yorkshire Police,-1.398375,53.371739,On or near Richmond Park Close,E01007910,Sheffield 037A,Public order,Unable to prosecute suspect,
17adf8bc6ec535b7cf07f55837fe29027c6bdee642118bad2d4114c97c7a8bb4,2025-02,South Yorkshire Police,South Yorkshire Police,-1.396619,53.375784,On or near Supermarket,E01007910,Sheffield 037A,Public order,Unable to prosecute suspect,
d2604ebb16056e30ebe1fe3663d77fc07bb3b07e58f2f48fe05c37df59a1cec6,2025-02,South Yorkshire Police,South Yorkshire Police,-1.400455,53.374563,On or near Richmond Park Rise,E01007910,Sheffield 037A,Public order,Unable to prosecute suspect,
0a72761fc1be54a5d81db3af3525ba23cd8a64027dbdd0919d77554f445b02d4,2025-02,South Yorkshire Police,South Yorkshire Police,-1.396619,53.375784,On or near Supermarket,E01007910,Sheffield 037A,Shoplifting,Investigation complete; no suspect identified,
3704a1af05e9e60ce9efd324e4140c48671da26af07a01d821a6858aa3377f07,2025-02,South Yorkshire Police,South Yorkshire Police,-1.396619,53.375784,On or near Supermarket,E01007910,Sheffield 037A,Shoplifting,Investigation complete; no suspect identified,
9881ff21fdf1356fa37304828e8009e5a2594dfcd93a7d436a69ee61399cac61,2025-02,South Yorkshire Police,South Yorkshire Police,-1.396619,53.375784,On or near Supermarket,E01007910,Sheffield 037A,Shoplifting,Awaiting court outcome,
05d5497e3e7f0aa983224a4e23fcfa32c883e8d948ebc03508f2b52b874fbe93,2025-02,South Yorkshire Police,South Yorkshire Police,-1.396619,53.375784,On or near Supermarket,E01007910,Sheffield 037A,Shoplifting,Awaiting court outcome,
045359acf6ab5d3da755fcec694a9962951b4d1ad67b3a09872cbf052050f8e1,2025-02,South Yorkshire Police,South Yorkshire Police,-1.397256,53.369046,On or near Holyoake Avenue,E01007910,Sheffield 037A,Vehicle crime,Investigation complete; no suspect identified,
bd7863b1319d6a3844a78c914222cd5fb53b4d2baa3fc1da5e272f689882cb1b,2025-02,South Yorkshire Police,South Yorkshire Police,-1.397190,53.374735,On or near Richmond Park Crescent,E01007910,Sheffield 037A,Vehicle crime,Investigation complete; no suspect identified,
70a68d2f456b4232669674ff278291b73225006022f28204d1cc1b455a67ddd0,2025-02,South Yorkshire Police,South Yorkshire Police,-1.399285,53.373281,On or near Richmond Park View,E01007910,Sheffield 037A,Vehicle crime,Awaiting court outcome,
d2f7cf0a9efa3942194d8abfa21d359f2e5882f5a3c171e8d7c3dfcc84132ce2,2025-02,South Yorkshire Police,South Yorkshire Police,-1.399285,53.373281,On or near Richmond Park View,E01007910,Sheffield 037A,Vehicle crime,Investigation complete; no suspect identified,
c093bcfdd76f50eb1ee8974060be134eb916d4dc1ad5fd1122c31812d7bf2566,2025-02,South Yorkshire Police,South Yorkshire Police,-1.397190,53.374735,On or near Richmond Park Crescent,E01007910,Sheffield 037A,Vehicle crime,Investigation complete; no suspect identified,
2cbe037d91984b8b6af008a7b553d05540640ad081acad475f019a586e450e71,2025-02,South Yorkshire Police,South Yorkshire Police,-1.398087,53.378335,On or near Clifton Avenue,E01007910,Sheffield 037A,Vehicle crime,Investigation complete; no suspect identified,
555e9aae14c9c563643546377169fac436656e0ee3ff0dd4c51b5fb534aa2e7c,2025-02,South Yorkshire Police,South Yorkshire Police,-1.396619,53.375784,On or near Supermarket,E01007910,Sheffield 037A,Vehicle crime,Investigation complete; no suspect identified,
041fe99e980ea9d84fe8f4795b76f8a1a7d3f480c2cfc6dc633209748239f917,2025-02,South Yorkshire Police,South Yorkshire Police,-1.396619,53.375784,On or near Supermarket,E01007910,Sheffield 037A,Vehicle crime,Unable to prosecute suspect,
a7d55923a4ae117e1156dc917e5d930c14dd9ee48cec589343679b2113f9ce86,2025-02,South Yorkshire Police,South Yorkshire Police,-1.399285,53.373281,On or near Richmond Park View,E01007910,Sheffield 037A,Vehicle crime,Investigation complete; no suspect identified,
6c5f02719fe7130c5b0fce0fced0d88f86e5508093b9ac232b63f8519d6adc37,2025-02,South Yorkshire Police,South Yorkshire Police,-1.400455,53.374563,On or near Richmond Park Rise,E01007910,Sheffield 037A,Vehicle crime,Investigation complete; no suspect identified,
5e617ccaf2358d71d3eacce1fe36270e57467e78952fd1408aa70c0bd5986dd4,2025-02,South Yorkshire Police,South Yorkshire Police,-1.397886,53.377660,On or near Clifton Lane,E01007910,Sheffield 037A,Violence and sexual offences,Unable to prosecute suspect,
7f456baa8c3f908c31b978c46daec388b398bf139b7cdd8db64f4390de9b6a8a,2025-02,South Yorkshire Police,South Yorkshire Police,-1.398375,53.371739,On or near Richmond Park Close,E01007910,Sheffield 037A,Violence and sexual offences,Unable to prosecute suspect,
fa8bcc377cea42bfd336089ae850b78bf5b02c18d17ebf17a2a1c673582e726e,2025-02,South Yorkshire Police,South Yorkshire Police,-1.397152,53.372155,On or near Richmond Park Road,E01007910,Sheffield 037A,Violence and sexual offences,Offender given a caution,
036581bb3f402b4a7d70594f94762507a0630dfa14218b0532547d6519746cba,2025-02,South Yorkshire Police,South Yorkshire Police,-1.398375,53.371739,On or near Richmond Park Close,E01007910,Sheffield 037A,Violence and sexual offences,Unable to prosecute suspect,
5cf86180ce28207a487d25dbbbc39837d24fc154f8d21b8d67523a3ecda18225,2025-02,South Yorkshire Police,South Yorkshire Police,-1.399329,53.372319,On or near Richmond Park Grove,E01007910,Sheffield 037A,Violence and sexual offences,Unable to prosecute suspect,
8c512bf3806de5ce47f8eebf2ac51f2625a65d5923355a4011c9c917a8b30a64,2025-02,South Yorkshire Police,South Yorkshire Police,-1.399285,53.373281,On or near Richmond Park View,E01007910,Sheffield 037A,Other crime,Unable to prosecute suspect,
,2025-02,South Yorkshire Police,South Yorkshire Police,-1.395835,53.368553,On or near B6065,E01007912,Sheffield 037B,Anti-social behaviour,,
,2025-02,South Yorkshire Police,South Yorkshire Police,-1.391779,53.371553,On or near Parsley Hay Road,E01007912,Sheffield 037B,Anti-social behaviour,,
5812a7455deab497a40cbb261340f880e1840eb694642216d0f289ce81766507,2025-02,South Yorkshire Police,South Yorkshire Police,-1.391093,53.372286,On or near Parsley Hay Drive,E01007912,Sheffield 037B,Public order,Unable to prosecute suspect,
a25cf0aeaea7002c11226f4e561d29ab6dc8a452207f7ac1b037c686b585f543,2025-02,South Yorkshire Police,South Yorkshire Police,-1.395835,53.368553,On or near B6065,E01007912,Sheffield 037B,Robbery,Investigation complete; no suspect identified,
4e6810693070a533b246c2e82b602650d89966052a927e3280500daffb4c93ee,2025-02,South Yorkshire Police,South Yorkshire Police,-1.391093,53.372286,On or near Parsley Hay Drive,E01007912,Sheffield 037B,Shoplifting,Investigation complete; no suspect identified,
514cd3670458103c6a434186e35390e069cef0328cc292591fcf149042a2edf9,2025-02,South Yorkshire Police,South Yorkshire Police,-1.389093,53.372116,On or near Petrol Station,E01007912,Sheffield 037B,Shoplifting,Awaiting court outcome,
caa9ba1931aec65dba50ea215587c7c065abb6b1281642aafcd2e0fde731246a,2025-02,South Yorkshire Police,South Yorkshire Police,-1.391093,53.372286,On or near Parsley Hay Drive,E01007912,Sheffield 037B,Shoplifting,Awaiting court outcome,
7728fd06daaa0b685292f68f73143aec6eefadb5c5d2a10ba85033e30c00bf71,2025-02,South Yorkshire Police,South Yorkshire Police,-1.395835,53.368553,On or near B6065,E01007912,Sheffield 037B,Vehicle crime,Unable to prosecute suspect,
c6c48f898b8c5310d1ccf080c79b6565a90cff03352d380c8d2d5319b277380f,2025-02,South Yorkshire Police,South Yorkshire Police,-1.377736,53.370914,On or near Ballifield Close,E01007971,Sheffield 037C,Burglary,Unable to prosecute suspect,
0a916aeca2619f9cd6448369e7f1daf408ee0914d554fbe1eb5ff5b451f2bb4b,2025-02,South Yorkshire Police,South Yorkshire Police,-1.380016,53.371205,On or near Ballifield Way,E01007971,Sheffield 037C,Drugs,Offender given a caution,
0ad16dbea2fea8ac521ce0f3c1c2a8b8ef413c97b1940374b0fbfd0639fbdb04,2025-02,South Yorkshire Police,South Yorkshire Police,-1.380016,53.371205,On or near Ballifield Way,E01007971,Sheffield 037C,Violence and sexual offences,Unable to prosecute suspect,
d06fdc376e57a33a2c063758a8c231bb5f64fa55637cf6925d1ecb2157269e51,2025-02,South Yorkshire Police,South Yorkshire Police,-1.374716,53.370853,On or near Malon Way,E01007971,Sheffield 037C,Violence and sexual offences,Unable to prosecute suspect,
58b1020c282c620c72f68e1bbddc641f84a5c57880999d471349c69e2ab03467,2025-02,South Yorkshire Police,South Yorkshire Police,-1.380016,53.371205,On or near Ballifield Way,E01007971,Sheffield 037C,Violence and sexual offences,Unable to prosecute suspect,
b80f9f5351e9d10130ce7158ec4d441e7dd635bf0b8f4af6ed95bd264e7acbfe,2025-02,South Yorkshire Police,South Yorkshire Police,-1.374716,53.370853,On or near Malon Way,E01007971,Sheffield 037C,Violence and sexual offences,Unable to prosecute suspect,
94a9bc43b6c4fe7aa626a70a93e0b6dc69a8264b769f47eb3312eb30f02697c3,2025-02,South Yorkshire Police,South Yorkshire Police,-1.377736,53.370914,On or near Ballifield Close,E01007971,Sheffield 037C,Violence and sexual offences,Unable to prosecute suspect,
cfa467023b7f110460f366e47997f84dd47355818a34cd3a1c4f02ce3fbf5287,2025-02,South Yorkshire Police,South Yorkshire Police,-1.390116,53.369135,On or near Bramley Park Close,E01007973,Sheffield 037D,Shoplifting,Unable to prosecute suspect,
8a5f86f8e27c2bc7e641a4e16c315a409420ec58cc6d9c9565bffa8eb55890fc,2025-02,South Yorkshire Police,South Yorkshire Police,-1.392101,53.369038,On or near Haigh Moor Road,E01007973,Sheffield 037D,Vehicle crime,Investigation complete; no suspect identified,
b33869e15ef190e1c0bfaeb06109a3ca15e1a484a6eba5aa278632ee4bf8236e,2025-02,South Yorkshire Police,South Yorkshire Police,-1.392380,53.369497,On or near Haigh Moor Close,E01007973,Sheffield 037D,Violence and sexual offences,Unable to prosecute suspect,
,2025-02,South Yorkshire Police,South Yorkshire Police,-1.521568,53.375127,On or near Darwin Close,E01007858,Sheffield 038A,Anti-social behaviour,,
,2025-02,South Yorkshire Police,South Yorkshire Police,-1.519331,53.369545,On or near Riverdale Avenue,E01007858,Sheffield 038A,Anti-social behaviour,,
4d16c51ec026fe482df2596e5f852f8d00750d9a9061621e3d574af6ad4a2dff,2025-02,South Yorkshire Police,South Yorkshire Police,-1.522527,53.371374,On or near Deakins Walk,E01007858,Sheffield 038A,Vehicle crime,Investigation complete; no suspect identified,
02c71cf7dbc9c827bbcb7cd6d34f16ee0cf183a23341367dfabcf86e579c4732,2025-02,South Yorkshire Police,South Yorkshire Police,-1.521568,53.375127,On or near Darwin Close,E01007858,Sheffield 038A,Violence and sexual offences,Unable to prosecute suspect,
90b36e9fb20a19d10902222eb357e5355430bfc80267945b727e8acd98a6ce37,2025-02,South Yorkshire Police,South Yorkshire Police,-1.535370,53.373411,On or near Carsick Hill Drive,E01007861,Sheffield 038B,Public order,Unable to prosecute suspect,
5dd449ff9e8e2e89f4481bb98653580281288da5a433ce3516669d931c5c9c5d,2025-02,South Yorkshire Police,South Yorkshire Police,-1.535268,53.374552,On or near Carsick Hill Road,E01007861,Sheffield 038B,Violence and sexual offences,Investigation complete; no suspect identified,
94fccda52bce1da28d5df3dfc9222ad0663ca01a2df35a2d4ff161d352ba2f25,2025-02,South Yorkshire Police,South Yorkshire Police,-1.531399,53.373728,On or near Clumber Road,E01007861,Sheffield 038B,Violence and sexual offences,Local resolution,
,2025-02,South Yorkshire Police,South Yorkshire Police,-1.519887,53.372217,On or near Ranmoor Gardens,E01007862,Sheffield 038C,Anti-social behaviour,,
e619c5f184ec77a8bbc8bff8188a39166d0c11bd3db3e939703180e52ae3a181,2025-02,South Yorkshire Police,South Yorkshire Police,-1.512352,53.371324,On or near Endcliffe Hall Avenue,E01007862,Sheffield 038C,Burglary,Investigation complete; no suspect identified,
e79175b3a9586a29b8d26bd84856970f9ec21a87a8d0fbe1bdf4c0750955b255,2025-02,South Yorkshire Police,South Yorkshire Police,-1.511601,53.373919,On or near Woodvale Road,E01007862,Sheffield 038C,Criminal damage and arson,Investigation complete; no suspect identified,
89bd7e6f08b80ae251f138256048007ea78608db6c22ea3cd6125e2c133e3eb4,2025-02,South Yorkshire Police,South Yorkshire Police,-1.519936,53.373179,On or near Tapton Park Road,E01007862,Sheffield 038C,Vehicle crime,Investigation complete; no suspect identified,
ee0a3b64495d8699922783e6714379db935c8efd6a6557d503c3a8576ad5db76,2025-02,South Yorkshire Police,South Yorkshire Police,-1.507597,53.370513,On or near The Glade,E01007862,Sheffield 038C,Vehicle crime,Investigation complete; no suspect identified,
c2609d3986c9eeeb237fdb9dd45dc853f481db3b76f2cff4f17214de30021255,2025-02,South Yorkshire Police,South Yorkshire Police,-1.512133,53.373408,On or near Endcliffe Edge,E01007862,Sheffield 038C,Vehicle crime,Investigation complete; no suspect identified,
806003bfe49f5df37a98ca6e715c68ac80083e0485f8a135c90b7654e8a00a82,2025-02,South Yorkshire Police,South Yorkshire Police,-1.526692,53.367112,On or near Bramwith Road,E01007865,Sheffield 038D,Burglary,Investigation complete; no suspect identified,
0fb78f717e89dd3078a692385fec9096f1510773de983f7c464d639151d57ebf,2025-02,South Yorkshire Police,South Yorkshire Police,-1.531143,53.366923,On or near Petrol Station,E01007865,Sheffield 038D,Shoplifting,Unable to prosecute suspect,
d533399e216698a852290afec5db5c19cc5ae097eee22f8a029b038187c22ef1,2025-02,South Yorkshire Police,South Yorkshire Police,-1.526617,53.365763,On or near Carr Bank Close,E01007865,Sheffield 038D,Violence and sexual offences,Unable to prosecute suspect,
3e46ad1253f3c870a64d455a8b41dbb401129d1b8b6fca0212b65f517cecf2cd,2025-02,South Yorkshire Police,South Yorkshire Police,-1.527482,53.366315,On or near Carr Bank Drive,E01007865,Sheffield 038D,Violence and sexual offences,Unable to prosecute suspect,
,2025-02,South Yorkshire Police,South Yorkshire Police,-1.412795,53.368026,On or near Angleton Gardens,E01008011,Sheffield 039A,Anti-social behaviour,,
,2025-02,South Yorkshire Police,South Yorkshire Police,-1.422929,53.368750,On or near The Circle,E01008011,Sheffield 039A,Anti-social behaviour,,
087500b1781a66994126fd1d64017ce2e507f26f5316f3d98c8eb4f24a96634d,2025-02,South Yorkshire Police,South Yorkshire Police,-1.423045,53.366863,On or near Church Field Grove,E01008011,Sheffield 039A,Vehicle crime,Investigation complete; no suspect identified,
c3da513eff509db3de38a2da0dd53a5287d903beafb8938fac0c45028252927a,2025-02,South Yorkshire Police,South Yorkshire Police,-1.416542,53.366571,On or near Castledale Place,E01008011,Sheffield 039A,Vehicle crime,Investigation complete; no suspect identified,
81adb3ed7521a9ab8a2d8033ae299d5a6dbfd9d075f117dd5042b88aa8cbca06,2025-02,South Yorkshire Police,South Yorkshire Police,-1.415800,53.366936,On or near Castledale Croft,E01008011,Sheffield 039A,Vehicle crime,Investigation complete; no suspect identified,
b74af89a992544efd1aff5abe0ab5a3211a9233836c2906c749c8d07bb126c80,2025-02,South Yorkshire Police,South Yorkshire Police,-1.422714,53.369144,On or near Fretson Road,E01008011,Sheffield 039A,Vehicle crime,Investigation complete; no suspect identified,
9410975f255b14081b9d08524575ef7f0af87b974f1b4d092d4b4bd5b5b11f81,2025-02,South Yorkshire Police,South Yorkshire Police,-1.417698,53.369938,On or near Vikinglea Glade,E01008011,Sheffield 039A,Vehicle crime,Investigation complete; no suspect identified,
dfe3d7e09e73f84e4430147d2dad380c759698aa14bb20adfc315b99af47a244,2025-02,South Yorkshire Police,South Yorkshire Police,-1.416026,53.369112,On or near Vikinglea Close,E01008011,Sheffield 039A,Violence and sexual offences,Unable to prosecute suspect,
7d205a311bd5c7061883bb68950c1615b91d79c913ccf58320b46b858525d4c8,2025-02,South Yorkshire Police,South Yorkshire Police,-1.416026,53.369112,On or near Vikinglea Close,E01008011,Sheffield 039A,Violence and sexual offences,Unable to prosecute suspect,
1a0746bd29c756d0fcd806cf3cd24df5b1fe6eaf60f6435082bbf26dccdc29d8,2025-02,South Yorkshire Police,South Yorkshire Police,-1.416026,53.369112,On or near Vikinglea Close,E01008011,Sheffield 039A,Violence and sexual offences,Unable to prosecute suspect,
4be6c67e6c436487030aee993c963f55c1c406901eabed7cbdefa40ebf5f0e90,2025-02,South Yorkshire Police,South Yorkshire Police,-1.421438,53.367889,On or near Fairfax Rise,E01008011,Sheffield 039A,Violence and sexual offences,Unable to prosecute suspect,
18bc16f69712dd295cc0ccb1a5aba608486b4387fbe50de9e7e1f2b19d38200a,2025-02,South Yorkshire Police,South Yorkshire Police,-1.422929,53.368750,On or near The Circle,E01008011,Sheffield 039A,Other crime,Unable to prosecute suspect,
15036065e581c367bf7f36693860decba08c52865bb0f4f793324478fc174111,2025-02,South Yorkshire Police,South Yorkshire Police,-1.422929,53.368750,On or near The Circle,E01008011,Sheffield 039A,Other crime,Unable to prosecute suspect,
,2025-02,South Yorkshire Police,South Yorkshire Police,-1.434085,53.365028,On or near Wulfric Close,E01008012,Sheffield 039B,Anti-social behaviour,,
,2025-02,South Yorkshire Police,South Yorkshire Police,-1.431816,53.367301,On or near Cary Grove,E01008012,Sheffield 039B,Anti-social behaviour,,
,2025-02,South Yorkshire Police,South Yorkshire Police,-1.433941,53.365675,On or near Wulfric Place,E01008012,Sheffield 039B,Anti-social behaviour,,
,2025-02,South Yorkshire Police,South Yorkshire Police,-1.429224,53.365544,On or near Wulfric Road,E01008012,Sheffield 039B,Anti-social behaviour,,
6d2f5d9419b3947e057e3b790a9caec81897b6f5617c89bad6c183f5be1b4fcc,2025-02,South Yorkshire Police,South Yorkshire Police,-1.428083,53.366600,On or near Bassledene Road,E01008012,Sheffield 039B,Burglary,Investigation complete; no suspect identified,
c9866d416a5a7fd9e9ff44fe23cb80a0b2cb94ecef5f0c2de70af72255cfc9c0,2025-02,South Yorkshire Police,South Yorkshire Police,-1.430858,53.365858,On or near Scotia Close,E01008012,Sheffield 039B,Burglary,Unable to prosecute suspect,
6a2ac30235abe4845ca48202313e027e1e8fec09bf872a90b60b5403b70e57cb,2025-02,South Yorkshire Police,South Yorkshire Police,-1.428083,53.366600,On or near Bassledene Road,E01008012,Sheffield 039B,Criminal damage and arson,Unable to prosecute suspect,
1155f1afcacaee63eb3eaad7915729932a23d43e3f691a9bab6e9b767bd87ffd,2025-02,South Yorkshire Police,South Yorkshire Police,-1.430749,53.365012,On or near Babington Close,E01008012,Sheffield 039B,Drugs,Unable to prosecute suspect,
3be2fecda53e534d67d25769c0289f7240d0f49d9e14498b2904a2cfb2da7199,2025-02,South Yorkshire Police,South Yorkshire Police,-1.428083,53.366600,On or near Bassledene Road,E01008012,Sheffield 039B,Drugs,Offender given a caution,
04835fbe8c42299301caf0e684995f114d99ad21ea0f74ad870f31f04d8f79ca,2025-02,South Yorkshire Police,South Yorkshire Police,-1.433941,53.365675,On or near Wulfric Place,E01008012,Sheffield 039B,Drugs,Local resolution,
f744509a2ae2af33ad27b9501378c8a2c51517dd60affba3585cd35935ef488c,2025-02,South Yorkshire Police,South Yorkshire Police,-1.431816,53.367301,On or near Cary Grove,E01008012,Sheffield 039B,Other theft,Investigation complete; no suspect identified,
076a211bcea231a202aff65c137adabe1b4960938ba20a66bbd5cd05c6d5bfe1,2025-02,South Yorkshire Police,South Yorkshire Police,-1.431816,53.367301,On or near Cary Grove,E01008012,Sheffield 039B,Public order,Investigation complete; no suspect identified,
143924d475c78ba718e866620221ef4b4f24f5273d4169719c9948b2622728a9,2025-02,South Yorkshire Police,South Yorkshire Police,-1.428024,53.367642,On or near Bassledene Court,E01008012,Sheffield 039B,Robbery,Unable to prosecute suspect,
6ffdc4c19b133ebeece7412052bcf389787f843a72fbe7de79a5fcdfa753c6d1,2025-02,South Yorkshire Police,South Yorkshire Police,-1.430730,53.364221,On or near Babington Court,E01008012,Sheffield 039B,Vehicle crime,Investigation complete; no suspect identified,
a770a72943951ec2c844e344bfb5475818ae9a992133cae66dc9fd5333cbe760,2025-02,South Yorkshire Police,South Yorkshire Police,-1.426917,53.369488,On or near Raynald Road,E01008012,Sheffield 039B,Violence and sexual offences,Unable to prosecute suspect,
514c966540620453bf1f411b17a9f6c27264d89b3ca5846a0774b491db3927fe,2025-02,South Yorkshire Police,South Yorkshire Police,-1.426917,53.369488,On or near Raynald Road,E01008012,Sheffield 039B,Violence and sexual offences,Unable to prosecute suspect,
2c468016dc21cea332f9cd1071de62ee2f0e19170acde652975caa94f18c5e66,2025-02,South Yorkshire Police,South Yorkshire Police,-1.433941,53.365675,On or near Wulfric Place,E01008012,Sheffield 039B,Violence and sexual offences,Unable to prosecute suspect,
d23007efbfe2d392cab62834ce6cd6a0031caa07b9893b508698c9e8c340a689,2025-02,South Yorkshire Police,South Yorkshire Police,-1.433941,53.365675,On or near Wulfric Place,E01008012,Sheffield 039B,Violence and sexual offences,Unable to prosecute suspect,
abc48762d040da1637407a4e8f0fc04956df7480e2c59ca464ee013ce10c1eab,2025-02,South Yorkshire Police,South Yorkshire Police,-1.429224,53.365544,On or near Wulfric Road,E01008012,Sheffield 039B,Violence and sexual offences,Unable to prosecute suspect,
3a70e880015dbeca24d7cf5fbdf58f0184c734a2ca63f8962ebe3c7c5c4f817d,2025-02,South Yorkshire Police,South Yorkshire Police,-1.429768,53.366473,On or near Cary Road,E01008012,Sheffield 039B,Violence and sexual offences,Investigation complete; no suspect identified,
82d7915c0c9ff3fa3979266618aa732e31c6e35aa9443b129c2e933dc21e41f9,2025-02,South Yorkshire Police,South Yorkshire Police,-1.428083,53.366600,On or near Bassledene Road,E01008012,Sheffield 039B,Violence and sexual offences,Unable to prosecute suspect,
2c009ff6ee2d1a90437bae481fd1a76c4d760dc6e5b5c556bbf2759c6f1a7391,2025-02,South Yorkshire Police,South Yorkshire Police,-1.426917,53.369488,On or near Raynald Road,E01008012,Sheffield 039B,Violence and sexual offences,Unable to prosecute suspect,
eafe9503647e4d3c8bf6d49d5a3077908068f729d5e18d1f4bbaa09a2e1265b1,2025-02,South Yorkshire Police,South Yorkshire Police,-1.430858,53.365858,On or near Scotia Close,E01008012,Sheffield 039B,Violence and sexual offences,Unable to prosecute suspect,
6874fbc64b29c82366abd7e5bc471e9f2049154d3ba6b7782396305db6e5a3c5,2025-02,South Yorkshire Police,South Yorkshire Police,-1.426917,53.369488,On or near Raynald Road,E01008012,Sheffield 039B,Violence and sexual offences,Unable to prosecute suspect,
5f575749efd2a293f6113f9dfbf689386d9f773d20ac012e3cad2d17237c5418,2025-02,South Yorkshire Police,South Yorkshire Police,-1.426917,53.369488,On or near Raynald Road,E01008012,Sheffield 039B,Violence and sexual offences,Unable to prosecute suspect,
27c2f0a6d2af8f9c12abd673866fda2b4cff11009466bb06e33bc2d84d109611,2025-02,South Yorkshire Police,South Yorkshire Police,-1.432363,53.364562,On or near Queen Mary Grove,E01008012,Sheffield 039B,Other crime,Unable to prosecute suspect,
0723736be7f17c650904e0689cafedef4dd9f66a687534b160f7272eadcc11ac,2025-02,South Yorkshire Police,South Yorkshire Police,-1.431816,53.367301,On or near Cary Grove,E01008012,Sheffield 039B,Other crime,Investigation complete; no suspect identified,
,2025-02,South Yorkshire Police,South Yorkshire Police,-1.428958,53.361849,On or near Queen Mary Mews,E01008013,Sheffield 039C,Anti-social behaviour,,
c7f056ed84ebe702098a9d4247c8fead6ae4c9cdd61ae722eda98fe23ab4a6dd,2025-02,South Yorkshire Police,South Yorkshire Police,-1.418358,53.366723,On or near Fairfax Road,E01008013,Sheffield 039C,Burglary,Investigation complete; no suspect identified,
dd4112e1a14dfb8f94d19f0b20e86544bdfbe039e48063925ed096d740a9bafd,2025-02,South Yorkshire Police,South Yorkshire Police,-1.429093,53.363009,On or near Leonard Close,E01008013,Sheffield 039C,Criminal damage and arson,Investigation complete; no suspect identified,
ad28f60d8dd196012a7b679759e8a773cf314f57504a7afbd50b37aa175a446f,2025-02,South Yorkshire Police,South Yorkshire Police,-1.425529,53.362075,On or near Travey Road,E01008013,Sheffield 039C,Drugs,Investigation complete; no suspect identified,
b5a26e6de65897fcf0f04c09afe90fd9eb8d885dbce02f49779cbc25c1a109e2,2025-02,South Yorkshire Police,South Yorkshire Police,-1.426716,53.364283,On or near Fairleigh,E01008013,Sheffield 039C,Drugs,Status update unavailable,
cc1532f79b8d345b9ecabf8c6aae0fbc91fa86a78c9da89dbb8057f0c0bbfcc5,2025-02,South Yorkshire Police,South Yorkshire Police,-1.426716,53.364283,On or near Fairleigh,E01008013,Sheffield 039C,Possession of weapons,Status update unavailable,
24a68c783315c360d1aa771934298948914ebda868a812c44795b991e9ff27ca,2025-02,South Yorkshire Police,South Yorkshire Police,-1.429093,53.363009,On or near Leonard Close,E01008013,Sheffield 039C,Public order,Unable to prosecute suspect,
ac6fe9d880253df91194389113469163034d445e214adf8913d05fc949f45b7b,2025-02,South Yorkshire Police,South Yorkshire Police,-1.428958,53.361849,On or near Queen Mary Mews,E01008013,Sheffield 039C,Public order,Unable to prosecute suspect,
022fa8e64df173fa49f0284d5e8296f89c403d23c85fdd6047f4051a21bc15ed,2025-02,South Yorkshire Police,South Yorkshire Police,-1.428958,53.361849,On or near Queen Mary Mews,E01008013,Sheffield 039C,Violence and sexual offences,Status update unavailable,
5414680908f0ea8ebd959a99a11c882dff573b736a7c0bab037d9179d006d882,2025-02,South Yorkshire Police,South Yorkshire Police,-1.428495,53.365002,On or near Windy House Lane,E01008013,Sheffield 039C,Violence and sexual offences,Unable to prosecute suspect,
980671204190cce85b8e1fd4f86fe86112142e96af2a4e66707d941c2f3abd7f,2025-02,South Yorkshire Police,South Yorkshire Police,-1.429093,53.363009,On or near Leonard Close,E01008013,Sheffield 039C,Violence and sexual offences,Investigation complete; no suspect identified,
59340f6376f96330a91b5279de8b2691a32d102cddad361a075d4a25628ccb3d,2025-02,South Yorkshire Police,South Yorkshire Police,-1.428976,53.363862,On or near Cullabine Road,E01008013,Sheffield 039C,Violence and sexual offences,Status update unavailable,
c9d4c44b1ae99c42f58e3e85a41529d7e5fda46ea4e23c6376872c3cf3a81746,2025-02,South Yorkshire Police,South Yorkshire Police,-1.428976,53.363862,On or near Cullabine Road,E01008013,Sheffield 039C,Violence and sexual offences,Unable to prosecute suspect,
22a32b04ec9cbdd0f0f69b1f4983233d488a0db508ceb0cb5489e7b1eb835439,2025-02,South Yorkshire Police,South Yorkshire Police,-1.425174,53.364986,On or near Fretson Road South,E01008013,Sheffield 039C,Violence and sexual offences,Investigation complete; no suspect identified,
ca7ff0bbd60b098a9a605225957e7526193d00aac54e90d2afbcb3dc02b7bedb,2025-02,South Yorkshire Police,South Yorkshire Police,-1.423026,53.366072,On or near Queen Mary Road,E01008013,Sheffield 039C,Violence and sexual offences,Unable to prosecute suspect,
021f1ed86ce8ddd50a3719de2a07abf9baf6c6e3ecd7414035aba3d9c9e74832,2025-02,South Yorkshire Police,South Yorkshire Police,-1.428976,53.363862,On or near Cullabine Road,E01008013,Sheffield 039C,Violence and sexual offences,Status update unavailable,
16ce27436930ad5d845c1a487199ad1df274d9dcf7d513201a5abf9ac2b7f81d,2025-02,South Yorkshire Police,South Yorkshire Police,-1.428976,53.363862,On or near Cullabine Road,E01008013,Sheffield 039C,Violence and sexual offences,Unable to prosecute suspect,
458e98bc1e57c53f0188547b69b837b0e74c6a10b83e3b1b8224522959fc3596,2025-02,South Yorkshire Police,South Yorkshire Police,-1.428495,53.365002,On or near Windy House Lane,E01008013,Sheffield 039C,Other crime,Status update unavailable,
,2025-02,South Yorkshire Police,South Yorkshire Police,-1.429441,53.375226,On or near Supermarket,E01008015,Sheffield 039D,Anti-social behaviour,,
f1ed67a515ec86f6eb19a93da695ae2883a9ece6592904e0b5048d33fe7d6f77,2025-02,South Yorkshire Police,South Yorkshire Police,-1.429441,53.375226,On or near Supermarket,E01008015,Sheffield 039D,Bicycle theft,Investigation complete; no suspect identified,
c92bdcace8517754f8423c11b49326a956ac195965927ac0c39a9218eba8a62e,2025-02,South Yorkshire Police,South Yorkshire Police,-1.432000,53.372623,On or near Manor Park Drive,E01008015,Sheffield 039D,Burglary,Investigation complete; no suspect identified,
bda13cfd2a0a9a61940255641724d92d78d898e894a79c5cf8299197ba2d3402,2025-02,South Yorkshire Police,South Yorkshire Police,-1.429441,53.375226,On or near Supermarket,E01008015,Sheffield 039D,Criminal damage and arson,Investigation complete; no suspect identified,
ee7b29a2727ba6c99da10fbe28b7773ab966abeb372eae4cb942c992ce59f8d0,2025-02,South Yorkshire Police,South Yorkshire Police,-1.432474,53.374333,On or near Manor Park Road,E01008015,Sheffield 039D,Criminal damage and arson,Investigation complete; no suspect identified,
5201fca63c485b9791c8f8c8f62a5319fba17e22f307bb119b8321c603638478,2025-02,South Yorkshire Police,South Yorkshire Police,-1.429441,53.375226,On or near Supermarket,E01008015,Sheffield 039D,Criminal damage and arson,Investigation complete; no suspect identified,
b1062bd8b00e25c60063a837765ff9790f3dfe6daa6f0aa8a6218ac2855fffa4,2025-02,South Yorkshire Police,South Yorkshire Police,-1.433067,53.372700,On or near Manor Park Close,E01008015,Sheffield 039D,Criminal damage and arson,Investigation complete; no suspect identified,
f583166648c025feae553287c347b6fb0d284cfafed4a69333d5403221e3092d,2025-02,South Yorkshire Police,South Yorkshire Police,-1.429441,53.375226,On or near Supermarket,E01008015,Sheffield 039D,Drugs,Unable to prosecute suspect,
c9ab8793c807bdc6c7dea1185e58ebdb65164ea62aa2ba41b715f42d02f1d232,2025-02,South Yorkshire Police,South Yorkshire Police,-1.429441,53.375226,On or near Supermarket,E01008015,Sheffield 039D,Drugs,Offender given a caution,
7ad06eda485162dfaf3038b9868e5870bef4e31bb9ef28a5e9678a3a4610e58a,2025-02,South Yorkshire Police,South Yorkshire Police,-1.432474,53.374333,On or near Manor Park Road,E01008015,Sheffield 039D,Drugs,Investigation complete; no suspect identified,
252c69aa01b5266c638f0778c3f6363f506f049aea4e252770417444204a458a,2025-02,South Yorkshire Police,South Yorkshire Police,-1.429441,53.375226,On or near Supermarket,E01008015,Sheffield 039D,Other theft,Investigation complete; no suspect identified,
0548d99c01e9fe38f02ab54cb15d9ca5ddfd036168aeabf9406114d62e0783a2,2025-02,South Yorkshire Police,South Yorkshire Police,-1.429441,53.375226,On or near Supermarket,E01008015,Sheffield 039D,Possession of weapons,Unable to prosecute suspect,
fc4a2f411fea995a63c73df09db6dec345ac67928e7e5c1cc88ad3f8751f2e54,2025-02,South Yorkshire Police,South Yorkshire Police,-1.429441,53.375226,On or near Supermarket,E01008015,Sheffield 039D,Public order,Unable to prosecute suspect,
7d3c39ffe1b4ed286976ccf2d9ea41c6bde241b0cb0c37ed244e759f34e7338b,2025-02,South Yorkshire Police,South Yorkshire Police,-1.429441,53.375226,On or near Supermarket,E01008015,Sheffield 039D,Public order,Investigation complete; no suspect identified,
aa886d3632b80fd140d271ad4bcf589e1cc9e65d4928211fd689ff5d3b895be0,2025-02,South Yorkshire Police,South Yorkshire Police,-1.432000,53.372623,On or near Manor Park Drive,E01008015,Sheffield 039D,Public order,Unable to prosecute suspect,
d5dcd459b67a7727328af80a2c3e5cfb4eebbc4db6dea840d28938251183a743,2025-02,South Yorkshire Police,South Yorkshire Police,-1.429441,53.375226,On or near Supermarket,E01008015,Sheffield 039D,Vehicle crime,Investigation complete; no suspect identified,
270e6756e9a6bbc00d9b32b23df715340e4a2d1f24b8da3045911a741b2aeb32,2025-02,South Yorkshire Police,South Yorkshire Police,-1.433067,53.372700,On or near Manor Park Close,E01008015,Sheffield 039D,Violence and sexual offences,Unable to prosecute suspect,
6edf41d2cfb4fc38cb97d188db856b88f522308fb8f8817840e6e077da3687e3,2025-02,South Yorkshire Police,South Yorkshire Police,-1.429441,53.375226,On or near Supermarket,E01008015,Sheffield 039D,Violence and sexual offences,Unable to prosecute suspect,
a3c44cba1047611c3820b3c4277fda79248f23974466c38b3da0cf37d62ee66e,2025-02,South Yorkshire Police,South Yorkshire Police,-1.429441,53.375226,On or near Supermarket,E01008015,Sheffield 039D,Violence and sexual offences,Local resolution,
f29f2cfb45cd4251f2daedc7cc0a404a8c8e62ad333d90a4433f6db500429968,2025-02,South Yorkshire Police,South Yorkshire Police,-1.432535,53.375358,On or near Seaton Close,E01008015,Sheffield 039D,Violence and sexual offences,Unable to prosecute suspect,
a4a74c516c907de86634357cf9577309f811f5b8e7a2e3f98e3a5d98013b1167,2025-02,South Yorkshire Police,South Yorkshire Police,-1.429441,53.375226,On or near Supermarket,E01008015,Sheffield 039D,Violence and sexual offences,Unable to prosecute suspect,
0917d0123414b8139eae43646562fe574965d3495af11fd4d6a5fec1202ae052,2025-02,South Yorkshire Police,South Yorkshire Police,-1.433067,53.372700,On or near Manor Park Close,E01008015,Sheffield 039D,Violence and sexual offences,Unable to prosecute suspect,
7048c0e61663ebcdc6745a91c932e34a8dfc5038c1de2d20667be6dea2625b79,2025-02,South Yorkshire Police,South Yorkshire Police,-1.429441,53.375226,On or near Supermarket,E01008015,Sheffield 039D,Violence and sexual offences,Investigation complete; no suspect identified,
,2025-02,South Yorkshire Police,South Yorkshire Police,-1.411884,53.371932,On or near Saxonlea Court,E01008017,Sheffield 039E,Anti-social behaviour,,
,2025-02,South Yorkshire Police,South Yorkshire Police,-1.411014,53.373033,On or near Sports/Recreation Area,E01008017,Sheffield 039E,Anti-social behaviour,,
,2025-02,South Yorkshire Police,South Yorkshire Police,-1.414888,53.374266,On or near Sheffield Parkway Services,E01008017,Sheffield 039E,Anti-social behaviour,,
,2025-02,South Yorkshire Police,South Yorkshire Police,-1.417715,53.373102,On or near Prince Of Wales Road,E01008017,Sheffield 039E,Anti-social behaviour,,
,2025-02,South Yorkshire Police,South Yorkshire Police,-1.414888,53.374266,On or near Sheffield Parkway Services,E01008017,Sheffield 039E,Anti-social behaviour,,
,2025-02,South Yorkshire Police,South Yorkshire Police,-1.414888,53.374266,On or near Sheffield Parkway Services,E01008017,Sheffield 039E,Anti-social behaviour,,
,2025-02,South Yorkshire Police,South Yorkshire Police,-1.418623,53.373754,On or near Dawlands Close,E01008017,Sheffield 039E,Anti-social behaviour,,
,2025-02,South Yorkshire Police,South Yorkshire Police,-1.409806,53.377639,On or near Bowden Wood Crescent,E01008017,Sheffield 039E,Anti-social behaviour,,
db091cec53f4b007bfee0a028f62c019b93789d986735ece4ddd3447ea9a69a5,2025-02,South Yorkshire Police,South Yorkshire Police,-1.409989,53.370934,On or near Danewood Gardens,E01008017,Sheffield 039E,Burglary,Investigation complete; no suspect identified,
674209a2dde53b348a7adeaeaee2aa0834af38c8fbd2db8a4954cc5da45ea751,2025-02,South Yorkshire Police,South Yorkshire Police,-1.423286,53.375754,On or near Beaumont Way,E01008017,Sheffield 039E,Burglary,Investigation complete; no suspect identified,
33143684b6b4adb6bad26a8fa9ee224a97985b20711a18637ff43e4d00a09d17,2025-02,South Yorkshire Police,South Yorkshire Police,-1.412856,53.375604,On or near Bowden Wood Close,E01008017,Sheffield 039E,Burglary,Investigation complete; no suspect identified,
14c8d5bbb8e0209976580828215773157ea9ce7e9f51c0ce65bd9d801697615a,2025-02,South Yorkshire Police,South Yorkshire Police,-1.409806,53.377639,On or near Bowden Wood Crescent,E01008017,Sheffield 039E,Burglary,Investigation complete; no suspect identified,
9abaaeb6373d2af2228126f36a446306e597bd5e1a14a85329a47e0360646208,2025-02,South Yorkshire Police,South Yorkshire Police,-1.409989,53.370934,On or near Danewood Gardens,E01008017,Sheffield 039E,Criminal damage and arson,Investigation complete; no suspect identified,
0eb0ab3b399edad676efcceae268bf238d13ed439280f5f17f4adde7b6cdcfed,2025-02,South Yorkshire Police,South Yorkshire Police,-1.417715,53.373102,On or near Prince Of Wales Road,E01008017,Sheffield 039E,Public order,Unable to prosecute suspect,
39c0e67de76c6264bd1cc20478f2fa80078acd2270eff3e81a71c1a1018af833,2025-02,South Yorkshire Police,South Yorkshire Police,-1.418623,53.373754,On or near Dawlands Close,E01008017,Sheffield 039E,Public order,Local resolution,
6545d5b64ec11817c3cbf30748df5cc0101b6e75c068becf03013cfbbd18c4c5,2025-02,South Yorkshire Police,South Yorkshire Police,-1.417715,53.373102,On or near Prince Of Wales Road,E01008017,Sheffield 039E,Public order,Unable to prosecute suspect,
d0c2d81ae754c61e416153908ce891f1f20ab928049263f55bd274b5ead10cf2,2025-02,South Yorkshire Police,South Yorkshire Police,-1.414888,53.374266,On or near Sheffield Parkway Services,E01008017,Sheffield 039E,Public order,Awaiting court outcome,
ef087067a86a0f4633c5e1668b83fb319fe558e9f94e204ed29a658385d44729,2025-02,South Yorkshire Police,South Yorkshire Police,-1.414888,53.374266,On or near Sheffield Parkway Services,E01008017,Sheffield 039E,Public order,Awaiting court outcome,
2957db9839af9acaa50b1cf07f676d8c9af63d3026d60a880d92a09e1b2a7708,2025-02,South Yorkshire Police,South Yorkshire Police,-1.418623,53.373754,On or near Dawlands Close,E01008017,Sheffield 039E,Public order,Local resolution,
e259970685bc12a358f9ee10026c01baea07711e7f5cbe76fe898712b313ac97,2025-02,South Yorkshire Police,South Yorkshire Police,-1.411957,53.369901,On or near Danebrook Court,E01008017,Sheffield 039E,Public order,Offender given a caution,
b5f943cfedc6da4d970ffe5656ddcd3dd2964bcd262897790f2fd0d081d42701,2025-02,South Yorkshire Police,South Yorkshire Police,-1.412856,53.375604,On or near Bowden Wood Close,E01008017,Sheffield 039E,Vehicle crime,Investigation complete; no suspect identified,
fa32f4e40e05629c1e92cf3fc48225b33ef507958ff1a2d22e36f9265f3fbf97,2025-02,South Yorkshire Police,South Yorkshire Police,-1.412856,53.375604,On or near Bowden Wood Close,E01008017,Sheffield 039E,Vehicle crime,Investigation complete; no suspect identified,
35b3be858bae27c25fa1b0d8548e877290e1f009cacba23dd089a325c2531103,2025-02,South Yorkshire Police,South Yorkshire Police,-1.411957,53.369901,On or near Danebrook Court,E01008017,Sheffield 039E,Violence and sexual offences,Unable to prosecute suspect,
a958a12b286c29d397d598f55b18d82aac22c5b19e983122e17d04a666284947,2025-02,South Yorkshire Police,South Yorkshire Police,-1.421420,53.374738,On or near Beaumont Close,E01008017,Sheffield 039E,Violence and sexual offences,Local resolution,
8a744f82d002b0df25abb829f03d8f8112482458ced0965a3e03298e10aee4c2,2025-02,South Yorkshire Police,South Yorkshire Police,-1.419508,53.371691,On or near Noehill Place,E01008017,Sheffield 039E,Violence and sexual offences,Unable to prosecute suspect,
ec1df92698b3e5dbe5a48b2fdd76c8c38f36e439a1a7d65c7dab7f93879ae007,2025-02,South Yorkshire Police,South Yorkshire Police,-1.410743,53.370758,On or near Danewood Grove,E01008017,Sheffield 039E,Violence and sexual offences,Unable to prosecute suspect,
4c464ea76309be39ba489cb1b280cbf378638c11e64dded90b2395c039b9fbb1,2025-02,South Yorkshire Police,South Yorkshire Police,-1.419508,53.371691,On or near Noehill Place,E01008017,Sheffield 039E,Violence and sexual offences,Investigation complete; no suspect identified,
ed0197073c13d6b6375509329b2cb5bc8fa93ada3ef15ce0a792bb75963c96f6,2025-02,South Yorkshire Police,South Yorkshire Police,-1.421420,53.374738,On or near Beaumont Close,E01008017,Sheffield 039E,Violence and sexual offences,Unable to prosecute suspect,
d5c893b643646cb9af8c4e76d6f4f88645690c10fde16d79c3a63acbea990ad1,2025-02,South Yorkshire Police,South Yorkshire Police,-1.414888,53.374266,On or near Sheffield Parkway Services,E01008017,Sheffield 039E,Violence and sexual offences,Unable to prosecute suspect,
1b85af4593c1954ae4f1de57064cfaf06256ad4d05686152ec2516e2f7361849,2025-02,South Yorkshire Police,South Yorkshire Police,-1.421420,53.374738,On or near Beaumont Close,E01008017,Sheffield 039E,Violence and sexual offences,Unable to prosecute suspect,
6eb39c6267aa60d8ed18f4e2bbb86961f931cb5b2623173ca5f0cee446e8d46d,2025-02,South Yorkshire Police,South Yorkshire Police,-1.418623,53.373754,On or near Dawlands Close,E01008017,Sheffield 039E,Violence and sexual offences,Local resolution,
7fb8ae7d74bb8d1a1db90ddbf896fadfa941f20f543bb6066f9444406d118ef4,2025-02,South Yorkshire Police,South Yorkshire Police,-1.410168,53.369973,On or near Danewood Avenue,E01008017,Sheffield 039E,Other crime,Unable to prosecute suspect,
ee5b0030c4d70aa1e8d79cd39bc4850915b4314561abeacb48eb0e4c81d2e8e1,2025-02,South Yorkshire Police,South Yorkshire Police,-1.426102,53.373089,On or near Motehall Way,E01008018,Sheffield 039F,Burglary,Investigation complete; no suspect identified,
42134b7a7f9c8d054d081b9d6a1a566f734e328489d72a6bfaa5ce471b9ab510,2025-02,South Yorkshire Police,South Yorkshire Police,-1.426792,53.372130,On or near Ernest Hardy Court,E01008018,Sheffield 039F,Criminal damage and arson,Unable to prosecute suspect,
ef379e4bb700a44459551322ed8493439d3379e69d96442aafdb6f1de312fc65,2025-02,South Yorkshire Police,South Yorkshire Police,-1.420170,53.372710,On or near Motehall Place,E01008018,Sheffield 039F,Vehicle crime,Investigation complete; no suspect identified,
d8d5c48a5e7c8f8432e128b27fbd5be12263a2fd1f48f1c59d4b71d9bbb2f098,2025-02,South Yorkshire Police,South Yorkshire Police,-1.422675,53.373081,On or near Motehall Road,E01008018,Sheffield 039F,Violence and sexual offences,Unable to prosecute suspect,
f6d5e5d59eaefb6fded767b1775b981225526bb713057633e296bf0e964ad85c,2025-02,South Yorkshire Police,South Yorkshire Police,-1.422110,53.373780,On or near Beaumont Mews,E01008018,Sheffield 039F,Violence and sexual offences,Investigation complete; no suspect identified,
b3a7024d07d2701ced3251e7efb71784f3d7593aea884f3b49328da78b632559,2025-02,South Yorkshire Police,South Yorkshire Police,-1.422110,53.373780,On or near Beaumont Mews,E01008018,Sheffield 039F,Violence and sexual offences,Unable to prosecute suspect,
e3e653579dc03b7f2ba5e5fb93b97dbd72257c294a23598fee63750aea0db19a,2025-02,South Yorkshire Police,South Yorkshire Police,-1.420170,53.372710,On or near Motehall Place,E01008018,Sheffield 039F,Other crime,Unable to prosecute suspect,
,2025-02,South Yorkshire Police,South Yorkshire Police,-1.476680,53.371811,On or near Boston Street,E01008105,Sheffield 040A,Anti-social behaviour,,
484737be582e26f9b8ddaa7f5d808c980772c9aec51edbfdda8d2c6c086cbdfb,2025-02,South Yorkshire Police,South Yorkshire Police,-1.477973,53.369390,On or near Keeton'S Hill,E01008105,Sheffield 040A,Bicycle theft,Unable to prosecute suspect,
2e7309c63ba026138e6646bb7338a651f9111b47cc2eb59db892f52d679d1b6d,2025-02,South Yorkshire Police,South Yorkshire Police,-1.479859,53.370000,On or near Mount Street,E01008105,Sheffield 040A,Criminal damage and arson,Investigation complete; no suspect identified,
f6a80f402f532c62bd24f0bf10604045945ec75b2ac4e39379c134a996a59c76,2025-02,South Yorkshire Police,South Yorkshire Police,-1.480799,53.365609,On or near Ventnor Place,E01008105,Sheffield 040A,Drugs,Local resolution,
21edfd05221f5b892f4d8fe1a79304adf158f7df8c22f027e636f4320395a7b0,2025-02,South Yorkshire Police,South Yorkshire Police,-1.477973,53.369390,On or near Keeton'S Hill,E01008105,Sheffield 040A,Other theft,Investigation complete; no suspect identified,
40e917a47e599b991457e1f81828917bce43005da4cd5ab6041a1d7b6c690904,2025-02,South Yorkshire Police,South Yorkshire Police,-1.480888,53.366913,On or near Smeaton Street,E01008105,Sheffield 040A,Possession of weapons,Investigation complete; no suspect identified,
28603ad9ae13ca81f1c4d87381a3b8f6444de057efd59cf3ed7ab8662a2e6843,2025-02,South Yorkshire Police,South Yorkshire Police,-1.480888,53.366913,On or near Smeaton Street,E01008105,Sheffield 040A,Public order,Unable to prosecute suspect,
e8837e225fc98789db6e0a3a4c0a995dd8355808a99a28314030131609264c0d,2025-02,South Yorkshire Police,South Yorkshire Police,-1.480888,53.366913,On or near Smeaton Street,E01008105,Sheffield 040A,Shoplifting,Awaiting court outcome,
98635c319d1fb90931ba6f1c3430f9d41b3c7341aefbe55aa0a68b037f6750c7,2025-02,South Yorkshire Police,South Yorkshire Police,-1.480888,53.366913,On or near Smeaton Street,E01008105,Sheffield 040A,Shoplifting,Investigation complete; no suspect identified,
cc1574bbea16719ff5d8b7f28b0db22008ae2827064f756071c394fa802d2317,2025-02,South Yorkshire Police,South Yorkshire Police,-1.480888,53.366913,On or near Smeaton Street,E01008105,Sheffield 040A,Shoplifting,Investigation complete; no suspect identified,
671e919578e0e01672ebb1ef975eaca701dc037640d5f09302979c791c09a9ec,2025-02,South Yorkshire Police,South Yorkshire Police,-1.480888,53.366913,On or near Smeaton Street,E01008105,Sheffield 040A,Shoplifting,Awaiting court outcome,
53db11d93a048cd85ad24b94d5e66fb3bfe2a9b7056f3211d7fb23639c8f6a71,2025-02,South Yorkshire Police,South Yorkshire Police,-1.480888,53.366913,On or near Smeaton Street,E01008105,Sheffield 040A,Shoplifting,Investigation complete; no suspect identified,
513618f0b1c68f89ebe82a49db6ff953e5ea38c39d778c82e63f076d13c29752,2025-02,South Yorkshire Police,South Yorkshire Police,-1.478149,53.368492,On or near Salmon Street,E01008105,Sheffield 040A,Violence and sexual offences,Investigation complete; no suspect identified,
40af5ec9bfac496ef9dc652662cd33b92fe52c80e72497df8853d41cb4c5929e,2025-02,South Yorkshire Police,South Yorkshire Police,-1.479859,53.370000,On or near Mount Street,E01008105,Sheffield 040A,Violence and sexual offences,Investigation complete; no suspect identified,
44c668abed7c16841aeb8458740615496aae5ca98798f886b420477a683d7d4e,2025-02,South Yorkshire Police,South Yorkshire Police,-1.477750,53.367933,On or near Hobart Street,E01008105,Sheffield 040A,Violence and sexual offences,Status update unavailable,
e2c8a5a2316ce56888c40b55a18e94ba2a82f7884bf12654cadfdf026d49ff5d,2025-02,South Yorkshire Police,South Yorkshire Police,-1.476680,53.371811,On or near Boston Street,E01008105,Sheffield 040A,Violence and sexual offences,Unable to prosecute suspect,
8946b139eab8c7a66549aa65bf938ae59aed9a668e6bb4dede54bf8b2c2df55b,2025-02,South Yorkshire Police,South Yorkshire Police,-1.477973,53.369390,On or near Keeton'S Hill,E01008105,Sheffield 040A,Violence and sexual offences,Unable to prosecute suspect,
9012cb3ef626c078457e51a8a93bd030b4d907e36a65fe0157ceeaf92b3da301,2025-02,South Yorkshire Police,South Yorkshire Police,-1.482994,53.368009,On or near Fentonville Street,E01008107,Sheffield 040C,Bicycle theft,Investigation complete; no suspect identified,
bd137270bd69162b5eddb8f01012ef74d324fd74c02fd9216a9b2449373b2d25,2025-02,South Yorkshire Police,South Yorkshire Police,-1.481448,53.369054,On or near Washington Road,E01008107,Sheffield 040C,Drugs,Investigation complete; no suspect identified,
5abd84156751277395449c2750499e8fa42e15d7e371df5b994375c5b9e9548c,2025-02,South Yorkshire Police,South Yorkshire Police,-1.482994,53.368009,On or near Fentonville Street,E01008107,Sheffield 040C,Drugs,Awaiting court outcome,
15b3c6b834e6aef21c9e23138c206ce51b4a42b509a6f2fd8baa613c78365853,2025-02,South Yorkshire Police,South Yorkshire Police,-1.482994,53.368009,On or near Fentonville Street,E01008107,Sheffield 040C,Drugs,Awaiting court outcome,
2f1f6066f5e17a925bb2b62033bcee57e6062e993fae48a99a8dc0e6e0b85676,2025-02,South Yorkshire Police,South Yorkshire Police,-1.481448,53.369054,On or near Washington Road,E01008107,Sheffield 040C,Drugs,Investigation complete; no suspect identified,
de17a0a9d4b772c68c4638920ce7c95c38abf4d3b5f2216c787e9af37a4e7b42,2025-02,South Yorkshire Police,South Yorkshire Police,-1.482994,53.368009,On or near Fentonville Street,E01008107,Sheffield 040C,Drugs,Awaiting court outcome,
9929a523dba61cae61991f242dbc4fda7c182ed6da040365856c14689b059ffa,2025-02,South Yorkshire Police,South Yorkshire Police,-1.482965,53.369196,On or near Mackenzie Street,E01008107,Sheffield 040C,Violence and sexual offences,Status update unavailable,
a871c12908a62625398ade1f7376396acd48fcf96586f47f8480ec20c2b7aaf0,2025-02,South Yorkshire Police,South Yorkshire Police,-1.482533,53.367603,On or near Croydon Street,E01008107,Sheffield 040C,Violence and sexual offences,Offender given a caution,
035e1405214311a38e6c4f6a6b1a013aa767ab91a6f77a74c88ca2fb687a1755,2025-02,South Yorkshire Police,South Yorkshire Police,-1.482965,53.369196,On or near Mackenzie Street,E01008107,Sheffield 040C,Violence and sexual offences,Investigation complete; no suspect identified,
8424fded6e3d27b501ded2c9261193bbad4eac4cb7f667545fe26281a306b247,2025-02,South Yorkshire Police,South Yorkshire Police,-1.482753,53.366822,On or near Priory Avenue,E01008107,Sheffield 040C,Violence and sexual offences,Status update unavailable,
997aef849e8ce0e5b045e80853d3e0705f68956aa13f8f55874e57435b16499a,2025-02,South Yorkshire Police,South Yorkshire Police,-1.481448,53.369054,On or near Washington Road,E01008107,Sheffield 040C,Violence and sexual offences,Unable to prosecute suspect,
abb9ffd637c1e950039b45bddcc88e594d7e19925c86227f1b3eb850e8be4325,2025-02,South Yorkshire Police,South Yorkshire Police,-1.482965,53.369196,On or near Mackenzie Street,E01008107,Sheffield 040C,Other crime,Unable to prosecute suspect,
,2025-02,South Yorkshire Police,South Yorkshire Police,-1.485790,53.371707,On or near Pear Street,E01008111,Sheffield 040D,Anti-social behaviour,,
85a60d3d5a928c4916ddcfa6c0969de781d4da149724adbf1f60831c45e6f344,2025-02,South Yorkshire Police,South Yorkshire Police,-1.485790,53.371707,On or near Pear Street,E01008111,Sheffield 040D,Burglary,Investigation complete; no suspect identified,
dc1bce7e2cdb0b19e88c73ab94d1450bd7f0c5f4a5e1266aeff7b64f59b8704d,2025-02,South Yorkshire Police,South Yorkshire Police,-1.484796,53.364772,On or near Theatre/Concert Hall,E01008111,Sheffield 040D,Vehicle crime,Awaiting court outcome,
9d98477ef985e7c3316d01a89097032b46dd9edb34c4acc4d759f8625baf04bb,2025-02,South Yorkshire Police,South Yorkshire Police,-1.484404,53.370685,On or near Pembroke Street,E01008111,Sheffield 040D,Vehicle crime,Investigation complete; no suspect identified,
d9d46fb7b45f29174f51d5677dc5429cfcee97c460f4dca54955e03709602536,2025-02,South Yorkshire Police,South Yorkshire Police,-1.485790,53.371707,On or near Pear Street,E01008111,Sheffield 040D,Vehicle crime,Investigation complete; no suspect identified,
53aed2531d3b20db7a3ee9a39b04df61a2f2198357ba8bb38db39dddf21b7342,2025-02,South Yorkshire Police,South Yorkshire Police,-1.485790,53.371707,On or near Pear Street,E01008111,Sheffield 040D,Vehicle crime,Investigation complete; no suspect identified,
203a5b13c162371cf7b6898fc1a1e9ededed4f67af0f611bf38a081a6df2b79c,2025-02,South Yorkshire Police,South Yorkshire Police,-1.487841,53.366125,On or near Sharrow View,E01008111,Sheffield 040D,Vehicle crime,Investigation complete; no suspect identified,
1e6e593bb38937dc86a45e8e2a4381ebe20c64629babaa2a001126926be59fa7,2025-02,South Yorkshire Police,South Yorkshire Police,-1.487841,53.366125,On or near Sharrow View,E01008111,Sheffield 040D,Vehicle crime,Investigation complete; no suspect identified,
baac2cd8678786d2001fec7e1cc9f49a5d735bf06bc3170e3737282883f62cdd,2025-02,South Yorkshire Police,South Yorkshire Police,-1.489337,53.370473,On or near Harland Road,E01008111,Sheffield 040D,Violence and sexual offences,Status update unavailable,
731f2b39838c4ffde591c70d940eaa78d7233e14147e566d4963adccbc4bb1c1,2025-02,South Yorkshire Police,South Yorkshire Police,-1.484588,53.365437,On or near Thornsett Road,E01008111,Sheffield 040D,Violence and sexual offences,Unable to prosecute suspect,
d9e7f8850c3112cf17784efe2abccf1060a42361dccea7b2d94c51919ea3389b,2025-02,South Yorkshire Police,South Yorkshire Police,-1.484588,53.365437,On or near Thornsett Road,E01008111,Sheffield 040D,Violence and sexual offences,Unable to prosecute suspect,
,2025-02,South Yorkshire Police,South Yorkshire Police,-1.478359,53.370974,On or near Leverton Drive,E01033271,Sheffield 040E,Anti-social behaviour,,
,2025-02,South Yorkshire Police,South Yorkshire Police,-1.478850,53.371362,On or near Leverton Gardens,E01033271,Sheffield 040E,Anti-social behaviour,,
,2025-02,South Yorkshire Police,South Yorkshire Police,-1.479257,53.371310,On or near Cliff Street,E01033271,Sheffield 040E,Anti-social behaviour,,
,2025-02,South Yorkshire Police,South Yorkshire Police,-1.476062,53.373175,On or near St Mary'S Gate,E01033271,Sheffield 040E,Anti-social behaviour,,
0aa0b47de52af0f941c1444a420a95e755405b99873b4ca9fd50870f8e119594,2025-02,South Yorkshire Police,South Yorkshire Police,-1.479257,53.371310,On or near Cliff Street,E01033271,Sheffield 040E,Burglary,Investigation complete; no suspect identified,
986ddfced78c904b83fc47a7504c859c7b8ba36bb6a91d2c0aca6323da4fdb0b,2025-02,South Yorkshire Police,South Yorkshire Police,-1.478359,53.370974,On or near Leverton Drive,E01033271,Sheffield 040E,Criminal damage and arson,Investigation complete; no suspect identified,
57b56be94b44078239533015c16642706ebe1915b19476e778e940a980485524,2025-02,South Yorkshire Police,South Yorkshire Police,-1.478898,53.373610,On or near Clarence Lane,E01033271,Sheffield 040E,Drugs,Awaiting court outcome,
0e7a0bc2397e6c5e9455899b64fc9e5054e06b3e8e901114136c9b142c917817,2025-02,South Yorkshire Police,South Yorkshire Police,-1.476062,53.373175,On or near St Mary'S Gate,E01033271,Sheffield 040E,Drugs,Status update unavailable,
7f6e36b549362914ab701d567fe615a9ee832b24bf85936183882e9e824c542b,2025-02,South Yorkshire Police,South Yorkshire Police,-1.479257,53.371310,On or near Cliff Street,E01033271,Sheffield 040E,Other theft,Investigation complete; no suspect identified,
3f0963d929909e6bf033ac1f3d9528899d00d423b3dfab504efc116e7e066f10,2025-02,South Yorkshire Police,South Yorkshire Police,-1.478898,53.373610,On or near Clarence Lane,E01033271,Sheffield 040E,Possession of weapons,Awaiting court outcome,
f0170de618d1a29c8c5d00f81efbf0b628c468e36f1f5672f2f4572dad18c6f6,2025-02,South Yorkshire Police,South Yorkshire Police,-1.476102,53.372402,On or near Hermitage Street,E01033271,Sheffield 040E,Public order,Investigation complete; no suspect identified,
efb08d148d60972bd2b238a670f713716f2439a9a1b344d1b9d8d30d8b89b819,2025-02,South Yorkshire Police,South Yorkshire Police,-1.477522,53.374260,On or near St Mary'S Square,E01033271,Sheffield 040E,Public order,Investigation complete; no suspect identified,
4064c123a44bf793b7a22821da7f684c510aff2c4dc3c84818bf055853fdaf73,2025-02,South Yorkshire Police,South Yorkshire Police,-1.478077,53.372121,On or near Petrol Station,E01033271,Sheffield 040E,Vehicle crime,Investigation complete; no suspect identified,
81be0ba5e96620503e726b9770dd55caf8bd120e21004405edc6d735b11df9bc,2025-02,South Yorkshire Police,South Yorkshire Police,-1.478815,53.374256,On or near A61,E01033271,Sheffield 040E,Violence and sexual offences,Investigation complete; no suspect identified,
20a8ac6d1be11b0ac9ed13652d2a9763d757d5605756ec4e734c35af64fcb1b0,2025-02,South Yorkshire Police,South Yorkshire Police,-1.477522,53.374260,On or near St Mary'S Square,E01033271,Sheffield 040E,Violence and sexual offences,Status update unavailable,
3f4a3bd65f3fea1852411184b64fbc2de88400664270adba22dbb8428c3226db,2025-02,South Yorkshire Police,South Yorkshire Police,-1.479257,53.371310,On or near Cliff Street,E01033271,Sheffield 040E,Violence and sexual offences,Investigation complete; no suspect identified,
acc3bbb805fadcc603cde4ed018c7b795a32fc713d9aa255cbd5f3b8a5c19799,2025-02,South Yorkshire Police,South Yorkshire Police,-1.478094,53.370532,On or near Club Garden Walk,E01033271,Sheffield 040E,Violence and sexual offences,Investigation complete; no suspect identified,
a7d32672880fa5f72a4b2bf8e90c207d12bb784db19cb67e1be05ac6445c1257,2025-02,South Yorkshire Police,South Yorkshire Police,-1.478359,53.370974,On or near Leverton Drive,E01033271,Sheffield 040E,Violence and sexual offences,Investigation complete; no suspect identified,
841d3a852328c6d9fa8ec68b5ce2512c1796be11646edbffa88ba6168dc55381,2025-02,South Yorkshire Police,South Yorkshire Police,-1.478094,53.370532,On or near Club Garden Walk,E01033271,Sheffield 040E,Violence and sexual offences,Unable to prosecute suspect,
7ec6dbfc6b68228f971408f026033ce859ba6b337c5e7d3ac6e491aeed80a942,2025-02,South Yorkshire Police,South Yorkshire Police,-1.478359,53.370974,On or near Leverton Drive,E01033271,Sheffield 040E,Violence and sexual offences,Unable to prosecute suspect,
d1b3742f34183fae8e4a0741b1af038c42f2f6c779ed26a2142f09c1f5ce703c,2025-02,South Yorkshire Police,South Yorkshire Police,-1.478815,53.374256,On or near A61,E01033271,Sheffield 040E,Other crime,Awaiting court outcome,
,2025-02,South Yorkshire Police,South Yorkshire Police,-1.482824,53.373150,On or near Petrol Station,E01033272,Sheffield 040F,Anti-social behaviour,,
,2025-02,South Yorkshire Police,South Yorkshire Police,-1.480982,53.372774,On or near Harrow Street,E01033272,Sheffield 040F,Anti-social behaviour,,
,2025-02,South Yorkshire Police,South Yorkshire Police,-1.482824,53.373150,On or near Petrol Station,E01033272,Sheffield 040F,Anti-social behaviour,,
eaaf3b3348bc884245edc73fc0facb8acc9facd832f1ab262f252bb2e3eccdfa,2025-02,South Yorkshire Police,South Yorkshire Police,-1.482953,53.370131,On or near Cemetery Road,E01033272,Sheffield 040F,Bicycle theft,Investigation complete; no suspect identified,
1be0e9f894a3995a5b049ca5d6f947cce6012035e98c6e43d255340aa94bf306,2025-02,South Yorkshire Police,South Yorkshire Police,-1.482824,53.373150,On or near Petrol Station,E01033272,Sheffield 040F,Burglary,Investigation complete; no suspect identified,
1ff5b0aa9e358578718c135fb36f31f328e18622205cb6fca42b812aef71ea89,2025-02,South Yorkshire Police,South Yorkshire Police,-1.482824,53.373150,On or near Petrol Station,E01033272,Sheffield 040F,Criminal damage and arson,Investigation complete; no suspect identified,
1ecfc612a938975694976e798cc646576dbdccd0b88c0225fbc301dffd605ebf,2025-02,South Yorkshire Police,South Yorkshire Police,-1.482953,53.370131,On or near Cemetery Road,E01033272,Sheffield 040F,Criminal damage and arson,Awaiting court outcome,
24c9fa54d43a2f313e3d1aa096a4297caa57fb300ff6945b43114de124b929f1,2025-02,South Yorkshire Police,South Yorkshire Police,-1.480982,53.372774,On or near Harrow Street,E01033272,Sheffield 040F,Criminal damage and arson,Investigation complete; no suspect identified,
3bc49d2387112582020a42ded2556c5f78faefca22cfaa00b13e8fc1aeb7a1c7,2025-02,South Yorkshire Police,South Yorkshire Police,-1.480982,53.372774,On or near Harrow Street,E01033272,Sheffield 040F,Other theft,Investigation complete; no suspect identified,
f9da6f9a62113899e19037eb34596a8ff75b5ad078b04609ce84eee1ae222d2e,2025-02,South Yorkshire Police,South Yorkshire Police,-1.482953,53.370131,On or near Cemetery Road,E01033272,Sheffield 040F,Other theft,Investigation complete; no suspect identified,
c5b899911fbe91da309e434d8bb2bed979517fe290a1a1ec575854e96014b169,2025-02,South Yorkshire Police,South Yorkshire Police,-1.480982,53.372774,On or near Harrow Street,E01033272,Sheffield 040F,Public order,Unable to prosecute suspect,
0074fa778ae5405f440e4417d1c3bbd73086b750bc06a9055972596754da4242,2025-02,South Yorkshire Police,South Yorkshire Police,-1.480982,53.372774,On or near Harrow Street,E01033272,Sheffield 040F,Public order,Investigation complete; no suspect identified,
9ee4782fd81b4c53de963157aa19338674e1c19e295f3efb39c1f6aeb9767daa,2025-02,South Yorkshire Police,South Yorkshire Police,-1.480982,53.372774,On or near Harrow Street,E01033272,Sheffield 040F,Theft from the person,Investigation complete; no suspect identified,
e70e1b15a696f3d1b8e0d667b7cfb0fe7755dc5fe7d3415cfa07a8638ce39406,2025-02,South Yorkshire Police,South Yorkshire Police,-1.480982,53.372774,On or near Harrow Street,E01033272,Sheffield 040F,Violence and sexual offences,Unable to prosecute suspect,
797865c8e407115d69048b0ecdae5faf67385ce9dfcc3ce8fabab0682b66e649,2025-02,South Yorkshire Police,South Yorkshire Police,-1.481527,53.373756,On or near Exeter Drive,E01033272,Sheffield 040F,Violence and sexual offences,Unable to prosecute suspect,
ba2f1ef9b7236f088f9411f4619ac630a1b6f941c48427ddeb2cc0d390449ae3,2025-02,South Yorkshire Police,South Yorkshire Police,-1.482824,53.373150,On or near Petrol Station,E01033272,Sheffield 040F,Violence and sexual offences,Investigation complete; no suspect identified,
4cb59819b63ef0ebf10580427e07feb5889576a4928313cfb515182947b488aa,2025-02,South Yorkshire Police,South Yorkshire Police,-1.480982,53.372774,On or near Harrow Street,E01033272,Sheffield 040F,Other crime,Unable to prosecute suspect,
c64794e01e7f972f85c29d8667ba5aa86a010744435e2a95f9dbc484012f1e42,2025-02,South Yorkshire Police,South Yorkshire Police,-1.481527,53.373756,On or near Exeter Drive,E01033272,Sheffield 040F,Other crime,Unable to prosecute suspect,
,2025-02,South Yorkshire Police,South Yorkshire Police,-1.548942,53.372079,On or near Hallam Grange Rise,E01007955,Sheffield 041A,Anti-social behaviour,,
9514adc4db0a4d0f187f771476e65068bbdc909c1bea1b14979fbac54f48e910,2025-02,South Yorkshire Police,South Yorkshire Police,-1.544259,53.371495,On or near Hallam Grange Croft,E01007955,Sheffield 041A,Vehicle crime,Investigation complete; no suspect identified,
305df96eae9ea4e812eada7f7ec39c6457168b6c08c4edc4a38b2eb65b8cf0e0,2025-02,South Yorkshire Police,South Yorkshire Police,-1.545725,53.370727,On or near Hallam Grange Crescent,E01007955,Sheffield 041A,Violence and sexual offences,Unable to prosecute suspect,
efe9ab791286131e460753bcfeb94bd24a6dba3db49b86b411544881eaeeef5e,2025-02,South Yorkshire Police,South Yorkshire Police,-1.569550,53.371885,On or near Harlech Grove,E01007956,Sheffield 041B,Vehicle crime,Investigation complete; no suspect identified,
6cbe8e7252ba802d59c5076fba2fef9e743a73286ca53993fecf9c857f8fdfec,2025-02,South Yorkshire Police,South Yorkshire Police,-1.561032,53.369985,On or near Peterborough Close,E01007956,Sheffield 041B,Vehicle crime,Investigation complete; no suspect identified,
8c23c4fa6591877449ee8d9b94e5820f1513d59a3ebfeb5f7e7d5820906aaf2c,2025-02,South Yorkshire Police,South Yorkshire Police,-1.569550,53.371885,On or near Harlech Grove,E01007956,Sheffield 041B,Vehicle crime,Investigation complete; no suspect identified,
1563fad00ea8d768508a839eeae2bf43d320411cac04c11ce7e3ac93a8ddb366,2025-02,South Yorkshire Police,South Yorkshire Police,-1.561843,53.371498,On or near Rochester Close,E01007956,Sheffield 041B,Vehicle crime,Investigation complete; no suspect identified,
59fbd685a4dcf0dc64adb49519aac6e3c3a49ccab7c9461e22cb937a2e7842df,2025-02,South Yorkshire Police,South Yorkshire Police,-1.569090,53.369744,On or near Kensington Drive,E01007956,Sheffield 041B,Vehicle crime,Investigation complete; no suspect identified,
0e46c867825cc0645344013ebcac1f27d11e6475bd9b377fc6f8a508ba5bf8cc,2025-02,South Yorkshire Police,South Yorkshire Police,-1.561032,53.369985,On or near Peterborough Close,E01007956,Sheffield 041B,Vehicle crime,Investigation complete; no suspect identified,
607c1c37dcf08e447fc779e111d27dd537312a9d2137f9185a1da737f8f23b01,2025-02,South Yorkshire Police,South Yorkshire Police,-1.572193,53.370645,On or near Sandringham Place,E01007956,Sheffield 041B,Violence and sexual offences,Investigation complete; no suspect identified,
553a6fe8819fd7665174415925214d982bae9632a192d161eb8e30a5065a439e,2025-02,South Yorkshire Police,South Yorkshire Police,-1.551840,53.370921,On or near St Albans Road,E01007957,Sheffield 041C,Vehicle crime,Investigation complete; no suspect identified,
8d5adb3ee529dbe4d50cb2d483a07080074aefe2ef76b67feb056099e060f08f,2025-02,South Yorkshire Police,South Yorkshire Police,-1.551793,53.373941,On or near Westminster Avenue,E01007957,Sheffield 041C,Vehicle crime,Investigation complete; no suspect identified,
b6293fdcdc6bcde15e7f3a815597ecd4e9a5ed0cb4518df250ef9100b3c64253,2025-02,South Yorkshire Police,South Yorkshire Police,-1.551928,53.372540,On or near Barncliffe Drive,E01007957,Sheffield 041C,Violence and sexual offences,Unable to prosecute suspect,
434b20ed89cd83b2e1cb48eed6e7ad17d96de038a2b231ef6cd29b8232456c98,2025-02,South Yorkshire Police,South Yorkshire Police,-1.551793,53.373941,On or near Westminster Avenue,E01007957,Sheffield 041C,Violence and sexual offences,Investigation complete; no suspect identified,
c8b75ba4c875ae437262a3592ca06a331ab27321e0f5a86feaf7c18dce904cf4,2025-02,South Yorkshire Police,South Yorkshire Police,-1.551928,53.372540,On or near Barncliffe Drive,E01007957,Sheffield 041C,Violence and sexual offences,Unable to prosecute suspect,
a27523f79bb794a9c39e55ff98d49f1f1761679c0fa3e07317bb407b3752cfcb,2025-02,South Yorkshire Police,South Yorkshire Police,-1.551793,53.373941,On or near Westminster Avenue,E01007957,Sheffield 041C,Violence and sexual offences,Unable to prosecute suspect,
ad231ac71984265e73669e2eaf92f6b924ec505bd857f2feed81f20f38ca87d7,2025-02,South Yorkshire Police,South Yorkshire Police,-1.545570,53.369675,On or near Hallam Grange Close,E01007958,Sheffield 041D,Burglary,Investigation complete; no suspect identified,
65ec8571361f740f3afb8fe56c1b85a0d236ee2f8cb571e46c0c926b4f9c4a31,2025-02,South Yorkshire Police,South Yorkshire Police,-1.538215,53.368901,On or near Stumperlowe Hall Road,E01007958,Sheffield 041D,Other theft,Investigation complete; no suspect identified,
a6abc02831adeb8b5ff7a41c02910195f32e298ed93bb53f4523e061b3d1c7a9,2025-02,South Yorkshire Police,South Yorkshire Police,-1.538215,53.368901,On or near Stumperlowe Hall Road,E01007958,Sheffield 041D,Vehicle crime,Investigation complete; no suspect identified,
,2025-02,South Yorkshire Police,South Yorkshire Police,-1.545715,53.364046,On or near Supermarket,E01007959,Sheffield 041E,Anti-social behaviour,,
,2025-02,South Yorkshire Police,South Yorkshire Police,-1.475675,53.363133,On or near Gamston Road,E01008108,Sheffield 042A,Anti-social behaviour,,
,2025-02,South Yorkshire Police,South Yorkshire Police,-1.470955,53.371759,On or near Countess Road,E01008108,Sheffield 042A,Anti-social behaviour,,
,2025-02,South Yorkshire Police,South Yorkshire Police,-1.472149,53.371189,On or near Petrol Station,E01008108,Sheffield 042A,Anti-social behaviour,,
,2025-02,South Yorkshire Police,South Yorkshire Police,-1.471954,53.363889,On or near Alderney Road,E01008108,Sheffield 042A,Anti-social behaviour,,
9981d8bc2a44290c548c8fc127c03d761c9fa1a05b004b12c75e1fbb189a9979,2025-02,South Yorkshire Police,South Yorkshire Police,-1.472342,53.362893,On or near Sark Road,E01008108,Sheffield 042A,Bicycle theft,Investigation complete; no suspect identified,
f741bb4f8de70d8a1f61b4837b80b3e49626fd6a7d09dddc722212c2ee7e8a86,2025-02,South Yorkshire Police,South Yorkshire Police,-1.471954,53.363889,On or near Alderney Road,E01008108,Sheffield 042A,Burglary,Unable to prosecute suspect,
a9d9ca78e897b8a5f4756221cbdcefa82c156688e302e6f8d77ae38b3ee37912,2025-02,South Yorkshire Police,South Yorkshire Police,-1.475925,53.363520,On or near Harwell Road,E01008108,Sheffield 042A,Criminal damage and arson,Investigation complete; no suspect identified,
3496eef8405ccd5f7aaadcaa5062972cb1bd4973e3459f554787632ab2e0fdad,2025-02,South Yorkshire Police,South Yorkshire Police,-1.472342,53.362893,On or near Sark Road,E01008108,Sheffield 042A,Criminal damage and arson,Investigation complete; no suspect identified,
73098f8edef0e82b1830112b8388fa9d3e3a9b09f4a83717d07cf8ed0a9c6a2e,2025-02,South Yorkshire Police,South Yorkshire Police,-1.472342,53.362893,On or near Sark Road,E01008108,Sheffield 042A,Criminal damage and arson,Investigation complete; no suspect identified,
678603ae12326bbeb322c0c8ae9b6f2580878ca6ba8d8b4bd84b962d028143ec,2025-02,South Yorkshire Police,South Yorkshire Police,-1.468684,53.367012,On or near St Wilfrid'S Road,E01008108,Sheffield 042A,Criminal damage and arson,Investigation complete; no suspect identified,
0f621d0a8a02e3be202496203583ec58c2b5dafa255f43ad127a72babf41a2d4,2025-02,South Yorkshire Police,South Yorkshire Police,-1.472342,53.362893,On or near Sark Road,E01008108,Sheffield 042A,Criminal damage and arson,Awaiting court outcome,
d8d886f0a3ecc126ccf950e9d057ee4488dc6c185b7b9b2e21c55827bda8884a,2025-02,South Yorkshire Police,South Yorkshire Police,-1.475675,53.363133,On or near Gamston Road,E01008108,Sheffield 042A,Criminal damage and arson,Investigation complete; no suspect identified,
5272385e0cfb6228bd73137d0e8f1a8499a34197aab50810a3d049b3440087e3,2025-02,South Yorkshire Police,South Yorkshire Police,-1.471954,53.363889,On or near Alderney Road,E01008108,Sheffield 042A,Drugs,Investigation complete; no suspect identified,
7802145c3440e46e1a1029890eaeb78e29309bc958f9e911fe581a196bdee9c2,2025-02,South Yorkshire Police,South Yorkshire Police,-1.472342,53.362893,On or near Sark Road,E01008108,Sheffield 042A,Drugs,Investigation complete; no suspect identified,
a34e5fa458ae4d0b279f56adb9be3ffc7575645ef954f03cf17efb083a1c47b6,2025-02,South Yorkshire Police,South Yorkshire Police,-1.471308,53.363868,On or near Guernsey Road,E01008108,Sheffield 042A,Other theft,Investigation complete; no suspect identified,
3ebc2ec0fe75b2e7e18b6427bf2738b08e53eb663093c08f6940928b900b0139,2025-02,South Yorkshire Police,South Yorkshire Police,-1.471308,53.363868,On or near Guernsey Road,E01008108,Sheffield 042A,Other theft,Investigation complete; no suspect identified,
e15acf6c4c6480d95d929778df86b90531e0e9bb5b403ce5b321da53f34bd104,2025-02,South Yorkshire Police,South Yorkshire Police,-1.471954,53.363889,On or near Alderney Road,E01008108,Sheffield 042A,Other theft,Investigation complete; no suspect identified,
f5693c10ba00fa71d6f26978ef4d57ecd07c86c1995fefb21a1635ccb3bc4bed,2025-02,South Yorkshire Police,South Yorkshire Police,-1.472342,53.362893,On or near Sark Road,E01008108,Sheffield 042A,Possession of weapons,Status update unavailable,
6b023a3270292e5192742ba1c8307976a375311cf5ab8244514a8d8db2c31d00,2025-02,South Yorkshire Police,South Yorkshire Police,-1.472342,53.362893,On or near Sark Road,E01008108,Sheffield 042A,Possession of weapons,Awaiting court outcome,
5e5655a6af6658db4a2b943fc89f55ab55a8e1a01d96dca38ce90a4dd0480ae4,2025-02,South Yorkshire Police,South Yorkshire Police,-1.475675,53.363133,On or near Gamston Road,E01008108,Sheffield 042A,Public order,Investigation complete; no suspect identified,
8cbaaa19800059e3dc8d1908262c0e875b274e01867185cc7743f782c40367dd,2025-02,South Yorkshire Police,South Yorkshire Police,-1.470512,53.369860,On or near Sports/Recreation Area,E01008108,Sheffield 042A,Public order,Status update unavailable,
b2ec9164831b4ddab9e2235f55fefa4a5767ead414d9b3a6290a42c05af954e4,2025-02,South Yorkshire Police,South Yorkshire Police,-1.470512,53.369860,On or near Sports/Recreation Area,E01008108,Sheffield 042A,Public order,Status update unavailable,
02af55351b4042ed880522a442608d8150636a99796d9d2e8f92843a4b47fd7b,2025-02,South Yorkshire Police,South Yorkshire Police,-1.470219,53.365643,On or near Harrington Road,E01008108,Sheffield 042A,Shoplifting,Awaiting court outcome,
0f54879dea06e8c6e2f4fe5e9148275d26cec916397ee3856fe1ead7c2ef90e2,2025-02,South Yorkshire Police,South Yorkshire Police,-1.471308,53.363868,On or near Guernsey Road,E01008108,Sheffield 042A,Shoplifting,Investigation complete; no suspect identified,
54bff2dfeae306881c692f8c2aad63be39b8e760467fc0f42942fc50944f1599,2025-02,South Yorkshire Police,South Yorkshire Police,-1.471308,53.363868,On or near Guernsey Road,E01008108,Sheffield 042A,Shoplifting,Investigation complete; no suspect identified,
1bd915af6780b721bdc8e262a6a10ff5a3a467533bf2d995cda4087c95f77740,2025-02,South Yorkshire Police,South Yorkshire Police,-1.471308,53.363868,On or near Guernsey Road,E01008108,Sheffield 042A,Shoplifting,Investigation complete; no suspect identified,
71f35ff1a360c54d206821a873904bc11296a79f4831103b28e518221cf4f07b,2025-02,South Yorkshire Police,South Yorkshire Police,-1.471308,53.363868,On or near Guernsey Road,E01008108,Sheffield 042A,Shoplifting,Investigation complete; no suspect identified,
dad910d33dc3b4d22bb63236fe6fbced5e7174ac51771d5045522df34ebd4d9f,2025-02,South Yorkshire Police,South Yorkshire Police,-1.471308,53.363868,On or near Guernsey Road,E01008108,Sheffield 042A,Shoplifting,Investigation complete; no suspect identified,
0b5dcb08879b3fa0b1a9171716b2a968189d3c55d4e79fd450532b3c048d6eb4,2025-02,South Yorkshire Police,South Yorkshire Police,-1.472765,53.371210,On or near Ascot Street,E01008108,Sheffield 042A,Vehicle crime,Investigation complete; no suspect identified,
609a52a597e48b7d461aeb2af23810e3a262d30f7a363bd5c8066d88205663e9,2025-02,South Yorkshire Police,South Yorkshire Police,-1.471308,53.363868,On or near Guernsey Road,E01008108,Sheffield 042A,Vehicle crime,Investigation complete; no suspect identified,
b411a3bef07a8a601a0380bb22dea438dc09d32f95111bace289517b4a7e181e,2025-02,South Yorkshire Police,South Yorkshire Police,-1.470219,53.365643,On or near Harrington Road,E01008108,Sheffield 042A,Vehicle crime,Investigation complete; no suspect identified,
64d4629d957054d226e33349db9dc5c3c6ee80aaba2ab46b2cb615c01cfa715e,2025-02,South Yorkshire Police,South Yorkshire Police,-1.472765,53.371210,On or near Ascot Street,E01008108,Sheffield 042A,Vehicle crime,Investigation complete; no suspect identified,
2d70a25656472b72de2ee2ab8e7453f51bfd9b421fffdc2735da33d493ccc366,2025-02,South Yorkshire Police,South Yorkshire Police,-1.470909,53.364487,On or near Jersey Road,E01008108,Sheffield 042A,Vehicle crime,Investigation complete; no suspect identified,
8797cc52d6e1574cb14b4f161d7d522f602a2d74d340da8ffbea4c6d1fd3b676,2025-02,South Yorkshire Police,South Yorkshire Police,-1.472342,53.362893,On or near Sark Road,E01008108,Sheffield 042A,Violence and sexual offences,Investigation complete; no suspect identified,
60127246f92fcee2611f685b5a98f8a5e4b1f5dd6140c689d023ec9135e6717a,2025-02,South Yorkshire Police,South Yorkshire Police,-1.471697,53.368841,On or near Bramall Lane,E01008108,Sheffield 042A,Violence and sexual offences,Unable to prosecute suspect,
3da9f0bd578cb41cde599e122876e5f66426979de0ef2bff81d03e08eb2c9075,2025-02,South Yorkshire Police,South Yorkshire Police,-1.470512,53.369860,On or near Sports/Recreation Area,E01008108,Sheffield 042A,Violence and sexual offences,Unable to prosecute suspect,
a62b58ee790ea80fdd110de726f4b12db1fe7c49968355460d78e1dace7d9afc,2025-02,South Yorkshire Police,South Yorkshire Police,-1.475925,53.363520,On or near Harwell Road,E01008108,Sheffield 042A,Violence and sexual offences,Unable to prosecute suspect,
e2ffb3428c9ce09ad0d047a9e02456ee7a1704d076847881e100783a66a2b08c,2025-02,South Yorkshire Police,South Yorkshire Police,-1.470494,53.367721,On or near Bramall Court,E01008108,Sheffield 042A,Violence and sexual offences,Investigation complete; no suspect identified,
719fdbcbe36df04c06a09444f50e1eebfb6457745cd6f00416f9d695b5891109,2025-02,South Yorkshire Police,South Yorkshire Police,-1.472342,53.362893,On or near Sark Road,E01008108,Sheffield 042A,Violence and sexual offences,Investigation complete; no suspect identified,
102d0ab777c9d9280be4e87309730ce3602e2234c20fb31adfecc3290fb75522,2025-02,South Yorkshire Police,South Yorkshire Police,-1.472342,53.362893,On or near Sark Road,E01008108,Sheffield 042A,Violence and sexual offences,Awaiting court outcome,
1014acceea07f13c215bdcda3a3f460ca2b2d454a5e9a8047d8cbaf72da7b5e4,2025-02,South Yorkshire Police,South Yorkshire Police,-1.471697,53.368841,On or near Bramall Lane,E01008108,Sheffield 042A,Violence and sexual offences,Investigation complete; no suspect identified,
260a373ff54da61705b1b8536dc6195d1c114be45ca6d6eee83a45d44e8ca1b0,2025-02,South Yorkshire Police,South Yorkshire Police,-1.471697,53.368841,On or near Bramall Lane,E01008108,Sheffield 042A,Violence and sexual offences,Unable to prosecute suspect,
05b33415ffed1dec98748930a29d289ec724c309cd4263dcfc8fc0b077753f55,2025-02,South Yorkshire Police,South Yorkshire Police,-1.469380,53.369028,On or near Cherry Street,E01008108,Sheffield 042A,Violence and sexual offences,Unable to prosecute suspect,
,2025-02,South Yorkshire Police,South Yorkshire Police,-1.473745,53.366090,On or near Holland Place,E01008109,Sheffield 042B,Anti-social behaviour,,
,2025-02,South Yorkshire Police,South Yorkshire Police,-1.475326,53.368255,On or near Parking Area,E01008109,Sheffield 042B,Anti-social behaviour,,
,2025-02,South Yorkshire Police,South Yorkshire Police,-1.476558,53.369509,On or near Bennett Street,E01008109,Sheffield 042B,Anti-social behaviour,,
,2025-02,South Yorkshire Police,South Yorkshire Police,-1.473036,53.371175,On or near Unstone Street,E01008109,Sheffield 042B,Anti-social behaviour,,
,2025-02,South Yorkshire Police,South Yorkshire Police,-1.474567,53.365222,On or near Witney Street,E01008109,Sheffield 042B,Anti-social behaviour,,
,2025-02,South Yorkshire Police,South Yorkshire Police,-1.474425,53.366992,On or near St Barnabas Road,E01008109,Sheffield 042B,Anti-social behaviour,,
,2025-02,South Yorkshire Police,South Yorkshire Police,-1.475326,53.368255,On or near Parking Area,E01008109,Sheffield 042B,Anti-social behaviour,,
,2025-02,South Yorkshire Police,South Yorkshire Police,-1.470203,53.371756,On or near Baron Street,E01008109,Sheffield 042B,Anti-social behaviour,,
aaa1c6cc5e12bd5cd35be9f4ae00e699122cbb7b04b66b6f7068fddeca63feb9,2025-02,South Yorkshire Police,South Yorkshire Police,-1.471928,53.373264,On or near Hereford Street,E01008109,Sheffield 042B,Burglary,Investigation complete; no suspect identified,
b9684ef7a962c55dbc7d323e91e1e1f009bd8a83cebc2c17ca9d1c303dc2456a,2025-02,South Yorkshire Police,South Yorkshire Police,-1.475326,53.368255,On or near Parking Area,E01008109,Sheffield 042B,Burglary,Investigation complete; no suspect identified,
47dab7711343d6e19603dac8d0ae9a57499df877eabf41a1e87b5013ab19e183,2025-02,South Yorkshire Police,South Yorkshire Police,-1.471928,53.373264,On or near Hereford Street,E01008109,Sheffield 042B,Burglary,Investigation complete; no suspect identified,
32fb6370a3aaddcc19c9d054ebbee8f70dd8a94184a0e45702ed746ee132770a,2025-02,South Yorkshire Police,South Yorkshire Police,-1.474567,53.365222,On or near Witney Street,E01008109,Sheffield 042B,Burglary,Investigation complete; no suspect identified,
d35e56505f8f7e8585b9d6673ea173705f18fd2d5a4ff2501cb0dcb1efd19c6f,2025-02,South Yorkshire Police,South Yorkshire Police,-1.469056,53.372110,On or near Clough Road,E01008109,Sheffield 042B,Drugs,Investigation complete; no suspect identified,
1793d3fb28843e82dc1691c7eed4da6a3da455357c417e4f628eedc5cfb3bbc1,2025-02,South Yorkshire Police,South Yorkshire Police,-1.471822,53.366037,On or near Asline Road,E01008109,Sheffield 042B,Other theft,Investigation complete; no suspect identified,
598da169dc3f74cc7d1c94e9e3b4be4fe8c3b67c3bea29c56892e0c3da266dfe,2025-02,South Yorkshire Police,South Yorkshire Police,-1.475326,53.368255,On or near Parking Area,E01008109,Sheffield 042B,Public order,Unable to prosecute suspect,
5f858e2270b95df1fff73a7e0e9e21422259e1b6ec66be2e3282bf98d452e900,2025-02,South Yorkshire Police,South Yorkshire Police,-1.473114,53.372182,On or near Petrol Station,E01008109,Sheffield 042B,Public order,Offender given a caution,
24b0afe460c0ce939dbc9f9b8474d91f8595a3d2c92ca781c4cb466ab1edf56f,2025-02,South Yorkshire Police,South Yorkshire Police,-1.474748,53.366391,On or near London Road,E01008109,Sheffield 042B,Robbery,Investigation complete; no suspect identified,
cf6364df18c50519573b4ae35e246cb8233c32170b03c92bff33cd3b07075f04,2025-02,South Yorkshire Police,South Yorkshire Police,-1.476331,53.368475,On or near Grosvenor Square,E01008109,Sheffield 042B,Vehicle crime,Investigation complete; no suspect identified,
057aabc1a87754aacab3e3bb2fa5a0e3a1e7db107523c30bffae9907392a4b71,2025-02,South Yorkshire Police,South Yorkshire Police,-1.469056,53.372110,On or near Clough Road,E01008109,Sheffield 042B,Vehicle crime,Investigation complete; no suspect identified,
507b5d9d94b88ae41346fa9b86923e44e9138880d70a904b12ef4afaed95c38d,2025-02,South Yorkshire Police,South Yorkshire Police,-1.474345,53.368637,On or near Thorp Close,E01008109,Sheffield 042B,Violence and sexual offences,Investigation complete; no suspect identified,
9e32f8c049e37d2007675ca546852864de05e74ee05a53226132faec50f981cd,2025-02,South Yorkshire Police,South Yorkshire Police,-1.474170,53.368196,On or near Woodhead Road,E01008109,Sheffield 042B,Violence and sexual offences,Investigation complete; no suspect identified,
4dda14c3b34dfaaf3821866efc8845c228ec685fc3722baa04fe1e52e603ff19,2025-02,South Yorkshire Police,South Yorkshire Police,-1.473114,53.372182,On or near Petrol Station,E01008109,Sheffield 042B,Violence and sexual offences,Local resolution,
31dd77449a3c89fb1d1e95cc069d1ef4575ea48e904e230955c3c0d9255d61a8,2025-02,South Yorkshire Police,South Yorkshire Police,-1.474567,53.365222,On or near Witney Street,E01008109,Sheffield 042B,Violence and sexual offences,Unable to prosecute suspect,
6e04e8b482b19d82790ff4fc9f3a48ae3ce3a2b959721d3dab6f8eb455bfaeee,2025-02,South Yorkshire Police,South Yorkshire Police,-1.474567,53.365222,On or near Witney Street,E01008109,Sheffield 042B,Violence and sexual offences,Unable to prosecute suspect,
a8a7bffe6371dd2844584a54fdf350ca18b8474a1e962ca5de86838c66bf0d59,2025-02,South Yorkshire Police,South Yorkshire Police,-1.470203,53.371756,On or near Baron Street,E01008109,Sheffield 042B,Other crime,Unable to prosecute suspect,
3f4cafe3de84de285f74ff6adf0045172d19cc386a1345e1967ff10af5f70155,2025-02,South Yorkshire Police,South Yorkshire Police,-1.476684,53.364189,On or near Farrar Road,E01008112,Sheffield 042D,Drugs,Investigation complete; no suspect identified,
9a91a29ddd747623bef7472888986b3328f95344f9b108a655e2d7cc4622ea86,2025-02,South Yorkshire Police,South Yorkshire Police,-1.473556,53.364382,On or near Glover Road,E01008112,Sheffield 042D,Other theft,Investigation complete; no suspect identified,
23e792d8405784b52075f133dc7cb231f8d82e56a7a418c06648f303c4558051,2025-02,South Yorkshire Police,South Yorkshire Police,-1.477375,53.362942,On or near Chippinghouse Road,E01008112,Sheffield 042D,Possession of weapons,Status update unavailable,
615832b740ae4b39a7e41c63e15ab28de07e3b8c66eba74dc56155a5c3688bda,2025-02,South Yorkshire Police,South Yorkshire Police,-1.473556,53.364382,On or near Glover Road,E01008112,Sheffield 042D,Violence and sexual offences,Unable to prosecute suspect,
,2025-02,South Yorkshire Police,South Yorkshire Police,-1.479731,53.360741,On or near Southcroft Gardens,E01008113,Sheffield 042E,Anti-social behaviour,,
696f9bc5362128f057137e40167f85370b186f8f01c6b92da9ca4a2be6d7d5c4,2025-02,South Yorkshire Police,South Yorkshire Police,-1.480948,53.360747,On or near Tavistock Road,E01008113,Sheffield 042E,Burglary,Unable to prosecute suspect,
808fda87c3a99330539bdc070f539cc322b755c97cf80012299b9573d55b62bb,2025-02,South Yorkshire Police,South Yorkshire Police,-1.480282,53.359917,On or near Belper Road,E01008113,Sheffield 042E,Criminal damage and arson,Investigation complete; no suspect identified,
4eb981bc4306b849a747d2340d5049a79f867b8b8687cf51b16f1e4ea5486a91,2025-02,South Yorkshire Police,South Yorkshire Police,-1.479873,53.360230,On or near Avenue Road,E01008113,Sheffield 042E,Drugs,Investigation complete; no suspect identified,
7d34b92b6e16d7087430416988a161662dafc4a61fa7e43fd4c0b5ad049f94b4,2025-02,South Yorkshire Police,South Yorkshire Police,-1.481684,53.360750,On or near Empire Road,E01008113,Sheffield 042E,Violence and sexual offences,Status update unavailable,
482195d6197d43705a9337bd2d77cd4f3a75cc0acca9f3bedd1d1b761cf02a74,2025-02,South Yorkshire Police,South Yorkshire Police,-1.479731,53.360741,On or near Southcroft Gardens,E01008113,Sheffield 042E,Other crime,Unable to prosecute suspect,
96ebf9ded5394fc2cff3564df37914ed3e87c786ac41b6413ed1024780f0abfa,2025-02,South Yorkshire Police,South Yorkshire Police,-1.479731,53.360741,On or near Southcroft Gardens,E01008113,Sheffield 042E,Other crime,Unable to prosecute suspect,
c3cf5b7dcd0ff8f60ca4bee8b1d7c6f77ae4553e1a8dceadc5d7f494ae0b1959,2025-02,South Yorkshire Police,South Yorkshire Police,-1.482181,53.363197,On or near Crescent Road,E01008113,Sheffield 042E,Other crime,Unable to prosecute suspect,
,2025-02,South Yorkshire Police,South Yorkshire Police,-1.463955,53.372636,On or near Nightclub,E01033273,Sheffield 042F,Anti-social behaviour,,
019138746ca0e4e2675366d7bc2d78dea6f4f65e9ffbc0dd3d6440a4959b7195,2025-02,South Yorkshire Police,South Yorkshire Police,-1.463955,53.372636,On or near Nightclub,E01033273,Sheffield 042F,Bicycle theft,Investigation complete; no suspect identified,
877c4eefe38f95e8b8793f0b9dab9b6e389db17994f91f5151e13809304a38af,2025-02,South Yorkshire Police,South Yorkshire Police,-1.463955,53.372636,On or near Nightclub,E01033273,Sheffield 042F,Other theft,Unable to prosecute suspect,
4258200b3598ab59335739c760c7f6c1230cfc296959fecff62efb20a9a0f913,2025-02,South Yorkshire Police,South Yorkshire Police,-1.466709,53.373556,On or near Lenton Street,E01033273,Sheffield 042F,Robbery,Investigation complete; no suspect identified,
6254e637b1ae4ccec91b056a975fa3408358f9c588ca48d1fd1dfb3c4e700652,2025-02,South Yorkshire Police,South Yorkshire Police,-1.468105,53.373670,On or near St Mary'S Road,E01033273,Sheffield 042F,Robbery,Awaiting court outcome,
48bcfa916b3942f9626b7c68fd1351ae0a3863d3f44fbaa426d43100b596dec3,2025-02,South Yorkshire Police,South Yorkshire Police,-1.463955,53.372636,On or near Nightclub,E01033273,Sheffield 042F,Vehicle crime,Investigation complete; no suspect identified,
6e872809c4b00c9b84b755c4f19d95ccbc6e3c6ab288c76844c764ad4d07c91d,2025-02,South Yorkshire Police,South Yorkshire Police,-1.463955,53.372636,On or near Nightclub,E01033273,Sheffield 042F,Vehicle crime,Investigation complete; no suspect identified,
8e6752809c0a4f8d3b8ec560813fe4e6d582a9605a1bd9956f882d12e725b654,2025-02,South Yorkshire Police,South Yorkshire Police,-1.463955,53.372636,On or near Nightclub,E01033273,Sheffield 042F,Vehicle crime,Investigation complete; no suspect identified,
a521bafd55edeacccc900765a5c5b03224b335713c0340f23bdf7b4d20e96fcf,2025-02,South Yorkshire Police,South Yorkshire Police,-1.463955,53.372636,On or near Nightclub,E01033273,Sheffield 042F,Vehicle crime,Investigation complete; no suspect identified,
046457137812971a74eeb0fe1a4180f7e9f7e041732e7db5428a480c6b5f22ef,2025-02,South Yorkshire Police,South Yorkshire Police,-1.463955,53.372636,On or near Nightclub,E01033273,Sheffield 042F,Vehicle crime,Investigation complete; no suspect identified,
80aa53333fe972e0ec741e581b863f3e2f646fbee9fd1540945971669eeed2ee,2025-02,South Yorkshire Police,South Yorkshire Police,-1.463955,53.372636,On or near Nightclub,E01033273,Sheffield 042F,Vehicle crime,Investigation complete; no suspect identified,
71ef420b4c86eb842256545c3b4a47d5b46e083cf9b99354a80d66836823e7bb,2025-02,South Yorkshire Police,South Yorkshire Police,-1.466115,53.371737,On or near Cromford Street,E01033273,Sheffield 042F,Vehicle crime,Investigation complete; no suspect identified,
eee157dd2983e43243c5a4c9be6cf8c1c6d63e9d228923f6279082026407ad0e,2025-02,South Yorkshire Police,South Yorkshire Police,-1.466115,53.371737,On or near Cromford Street,E01033273,Sheffield 042F,Violence and sexual offences,Investigation complete; no suspect identified,
f4b2007ce7d613f3740aac061652f05c30712ee7d141674e84acf6d18d1c331f,2025-02,South Yorkshire Police,South Yorkshire Police,-1.464894,53.370842,On or near Priestley Street,E01033273,Sheffield 042F,Violence and sexual offences,Action to be taken by another organisation,
f2bfa7af70bdebd1f884941b6b3f106bbd1901f2d87fdad7bd8c65f5bd966daf,2025-02,South Yorkshire Police,South Yorkshire Police,-1.464894,53.370842,On or near Priestley Street,E01033273,Sheffield 042F,Violence and sexual offences,Action to be taken by another organisation,
40fb64b376dd0a09a9b1eef7af35382c94e8bfb7fc209ca05c43e03a19780af4,2025-02,South Yorkshire Police,South Yorkshire Police,-1.464894,53.370842,On or near Priestley Street,E01033273,Sheffield 042F,Violence and sexual offences,Unable to prosecute suspect,
e62f13bc7f38fa86a38e8c7390dad166d64892948acb41928b8ca29a5a79b3b3,2025-02,South Yorkshire Police,South Yorkshire Police,-1.469367,53.372507,On or near Midland Street,E01033273,Sheffield 042F,Violence and sexual offences,Investigation complete; no suspect identified,
,2025-02,South Yorkshire Police,South Yorkshire Police,-1.472422,53.374606,On or near Jessop Street,E01033274,Sheffield 042G,Anti-social behaviour,,
,2025-02,South Yorkshire Police,South Yorkshire Police,-1.470860,53.377008,On or near Parking Area,E01033274,Sheffield 042G,Anti-social behaviour,,
,2025-02,South Yorkshire Police,South Yorkshire Police,-1.469666,53.373857,On or near Mary Street,E01033274,Sheffield 042G,Anti-social behaviour,,
,2025-02,South Yorkshire Police,South Yorkshire Police,-1.472422,53.374606,On or near Jessop Street,E01033274,Sheffield 042G,Anti-social behaviour,,
,2025-02,South Yorkshire Police,South Yorkshire Police,-1.469207,53.376911,On or near Eyre Lane,E01033274,Sheffield 042G,Anti-social behaviour,,
,2025-02,South Yorkshire Police,South Yorkshire Police,-1.474899,53.373673,On or near South Lane,E01033274,Sheffield 042G,Anti-social behaviour,,
e987aa73b11c135b9f08a2059639addb9c2efe39e96186dff8b634bb2d5aa784,2025-02,South Yorkshire Police,South Yorkshire Police,-1.466194,53.375064,On or near Matilda Lane,E01033274,Sheffield 042G,Burglary,Investigation complete; no suspect identified,
4d168ffc7a2daaeceea5a98f41aca21a2454bc58df706b1cb52ed87eb8d17b3c,2025-02,South Yorkshire Police,South Yorkshire Police,-1.465961,53.376878,On or near Theatre/Concert Hall,E01033274,Sheffield 042G,Burglary,Investigation complete; no suspect identified,
c732a34fff4d8dfeae1ab0a3a0bbde7c985446d8d2e27dada44e0f7780fb0158,2025-02,South Yorkshire Police,South Yorkshire Police,-1.463677,53.375601,On or near Suffolk Road,E01033274,Sheffield 042G,Burglary,Investigation complete; no suspect identified,
a873ee0aec398d5b4022406f1468d138b8ac0cc705979a944bde0f1ce22a8239,2025-02,South Yorkshire Police,South Yorkshire Police,-1.473270,53.375458,On or near Shopping Area,E01033274,Sheffield 042G,Criminal damage and arson,Unable to prosecute suspect,
8441bae9274bdccdf47f8ab57d2883635d3d4c2bdfab0160509648ba5d8a12f9,2025-02,South Yorkshire Police,South Yorkshire Police,-1.469666,53.373857,On or near Mary Street,E01033274,Sheffield 042G,Other theft,Unable to prosecute suspect,
f0d0a9cee9ef589daa1a57e39439c75da9fa1c25748cc41c0fd13b8628fc275f,2025-02,South Yorkshire Police,South Yorkshire Police,-1.465010,53.375966,On or near Leadmill Road,E01033274,Sheffield 042G,Other theft,Investigation complete; no suspect identified,
b5f08ccbd977daa06bf1187d8eaeb47013cfe4bdd7c046e3a934b482bc485960,2025-02,South Yorkshire Police,South Yorkshire Police,-1.476044,53.374667,On or near Bishop Street,E01033274,Sheffield 042G,Public order,Investigation complete; no suspect identified,
a990e76735b253fd91ab671e28b0cb1ed4afb121cc0fcf1dc4cae70a516e8ad4,2025-02,South Yorkshire Police,South Yorkshire Police,-1.471467,53.376471,On or near Nightclub,E01033274,Sheffield 042G,Public order,Investigation complete; no suspect identified,
e8a7f3d2fcbea9957e10fa87e958c01a7d9e9246cb7f5df92a4a7292917df9d2,2025-02,South Yorkshire Police,South Yorkshire Police,-1.474899,53.373673,On or near South Lane,E01033274,Sheffield 042G,Public order,Unable to prosecute suspect,
1078b2ff1f33cc58336599b8c94771667ec1a9428ac5cb8b43f2cd3e1fa1905c,2025-02,South Yorkshire Police,South Yorkshire Police,-1.474899,53.373673,On or near South Lane,E01033274,Sheffield 042G,Public order,Offender given a caution,
938f93bdab89dcb21629e26532d67089a4258762b4b3a59ad994da92bb5ad9e6,2025-02,South Yorkshire Police,South Yorkshire Police,-1.465961,53.376878,On or near Theatre/Concert Hall,E01033274,Sheffield 042G,Public order,Investigation complete; no suspect identified,
0537de2cc22cd75d923b69d766444c676748df06dc193e066daa4c918aba58cb,2025-02,South Yorkshire Police,South Yorkshire Police,-1.474899,53.373673,On or near South Lane,E01033274,Sheffield 042G,Public order,Unable to prosecute suspect,
3c0d72806ef5422c71c13ee4821ffabd6fdde254f9c0fa6f6e7524c678bea859,2025-02,South Yorkshire Police,South Yorkshire Police,-1.474899,53.373673,On or near South Lane,E01033274,Sheffield 042G,Public order,Unable to prosecute suspect,
3c90e2374cb575a097ff4ffa1b1b056749685f060d3757efb420eca9d1b0682c,2025-02,South Yorkshire Police,South Yorkshire Police,-1.476044,53.374667,On or near Bishop Street,E01033274,Sheffield 042G,Public order,Unable to prosecute suspect,
ba41a1c7c50c9aa86e6ce788a9e2287474cbb3e508f458576d6dd7f746e70f00,2025-02,South Yorkshire Police,South Yorkshire Police,-1.474899,53.373673,On or near South Lane,E01033274,Sheffield 042G,Public order,Investigation complete; no suspect identified,
031b1d954e7764bdcf17b1817e086936087bde44c55d71422469f7e82a0a6ec9,2025-02,South Yorkshire Police,South Yorkshire Police,-1.476044,53.374667,On or near Bishop Street,E01033274,Sheffield 042G,Shoplifting,Investigation complete; no suspect identified,
cf7b1f0cfef78550b9e1039616239bb14022512ba0ee74b9830ec548c244b7bd,2025-02,South Yorkshire Police,South Yorkshire Police,-1.471467,53.376471,On or near Nightclub,E01033274,Sheffield 042G,Shoplifting,Investigation complete; no suspect identified,
fa292ab3604e38ba34339caf6419d9ba1b1a95acd96563ebe45cd0885f1cc696,2025-02,South Yorkshire Police,South Yorkshire Police,-1.471467,53.376471,On or near Nightclub,E01033274,Sheffield 042G,Shoplifting,Investigation complete; no suspect identified,
1fcd0efd8f462de7baceeee6d3e747beaee51b97762027ee44a85ee607a5d468,2025-02,South Yorkshire Police,South Yorkshire Police,-1.470860,53.377008,On or near Parking Area,E01033274,Sheffield 042G,Theft from the person,Investigation complete; no suspect identified,
cf4fe20a3b8114e4ae0283b9726475bd8f368d5069c6a3f64b1237a44c042b02,2025-02,South Yorkshire Police,South Yorkshire Police,-1.470860,53.377008,On or near Parking Area,E01033274,Sheffield 042G,Theft from the person,Investigation complete; no suspect identified,
ac70625fecc66842069501b912c5b43ad0666bd93939c10f53c3fe222c0ca078,2025-02,South Yorkshire Police,South Yorkshire Police,-1.473270,53.375458,On or near Shopping Area,E01033274,Sheffield 042G,Theft from the person,Awaiting court outcome,
18d30b175bb1493211079714ce78d166c36d3549beef7e6ec7305addcf4f6ab2,2025-02,South Yorkshire Police,South Yorkshire Police,-1.470860,53.377008,On or near Parking Area,E01033274,Sheffield 042G,Theft from the person,Investigation complete; no suspect identified,
2f45ef17e1fbb11623e0e99b11e19dd0534fca07fbab7e75df7428455812d45a,2025-02,South Yorkshire Police,South Yorkshire Police,-1.468743,53.375524,On or near Matilda Street,E01033274,Sheffield 042G,Theft from the person,Unable to prosecute suspect,
d8b8f30f24d4c77375fdfec4dcfdea0f49ae78087a64e99279e8b20d1e0599c1,2025-02,South Yorkshire Police,South Yorkshire Police,-1.470860,53.377008,On or near Parking Area,E01033274,Sheffield 042G,Theft from the person,Investigation complete; no suspect identified,
d9ca6a188414bfed6789b97192f436d570cd7be850d7792e67547466b189a2cb,2025-02,South Yorkshire Police,South Yorkshire Police,-1.473270,53.375458,On or near Shopping Area,E01033274,Sheffield 042G,Theft from the person,Investigation complete; no suspect identified,
4c017e542d2366e85b99532ab2b669249bee0490d06822810e40e2011df6a7aa,2025-02,South Yorkshire Police,South Yorkshire Police,-1.470860,53.377008,On or near Parking Area,E01033274,Sheffield 042G,Theft from the person,Investigation complete; no suspect identified,
b72eabbdfa57249a8055beb96e4e2c01aac8db43fcb18b006c18dedb2215e7fb,2025-02,South Yorkshire Police,South Yorkshire Police,-1.476044,53.374667,On or near Bishop Street,E01033274,Sheffield 042G,Vehicle crime,Investigation complete; no suspect identified,
a4f13b81f403fa52c0e5a293604a7f176222259acbd4c15788a93cec86c4c127,2025-02,South Yorkshire Police,South Yorkshire Police,-1.470938,53.374339,On or near Sylvester Street,E01033274,Sheffield 042G,Vehicle crime,Investigation complete; no suspect identified,
7df1f5d0b7cad9173f4d80d455c52303acf1dba160be223beccf3a1620280499,2025-02,South Yorkshire Police,South Yorkshire Police,-1.470803,53.376829,On or near Nightclub,E01033274,Sheffield 042G,Violence and sexual offences,Unable to prosecute suspect,
b195a90bd093d4efbc35ba3e2621e746374454d4215a61e1abd0c468eaca5aa6,2025-02,South Yorkshire Police,South Yorkshire Police,-1.466194,53.375064,On or near Matilda Lane,E01033274,Sheffield 042G,Violence and sexual offences,Offender given a caution,
04487e1592247831c6ca5dc9dda6904cc6a4ad6855d12c720d1e8ba0584d62a0,2025-02,South Yorkshire Police,South Yorkshire Police,-1.470938,53.374339,On or near Sylvester Street,E01033274,Sheffield 042G,Violence and sexual offences,Investigation complete; no suspect identified,
e72d592e768e14cd0b83a61bdabe0ff10228f3df3a497abf861762fbb793606f,2025-02,South Yorkshire Police,South Yorkshire Police,-1.474899,53.373673,On or near South Lane,E01033274,Sheffield 042G,Violence and sexual offences,Unable to prosecute suspect,
50a07c79a809d1819582ac7b4056324e695419d267dd45dff4c980a12137808e,2025-02,South Yorkshire Police,South Yorkshire Police,-1.464251,53.375405,On or near Fornham Street,E01033274,Sheffield 042G,Violence and sexual offences,Investigation complete; no suspect identified,
c74914216bcf36a01f8d77596e23ecbebb19121f4ef1317c7932f9990332739f,2025-02,South Yorkshire Police,South Yorkshire Police,-1.464251,53.375405,On or near Fornham Street,E01033274,Sheffield 042G,Violence and sexual offences,Investigation complete; no suspect identified,
ffc3a04e81b9c8fe2af8e7878e4097f5571e4d56ca17591924b574f2bc7fdac7,2025-02,South Yorkshire Police,South Yorkshire Police,-1.470803,53.376829,On or near Nightclub,E01033274,Sheffield 042G,Violence and sexual offences,Awaiting court outcome,
5e68ecb4dc782a23684512497347692f65855094b6e036d601d852beb95b9c3c,2025-02,South Yorkshire Police,South Yorkshire Police,-1.470938,53.374339,On or near Sylvester Street,E01033274,Sheffield 042G,Violence and sexual offences,Unable to prosecute suspect,
5a16db7e0ddaa31682db481291accb2d0c829b9738750875ec835ffd3884a89d,2025-02,South Yorkshire Police,South Yorkshire Police,-1.465961,53.376878,On or near Theatre/Concert Hall,E01033274,Sheffield 042G,Violence and sexual offences,Investigation complete; no suspect identified,
9ff22670e8525f671c5ff4e58f7b64ba3233ee584de76db46a92eadca0c15fe9,2025-02,South Yorkshire Police,South Yorkshire Police,-1.469207,53.376911,On or near Eyre Lane,E01033274,Sheffield 042G,Violence and sexual offences,Investigation complete; no suspect identified,
e9f4270d5a1578cbfec8eeb23e4cf168b381551f56d0d1b141771a179dd7edb1,2025-02,South Yorkshire Police,South Yorkshire Police,-1.473270,53.375458,On or near Shopping Area,E01033274,Sheffield 042G,Violence and sexual offences,Unable to prosecute suspect,
bc20af0b792acb673cf88f96868e8aecc5b31fa80e0c215bf5f6873bc85ea288,2025-02,South Yorkshire Police,South Yorkshire Police,-1.465010,53.375966,On or near Leadmill Road,E01033274,Sheffield 042G,Violence and sexual offences,Investigation complete; no suspect identified,
827ad41c8aeb20d5ccaf48fa8a819ca6597a0ef9db5f7fce3f7a7da5babe8c68,2025-02,South Yorkshire Police,South Yorkshire Police,-1.474899,53.373673,On or near South Lane,E01033274,Sheffield 042G,Violence and sexual offences,Unable to prosecute suspect,
75943826e938a25576f4df4016cfab85f372f03f8c64620a0e45ee44b214c096,2025-02,South Yorkshire Police,South Yorkshire Police,-1.465961,53.376878,On or near Theatre/Concert Hall,E01033274,Sheffield 042G,Violence and sexual offences,Unable to prosecute suspect,
,2025-02,South Yorkshire Police,South Yorkshire Police,-1.447667,53.364085,On or near Beldon Close,E01008095,Sheffield 043A,Anti-social behaviour,,
,2025-02,South Yorkshire Police,South Yorkshire Police,-1.459429,53.371546,On or near Norfolk Park Drive,E01008095,Sheffield 043A,Anti-social behaviour,,
,2025-02,South Yorkshire Police,South Yorkshire Police,-1.453345,53.366655,On or near Park Grange Drive,E01008095,Sheffield 043A,Anti-social behaviour,,
,2025-02,South Yorkshire Police,South Yorkshire Police,-1.445219,53.365134,On or near Guildford Walk,E01008095,Sheffield 043A,Anti-social behaviour,,
9a06a1b83938b08e2d64a445c330c84b464ee2629158e0aed41a993c5cb51888,2025-02,South Yorkshire Police,South Yorkshire Police,-1.456424,53.369168,On or near Cutlers Court,E01008095,Sheffield 043A,Burglary,Investigation complete; no suspect identified,
ece279c8cc0027430603e83b9cbfad0cacfdf685ed647c996fc88f2ef10e4149,2025-02,South Yorkshire Police,South Yorkshire Police,-1.447667,53.364085,On or near Beldon Close,E01008095,Sheffield 043A,Criminal damage and arson,Investigation complete; no suspect identified,
8798666430ed52557cabe8a2aaf9ef93d69b1561dac9f6ed960ece096ea135a9,2025-02,South Yorkshire Police,South Yorkshire Police,-1.455076,53.367580,On or near Frank Wright Close,E01008095,Sheffield 043A,Possession of weapons,Unable to prosecute suspect,
30d78a27433e872d75743b4f45a8ad9d8b3348b5a32f7677ec4ec921cdd3dc9f,2025-02,South Yorkshire Police,South Yorkshire Police,-1.456384,53.372278,On or near Norfolk Park Road,E01008095,Sheffield 043A,Public order,Unable to prosecute suspect,
4051e653943ec0eb1f22c25ac5421e2c570c17944deaf84475189d26c04a3729,2025-02,South Yorkshire Police,South Yorkshire Police,-1.459429,53.371546,On or near Norfolk Park Drive,E01008095,Sheffield 043A,Vehicle crime,Investigation complete; no suspect identified,
3d732f89bd63c2853054c9c64a65d37a955c0e871a60410937dc99c2446b2096,2025-02,South Yorkshire Police,South Yorkshire Police,-1.447667,53.364085,On or near Beldon Close,E01008095,Sheffield 043A,Vehicle crime,Unable to prosecute suspect,
4deeb5ef64985afadfeac124429a7361d765a57d766eebc115dfb11649673b31,2025-02,South Yorkshire Police,South Yorkshire Police,-1.456384,53.372278,On or near Norfolk Park Road,E01008095,Sheffield 043A,Violence and sexual offences,Unable to prosecute suspect,
c6dcb74919fcdd7e6e5722497699a2c829e08688f7a68c3cdf2cc1258a2c8f35,2025-02,South Yorkshire Police,South Yorkshire Police,-1.456384,53.372278,On or near Norfolk Park Road,E01008095,Sheffield 043A,Violence and sexual offences,Unable to prosecute suspect,
dd9fc571008ed47b549ead639f22df7eedb8c04915799c91b377c5ee595bbc61,2025-02,South Yorkshire Police,South Yorkshire Police,-1.456384,53.372278,On or near Norfolk Park Road,E01008095,Sheffield 043A,Violence and sexual offences,Unable to prosecute suspect,
a41e3f8bc94493a15f6b365866828073b5b063b5167945558e28aead5641e569,2025-02,South Yorkshire Police,South Yorkshire Police,-1.445242,53.366860,On or near Guildford Rise,E01008095,Sheffield 043A,Violence and sexual offences,Unable to prosecute suspect,
9e7b9f76ffddddec7fb3b3f6f1d9445ed73a825a7e5d13dc833aab065ee06a3d,2025-02,South Yorkshire Police,South Yorkshire Police,-1.445448,53.368326,On or near St Benedicts Court,E01008095,Sheffield 043A,Violence and sexual offences,Unable to prosecute suspect,
,2025-02,South Yorkshire Police,South Yorkshire Police,-1.451727,53.365065,On or near Park Grange View,E01008096,Sheffield 043B,Anti-social behaviour,,
,2025-02,South Yorkshire Police,South Yorkshire Police,-1.454824,53.364981,On or near Park Grange Rise,E01008096,Sheffield 043B,Anti-social behaviour,,
,2025-02,South Yorkshire Police,South Yorkshire Police,-1.451727,53.365065,On or near Park Grange View,E01008096,Sheffield 043B,Anti-social behaviour,,
,2025-02,South Yorkshire Police,South Yorkshire Police,-1.459936,53.369498,On or near Medway Close,E01008096,Sheffield 043B,Anti-social behaviour,,
,2025-02,South Yorkshire Police,South Yorkshire Police,-1.461416,53.370621,On or near Petrol Station,E01008096,Sheffield 043B,Anti-social behaviour,,
1663438a192083b8ed5940afab485661643f7ed2c791126c387baf5c9a889199,2025-02,South Yorkshire Police,South Yorkshire Police,-1.458393,53.365554,On or near Park Spring Way,E01008096,Sheffield 043B,Burglary,Investigation complete; no suspect identified,
8da76f43a6c71ff138e058a3e9809f1f6017757711fa4f1914a3832130b19642,2025-02,South Yorkshire Police,South Yorkshire Police,-1.459344,53.368777,On or near Thames Avenue,E01008096,Sheffield 043B,Criminal damage and arson,Unable to prosecute suspect,
51deb3d6ec58de94f954ce89c82959fc2adb3b59dab429b17f0326db62976931,2025-02,South Yorkshire Police,South Yorkshire Police,-1.461416,53.370621,On or near Petrol Station,E01008096,Sheffield 043B,Drugs,Awaiting court outcome,
af569ca3f62ae0d4c8f727a7bc42313528505731c1f84a2c60ffa8065e9bbbec,2025-02,South Yorkshire Police,South Yorkshire Police,-1.457228,53.362655,On or near Thornborough Place,E01008096,Sheffield 043B,Drugs,Local resolution,
74d2bd5ed6b2c93e2b30914aa0dd5654993fb9ad3339fddf86342047777a3459,2025-02,South Yorkshire Police,South Yorkshire Police,-1.462197,53.366569,On or near St Elizabeth Close,E01008096,Sheffield 043B,Other theft,Unable to prosecute suspect,
8f2dfafe5c2869f3fbdbcfbdbbae3da21ea546062904f2c053d022813931b155,2025-02,South Yorkshire Police,South Yorkshire Police,-1.459344,53.368777,On or near Thames Avenue,E01008096,Sheffield 043B,Public order,Unable to prosecute suspect,
fb3ccd72859aa21eb5738d66ccc52bb5f1f4575866dfd3bb87f7f8b01404032c,2025-02,South Yorkshire Police,South Yorkshire Police,-1.459344,53.368777,On or near Thames Avenue,E01008096,Sheffield 043B,Public order,Unable to prosecute suspect,
202b8611996bd794a0d09b010cc0bfa0528512f414f7f524112e256bef858594,2025-02,South Yorkshire Police,South Yorkshire Police,-1.461416,53.370621,On or near Petrol Station,E01008096,Sheffield 043B,Shoplifting,Investigation complete; no suspect identified,
0fd350927089e4319f237d236dcfce6107c9864177a154ece4d40d729287c7ae,2025-02,South Yorkshire Police,South Yorkshire Police,-1.461416,53.370621,On or near Petrol Station,E01008096,Sheffield 043B,Shoplifting,Investigation complete; no suspect identified,
12b4fce690205dc65f9caac01082d75eaeba5c591fd4e93fce5fb627899cd099,2025-02,South Yorkshire Police,South Yorkshire Police,-1.461416,53.370621,On or near Petrol Station,E01008096,Sheffield 043B,Shoplifting,Investigation complete; no suspect identified,
2e1c274641414077994a420116f3fc98cff4c2e7224a4510119f1b59cb5f1313,2025-02,South Yorkshire Police,South Yorkshire Police,-1.461416,53.370621,On or near Petrol Station,E01008096,Sheffield 043B,Shoplifting,Investigation complete; no suspect identified,
2bf6a83940947671ceff672bd33589f7a6c5fe12d19c3b067c497e58b86060f4,2025-02,South Yorkshire Police,South Yorkshire Police,-1.461416,53.370621,On or near Petrol Station,E01008096,Sheffield 043B,Shoplifting,Investigation complete; no suspect identified,
0ada1570debc82e77fc829875bcc77b84dcf5f4d524820233a3adb7c6732b102,2025-02,South Yorkshire Police,South Yorkshire Police,-1.461416,53.370621,On or near Petrol Station,E01008096,Sheffield 043B,Shoplifting,Investigation complete; no suspect identified,
dfe75053a6e2f465fe5308f197ce8f4c5efb1d519d1b21dfa148028854fa856e,2025-02,South Yorkshire Police,South Yorkshire Police,-1.461416,53.370621,On or near Petrol Station,E01008096,Sheffield 043B,Vehicle crime,Investigation complete; no suspect identified,
3e4c2f0a0968e369466052c21e4bd553c5cd580afd36bb5f153141cace205530,2025-02,South Yorkshire Police,South Yorkshire Police,-1.451280,53.363571,On or near Kenninghall View,E01008096,Sheffield 043B,Vehicle crime,Investigation complete; no suspect identified,
408ced3dfc8e0f5dff9b1a6af730386e7b66da38c4422d53efa2a23e27b2d37e,2025-02,South Yorkshire Police,South Yorkshire Police,-1.461416,53.370621,On or near Petrol Station,E01008096,Sheffield 043B,Vehicle crime,Investigation complete; no suspect identified,
0724a584858d768408fd58e0eca808604b90428a65466a024285627af29ea828,2025-02,South Yorkshire Police,South Yorkshire Police,-1.461416,53.370621,On or near Petrol Station,E01008096,Sheffield 043B,Vehicle crime,Investigation complete; no suspect identified,
02a8e6af922309fb6c16f6c54e53947775ab662f7081019bdead817b8dc9f259,2025-02,South Yorkshire Police,South Yorkshire Police,-1.461416,53.370621,On or near Petrol Station,E01008096,Sheffield 043B,Vehicle crime,Investigation complete; no suspect identified,
f2c4d25ef9b52395215e279c45a83188486f2133f7033fe6d66c6caff30189c1,2025-02,South Yorkshire Police,South Yorkshire Police,-1.461416,53.370621,On or near Petrol Station,E01008096,Sheffield 043B,Vehicle crime,Investigation complete; no suspect identified,
f8da9b4047962db31232847aa865d8a243bbb3f25f16f4ac1fbd4390c55a9beb,2025-02,South Yorkshire Police,South Yorkshire Police,-1.459344,53.368777,On or near Thames Avenue,E01008096,Sheffield 043B,Violence and sexual offences,Unable to prosecute suspect,
8e2024417f3c4c2536f00d41c33872c7a502ba31da80a67bfdc241272c4cdf80,2025-02,South Yorkshire Police,South Yorkshire Police,-1.459344,53.368777,On or near Thames Avenue,E01008096,Sheffield 043B,Violence and sexual offences,Unable to prosecute suspect,
1e523a9f18a8c66e3bb7a1df6f2b8893aaef602a6e2fb0ce2e8dd941c88edf14,2025-02,South Yorkshire Police,South Yorkshire Police,-1.459344,53.368777,On or near Thames Avenue,E01008096,Sheffield 043B,Violence and sexual offences,Unable to prosecute suspect,
38628bd9b2ee0eb28cb23cb2e252dcd97d7537da9a46819b878eb7ac5d812919,2025-02,South Yorkshire Police,South Yorkshire Police,-1.453647,53.365380,On or near Park Grange Mount,E01008096,Sheffield 043B,Violence and sexual offences,Unable to prosecute suspect,
5e0eed20b72bc1352fc7e72dede8944309617143dfa0305057dec96afa6be2f9,2025-02,South Yorkshire Police,South Yorkshire Police,-1.453647,53.365380,On or near Park Grange Mount,E01008096,Sheffield 043B,Violence and sexual offences,Unable to prosecute suspect,
8c31c309d2a04a7c9ee1551327c497bd5308c259072f127a18972e68972159a0,2025-02,South Yorkshire Police,South Yorkshire Police,-1.459344,53.368777,On or near Thames Avenue,E01008096,Sheffield 043B,Violence and sexual offences,Unable to prosecute suspect,
036756a6c4569be52f7ca09955bfa6dce455f6f48327bcf7bc9a0a9032a196a3,2025-02,South Yorkshire Police,South Yorkshire Police,-1.459344,53.368777,On or near Thames Avenue,E01008096,Sheffield 043B,Violence and sexual offences,Unable to prosecute suspect,
7950253f4a1e0e98b87b38104ffd07a4f020cb8b8ae970b0b2e55d4c5f9c3756,2025-02,South Yorkshire Police,South Yorkshire Police,-1.459344,53.368777,On or near Thames Avenue,E01008096,Sheffield 043B,Violence and sexual offences,Unable to prosecute suspect,
b51d25276f5e295533726a9736b082e9e7ef52a0b227e1ddad509d2478b4e600,2025-02,South Yorkshire Police,South Yorkshire Police,-1.461416,53.370621,On or near Petrol Station,E01008096,Sheffield 043B,Violence and sexual offences,Investigation complete; no suspect identified,
5304b4ad53b4e9bafcf5d249d4d97c5bff85ed99b69c1d6b8e19533c35862316,2025-02,South Yorkshire Police,South Yorkshire Police,-1.459344,53.368777,On or near Thames Avenue,E01008096,Sheffield 043B,Violence and sexual offences,Unable to prosecute suspect,
545b1c1c86087749133dac23a44e26a2a281e5204c7dd030bc4f38a4d2a318e9,2025-02,South Yorkshire Police,South Yorkshire Police,-1.459344,53.368777,On or near Thames Avenue,E01008096,Sheffield 043B,Violence and sexual offences,Unable to prosecute suspect,
ea17214357c0e4deefc1e9300f72f5b09ae95a0c99d47bc48efb975ba055956d,2025-02,South Yorkshire Police,South Yorkshire Police,-1.451280,53.363571,On or near Kenninghall View,E01008096,Sheffield 043B,Violence and sexual offences,Unable to prosecute suspect,
faa795893e87cddfb61e4611e5110446e161fcbb026b7c09d56435677490b1d4,2025-02,South Yorkshire Police,South Yorkshire Police,-1.459344,53.368777,On or near Thames Avenue,E01008096,Sheffield 043B,Violence and sexual offences,Unable to prosecute suspect,
ac49c6e389a3c14b4dce1356d0b75bcec67a05b05af1b6828d34f460dcf21db9,2025-02,South Yorkshire Police,South Yorkshire Police,-1.459344,53.368777,On or near Thames Avenue,E01008096,Sheffield 043B,Violence and sexual offences,Unable to prosecute suspect,
3ad3ba2bd30af3b6973bca680b6c87af804a6f5d433e3f773218a77fe933ece0,2025-02,South Yorkshire Police,South Yorkshire Police,-1.459344,53.368777,On or near Thames Avenue,E01008096,Sheffield 043B,Violence and sexual offences,Unable to prosecute suspect,
fc8be4f27b93043a835fc4ff8d91038f4668b991e06eb0bb395837592c703fd5,2025-02,South Yorkshire Police,South Yorkshire Police,-1.459344,53.368777,On or near Thames Avenue,E01008096,Sheffield 043B,Violence and sexual offences,Unable to prosecute suspect,
824f968077773f53f7ae829df16779617c7d66d08455d0fab046b9dd21ab0926,2025-02,South Yorkshire Police,South Yorkshire Police,-1.459344,53.368777,On or near Thames Avenue,E01008096,Sheffield 043B,Violence and sexual offences,Unable to prosecute suspect,
a6532d9f26fba171843209e579dc2df5fb42427c7bbb791f64860639f839168d,2025-02,South Yorkshire Police,South Yorkshire Police,-1.459936,53.369498,On or near Medway Close,E01008096,Sheffield 043B,Violence and sexual offences,Unable to prosecute suspect,
124e8a6a1ff191a7fa8ea2b303040540d9dbfabfedd4735a0e81e1acb885f5db,2025-02,South Yorkshire Police,South Yorkshire Police,-1.459344,53.368777,On or near Thames Avenue,E01008096,Sheffield 043B,Violence and sexual offences,Unable to prosecute suspect,
59408eee0383d5d68933fe0a1ba9c7175cfb138b2ae53e3a429e008c04b36727,2025-02,South Yorkshire Police,South Yorkshire Police,-1.459344,53.368777,On or near Thames Avenue,E01008096,Sheffield 043B,Violence and sexual offences,Unable to prosecute suspect,
1f67e38f586ea725d90211a979b8b4845b896d8de3b7951dc434101e035c124a,2025-02,South Yorkshire Police,South Yorkshire Police,-1.452918,53.365916,On or near Park Grange Court,E01008096,Sheffield 043B,Violence and sexual offences,Unable to prosecute suspect,
963d473c41da45f2b9d38049030afa3e7e673f5004b548d7fdc8149ca59c0189,2025-02,South Yorkshire Police,South Yorkshire Police,-1.457228,53.362655,On or near Thornborough Place,E01008096,Sheffield 043B,Violence and sexual offences,Status update unavailable,
7e1177b0c530b5289699f0dece89d8b8f519e4b2801d0420da0a8fc7f1f2fc4a,2025-02,South Yorkshire Police,South Yorkshire Police,-1.459936,53.369498,On or near Medway Close,E01008096,Sheffield 043B,Violence and sexual offences,Unable to prosecute suspect,
b0fa17f06bbc4e8b89a68123d8724ab460d1fa794cfd7aff2a0219381be71648,2025-02,South Yorkshire Police,South Yorkshire Police,-1.459344,53.368777,On or near Thames Avenue,E01008096,Sheffield 043B,Violence and sexual offences,Unable to prosecute suspect,
38f3e40b60643d796d1d24177ac1cf00a17b94e27d1f23192ca4611a6b18704e,2025-02,South Yorkshire Police,South Yorkshire Police,-1.457228,53.362655,On or near Thornborough Place,E01008096,Sheffield 043B,Violence and sexual offences,Unable to prosecute suspect,
9925838cf1902170d6ff00340cc278b1f55c426a10dcdd757d9dd5337f13d04e,2025-02,South Yorkshire Police,South Yorkshire Police,-1.459344,53.368777,On or near Thames Avenue,E01008096,Sheffield 043B,Violence and sexual offences,Unable to prosecute suspect,
c0bebc6b7362a58449b40e6f41c3dc96f539ff84858e61dca17446f38ef08ade,2025-02,South Yorkshire Police,South Yorkshire Police,-1.459344,53.368777,On or near Thames Avenue,E01008096,Sheffield 043B,Violence and sexual offences,Unable to prosecute suspect,
493beaa663b69ba474df33c1885aac36241e7a46168b352879b2dff649c82632,2025-02,South Yorkshire Police,South Yorkshire Police,-1.461851,53.363080,On or near Madehurst View,E01008096,Sheffield 043B,Violence and sexual offences,Unable to prosecute suspect,
224727f003acf7df2c10032e23020f45f58ec146a2c4794cf4b4871c823e9c2a,2025-02,South Yorkshire Police,South Yorkshire Police,-1.459344,53.368777,On or near Thames Avenue,E01008096,Sheffield 043B,Violence and sexual offences,Unable to prosecute suspect,
dc9843f621539ffcec3c0d3a999f0d8e9b45fc69c25eac45bd1ebcc7c41dd0f5,2025-02,South Yorkshire Police,South Yorkshire Police,-1.462197,53.366569,On or near St Elizabeth Close,E01008096,Sheffield 043B,Other crime,Unable to prosecute suspect,
09bfc2d311a412824a6bc67d33b901fef6c1ff5473c8261e7cab90a999c2ea23,2025-02,South Yorkshire Police,South Yorkshire Police,-1.441665,53.364578,On or near Spring Lane,E01008097,Sheffield 043C,Criminal damage and arson,Investigation complete; no suspect identified,
fc00ea440120078b84cf0d0e08394627988522290c450a66c9cf244283f60840,2025-02,South Yorkshire Police,South Yorkshire Police,-1.439200,53.363443,On or near Brimmesfield Road,E01008097,Sheffield 043C,Criminal damage and arson,Investigation complete; no suspect identified,
7957058135b695328e881926064c2183df0bc054abe8430db3a8eb525323d91d,2025-02,South Yorkshire Police,South Yorkshire Police,-1.437945,53.364040,On or near Cradock Road,E01008097,Sheffield 043C,Criminal damage and arson,Unable to prosecute suspect,
45eb203ccc6958df882901e4eaed83d1b477d288bc9d791a4319a010d5669296,2025-02,South Yorkshire Police,South Yorkshire Police,-1.439200,53.363443,On or near Brimmesfield Road,E01008097,Sheffield 043C,Drugs,Status update unavailable,
c9eeb8f42b875a9f6925ae226c402dc62ee5f4b6cd65a4514cf8ed2d4264ed15,2025-02,South Yorkshire Police,South Yorkshire Police,-1.437882,53.363131,On or near Brimmesfield Close,E01008097,Sheffield 043C,Other theft,Unable to prosecute suspect,
5c0cf89e4439193795d1c88bf6351a88142450b4d8879e382bc629e58528c60f,2025-02,South Yorkshire Police,South Yorkshire Police,-1.439200,53.363443,On or near Brimmesfield Road,E01008097,Sheffield 043C,Possession of weapons,Status update unavailable,
ef13e1278cb712b737bfd52881634dc452a72ee96e7ab7718d26ae298e7d7f82,2025-02,South Yorkshire Police,South Yorkshire Police,-1.441665,53.364578,On or near Spring Lane,E01008097,Sheffield 043C,Vehicle crime,Investigation complete; no suspect identified,
f364be46a4eca167b94eee54a3f1c68c9fffea61c8cfc31bf21aba212a65810a,2025-02,South Yorkshire Police,South Yorkshire Police,-1.437945,53.364040,On or near Cradock Road,E01008097,Sheffield 043C,Vehicle crime,Investigation complete; no suspect identified,
b338983d0b1e8e14b844df0f2f1d6724f90ac2bd148471e167d2c6694d8a52f5,2025-02,South Yorkshire Police,South Yorkshire Police,-1.439200,53.363443,On or near Brimmesfield Road,E01008097,Sheffield 043C,Violence and sexual offences,Unable to prosecute suspect,
fc3c527d417a3610e3f0cb3dd525328151fe9a7a773795f66d53be2c9e0543be,2025-02,South Yorkshire Police,South Yorkshire Police,-1.440520,53.367108,On or near St Aidan'S Place,E01008097,Sheffield 043C,Violence and sexual offences,Unable to prosecute suspect,
8303678555e1a9bd5985c6cf5e6705e5146e77cd802070f95601f0a7a8777590,2025-02,South Yorkshire Police,South Yorkshire Police,-1.437882,53.363131,On or near Brimmesfield Close,E01008097,Sheffield 043C,Violence and sexual offences,Unable to prosecute suspect,
4f7994861908202ce2c33769d59fa1ef823c6c1d878d0e15f108515d2cedbae7,2025-02,South Yorkshire Police,South Yorkshire Police,-1.437945,53.364040,On or near Cradock Road,E01008097,Sheffield 043C,Violence and sexual offences,Unable to prosecute suspect,
8f378b34f2950ae2c6a1792a673fc821e5d66bd9c74c4bfc907df3fecc076f32,2025-02,South Yorkshire Police,South Yorkshire Police,-1.437882,53.363131,On or near Brimmesfield Close,E01008097,Sheffield 043C,Violence and sexual offences,Unable to prosecute suspect,
8a0a0ec22ebf7c918ad8b2693430d90797af0de1c417e80484ab7a412698172f,2025-02,South Yorkshire Police,South Yorkshire Police,-1.439526,53.367283,On or near Petrol Station,E01008097,Sheffield 043C,Violence and sexual offences,Status update unavailable,
d7626755e4378447c27d2b7e3822c8547e2734086de0e7d684e7aad3bf9c599b,2025-02,South Yorkshire Police,South Yorkshire Police,-1.439526,53.367283,On or near Petrol Station,E01008097,Sheffield 043C,Violence and sexual offences,Status update unavailable,
6c0e7ca6a55a3cf6416f8a6c4b8c46171a05a3c1eef744b07eea6863eba5f35d,2025-02,South Yorkshire Police,South Yorkshire Police,-1.439200,53.363443,On or near Brimmesfield Road,E01008097,Sheffield 043C,Other crime,Further investigation is not in the public interest,
667795289d8409a361875488d62180ccc13fef7f150d27d595719db0c144dc5b,2025-02,South Yorkshire Police,South Yorkshire Police,-1.439200,53.363443,On or near Brimmesfield Road,E01008097,Sheffield 043C,Other crime,Status update unavailable,
,2025-02,South Yorkshire Police,South Yorkshire Police,-1.460109,53.360546,On or near Myrtle Close,E01008101,Sheffield 043D,Anti-social behaviour,,
,2025-02,South Yorkshire Police,South Yorkshire Police,-1.452774,53.359578,On or near Hartopp Road,E01008101,Sheffield 043D,Anti-social behaviour,,
,2025-02,South Yorkshire Police,South Yorkshire Police,-1.455460,53.361038,On or near Erskine Crescent,E01008101,Sheffield 043D,Anti-social behaviour,,
,2025-02,South Yorkshire Police,South Yorkshire Police,-1.454353,53.360628,On or near Erskine View,E01008101,Sheffield 043D,Anti-social behaviour,,
c2a2532ea57c460ed6294e92d03bd86aad8673e0dd64f604a0968e0c2b329ba7,2025-02,South Yorkshire Police,South Yorkshire Police,-1.451063,53.358267,On or near Daresbury Road,E01008101,Sheffield 043D,Bicycle theft,Investigation complete; no suspect identified,
f314d450a298c663dc0902f841f0bac7a2476154b5276a39b3ead221dccaffc2,2025-02,South Yorkshire Police,South Yorkshire Police,-1.451063,53.358267,On or near Daresbury Road,E01008101,Sheffield 043D,Burglary,Investigation complete; no suspect identified,
5162f7c30ee4ca1b4776b2cc92ce9bbfb2c40fe0781dcb509713158fda4960c0,2025-02,South Yorkshire Police,South Yorkshire Police,-1.451063,53.358267,On or near Daresbury Road,E01008101,Sheffield 043D,Burglary,Investigation complete; no suspect identified,
36c21ccfdcd0587747136e786a02ee883346223514644dede350f02a9895682f,2025-02,South Yorkshire Police,South Yorkshire Police,-1.455460,53.361038,On or near Erskine Crescent,E01008101,Sheffield 043D,Other theft,Unable to prosecute suspect,
bc053d6fb801d652a39b95a5c73ef10b6cb609c3c2bf2a7dd966352c906fbfa5,2025-02,South Yorkshire Police,South Yorkshire Police,-1.455790,53.359880,On or near Hallyburton Drive,E01008101,Sheffield 043D,Violence and sexual offences,Unable to prosecute suspect,
34a48d727614d76d78d951a1ba0b59245c26286479045a09ba96900029195cb1,2025-02,South Yorkshire Police,South Yorkshire Police,-1.453588,53.361748,On or near East Bank Road,E01008101,Sheffield 043D,Violence and sexual offences,Investigation complete; no suspect identified,
8e8ea7cd7a886728aa8bdd483f5c1e7ce8df79656fdb07a1e9c42ebad3f720de,2025-02,South Yorkshire Police,South Yorkshire Police,-1.455460,53.361038,On or near Erskine Crescent,E01008101,Sheffield 043D,Violence and sexual offences,Unable to prosecute suspect,
f4abbf973f13ffdcf267d218543cb13c739ffbe88552f73026f3a5fcaeb093a4,2025-02,South Yorkshire Police,South Yorkshire Police,-1.455460,53.361038,On or near Erskine Crescent,E01008101,Sheffield 043D,Violence and sexual offences,Unable to prosecute suspect,
b23387548df43d4bfe1d990932b0693bc247fe581d5260792c7c8f7685513fc8,2025-02,South Yorkshire Police,South Yorkshire Police,-1.454353,53.360628,On or near Erskine View,E01008101,Sheffield 043D,Violence and sexual offences,Unable to prosecute suspect,
6a884b35cea5d2b304f052d45ae07b2526f0d6811accfa5ee2b9ba06741bd1c6,2025-02,South Yorkshire Police,South Yorkshire Police,-1.452774,53.359578,On or near Hartopp Road,E01008101,Sheffield 043D,Violence and sexual offences,Offender given a caution,
8570b4300a61d47d4560f42af2523ead5e1bca067022e8cbfc65e2d777ffbe86,2025-02,South Yorkshire Police,South Yorkshire Police,-1.455460,53.361038,On or near Erskine Crescent,E01008101,Sheffield 043D,Violence and sexual offences,Unable to prosecute suspect,
6ad7f34bc207fa355cbddf8943bfcdccd8eba72195392aa0219be6fbcf511e69,2025-02,South Yorkshire Police,South Yorkshire Police,-1.453588,53.361748,On or near East Bank Road,E01008101,Sheffield 043D,Violence and sexual offences,Unable to prosecute suspect,
c6480c6b297e2083c1dc42e8b6d0b009dd382616fdd201abe428bef23d57d800,2025-02,South Yorkshire Police,South Yorkshire Police,-1.453833,53.359044,On or near Hartopp Close,E01008101,Sheffield 043D,Violence and sexual offences,Local resolution,
baaa83d54eee015f50a3b773079fef5f5558138099c91e6819dd6c3f23eb278c,2025-02,South Yorkshire Police,South Yorkshire Police,-1.455460,53.361038,On or near Erskine Crescent,E01008101,Sheffield 043D,Violence and sexual offences,Unable to prosecute suspect,
349a28c6923e8161390071ca9bff5b6512fc2bd0d59236d642cbebc271f8cbce,2025-02,South Yorkshire Police,South Yorkshire Police,-1.455460,53.361038,On or near Erskine Crescent,E01008101,Sheffield 043D,Violence and sexual offences,Unable to prosecute suspect,
0b8053e993b8f18d9658a8dc783c30aa042a2c2c9a2b7416e4f5b6fac66017e6,2025-02,South Yorkshire Police,South Yorkshire Police,-1.455790,53.359880,On or near Hallyburton Drive,E01008101,Sheffield 043D,Other crime,Unable to prosecute suspect,
,2025-02,South Yorkshire Police,South Yorkshire Police,-1.357098,53.363038,On or near Parking Area,E01007965,Sheffield 044A,Anti-social behaviour,,
,2025-02,South Yorkshire Police,South Yorkshire Police,-1.357747,53.363851,On or near Woodhouse,E01007965,Sheffield 044A,Anti-social behaviour,,
,2025-02,South Yorkshire Police,South Yorkshire Police,-1.366276,53.362297,On or near Badger Close,E01007965,Sheffield 044A,Anti-social behaviour,,
,2025-02,South Yorkshire Police,South Yorkshire Police,-1.361656,53.363755,On or near Goathland Drive,E01007965,Sheffield 044A,Anti-social behaviour,,
e15376531a7c0595e366ceefc6155333165ed0e2c8fc4be511e8f62a655ac2cb,2025-02,South Yorkshire Police,South Yorkshire Police,-1.364926,53.362128,On or near Moscrop Close,E01007965,Sheffield 044A,Criminal damage and arson,Awaiting court outcome,
247c25f0ad9697ecc26471f6a51fd34e2d39966240acb49bf57795f75d44c2fc,2025-02,South Yorkshire Police,South Yorkshire Police,-1.364926,53.362128,On or near Moscrop Close,E01007965,Sheffield 044A,Violence and sexual offences,Awaiting court outcome,
3f3bcf470c26f18849dc6d38d161339217acf20d7c447b3ca727a9da16ff4686,2025-02,South Yorkshire Police,South Yorkshire Police,-1.365732,53.363462,On or near Badger Drive,E01007965,Sheffield 044A,Other crime,Unable to prosecute suspect,
,2025-02,South Yorkshire Police,South Yorkshire Police,-1.366703,53.357813,On or near Meetinghouse Lane,E01007969,Sheffield 044B,Anti-social behaviour,,
644dbe580654320d62b99b873e65fe68f0db62f661972116cfa93d15ba04ae41,2025-02,South Yorkshire Police,South Yorkshire Police,-1.357988,53.355834,On or near Stacye Avenue,E01007969,Sheffield 044B,Criminal damage and arson,Unable to prosecute suspect,
76069fe860d480743686bc531a4bcbd0213f1aa40ee0436bd6763be9b08cc49f,2025-02,South Yorkshire Police,South Yorkshire Police,-1.364368,53.358214,On or near Balmoral Road,E01007969,Sheffield 044B,Public order,Investigation complete; no suspect identified,
42765f1d8d2597ac42b6fb0e632c298c6ce41e90d7476acc75733afd09d2a471,2025-02,South Yorkshire Police,South Yorkshire Police,-1.364368,53.358214,On or near Balmoral Road,E01007969,Sheffield 044B,Violence and sexual offences,Unable to prosecute suspect,
00fcff61e3b0be431755d28516eafdf38edb28f63b6b07b0e5b8f8c6fdb240bd,2025-02,South Yorkshire Police,South Yorkshire Police,-1.361605,53.355099,On or near Hurricane Avenue,E01007969,Sheffield 044B,Violence and sexual offences,Unable to prosecute suspect,
a789a2be675e6f065e5d6d0bb50cd087ed7eaa069f861a11362a6c288a7aae6e,2025-02,South Yorkshire Police,South Yorkshire Police,-1.371688,53.368213,On or near B6066,E01007972,Sheffield 044C,Other theft,Investigation complete; no suspect identified,
36a8a64eaeaef559d05edfeda87b55564c1327f4fdef0b9b9d44c2530e20074f,2025-02,South Yorkshire Police,South Yorkshire Police,-1.373762,53.366219,On or near Beaver Drive,E01007972,Sheffield 044C,Other theft,Investigation complete; no suspect identified,
0b0a5d0ac2b4f677ad5c19941ec2406c20cb9f7c92ab113f99d761a5a004b704,2025-02,South Yorkshire Police,South Yorkshire Police,-1.371688,53.368213,On or near B6066,E01007972,Sheffield 044C,Public order,Unable to prosecute suspect,
94d1a79a6bd756de1fed0958ad3e75c27c60025df7f45ad12b6cd4a52153947d,2025-02,South Yorkshire Police,South Yorkshire Police,-1.369392,53.367023,On or near Flockton Avenue,E01007972,Sheffield 044C,Vehicle crime,Investigation complete; no suspect identified,
860793111668c105946e4aea4c89ca6e9d7e90257b6500fc8f12849703c99581,2025-02,South Yorkshire Police,South Yorkshire Police,-1.357177,53.365789,On or near Rodman Drive,E01007972,Sheffield 044C,Vehicle crime,Investigation complete; no suspect identified,
23d4e2c8d0eb99d252d31674286d2cf44df83c215e24ded975ff5a57d4effaee,2025-02,South Yorkshire Police,South Yorkshire Police,-1.371688,53.368213,On or near B6066,E01007972,Sheffield 044C,Violence and sexual offences,Unable to prosecute suspect,
b1f58f73587c26dfd456516654bdc74d154731d420402c18d78d71c8ee40bb55,2025-02,South Yorkshire Police,South Yorkshire Police,-1.373762,53.366219,On or near Beaver Drive,E01007972,Sheffield 044C,Violence and sexual offences,Unable to prosecute suspect,
cd2fee53b722316d176871d7218d0bf37f688ef839b1542d0081f99542ab6a9b,2025-02,South Yorkshire Police,South Yorkshire Police,-1.369305,53.367814,On or near Flockton Crescent,E01007972,Sheffield 044C,Violence and sexual offences,Unable to prosecute suspect,
359e2dd8fb0d90af1b4e9936c4191af97078e51ba0e393f152054a01459da9e3,2025-02,South Yorkshire Police,South Yorkshire Police,-1.371688,53.368213,On or near B6066,E01007972,Sheffield 044C,Violence and sexual offences,Unable to prosecute suspect,
,2025-02,South Yorkshire Police,South Yorkshire Police,-1.349173,53.361467,On or near John Hibbard Close,E01007974,Sheffield 044D,Anti-social behaviour,,
,2025-02,South Yorkshire Police,South Yorkshire Police,-1.353164,53.365822,On or near Hudson Road,E01007974,Sheffield 044D,Anti-social behaviour,,
,2025-02,South Yorkshire Police,South Yorkshire Police,-1.353171,53.366143,On or near Petrol Station,E01007974,Sheffield 044D,Anti-social behaviour,,
466a7e88bb39fa625747c968459687bc0c1b51efa146f63f8893be4320cbf4fa,2025-02,South Yorkshire Police,South Yorkshire Police,-1.353897,53.366068,On or near Petrol Station,E01007974,Sheffield 044D,Shoplifting,Investigation complete; no suspect identified,
181826790e5ef2b1bd59a996cf5d8e013008fb77a2ce237f617f9b552e755177,2025-02,South Yorkshire Police,South Yorkshire Police,-1.353897,53.366068,On or near Petrol Station,E01007974,Sheffield 044D,Vehicle crime,Investigation complete; no suspect identified,
,2025-02,South Yorkshire Police,South Yorkshire Police,-1.400419,53.361017,On or near Richmond Hill Road,E01007963,Sheffield 045A,Anti-social behaviour,,
,2025-02,South Yorkshire Police,South Yorkshire Police,-1.395578,53.355923,On or near Haxby Place,E01007963,Sheffield 045A,Anti-social behaviour,,
,2025-02,South Yorkshire Police,South Yorkshire Police,-1.400419,53.361017,On or near Richmond Hill Road,E01007963,Sheffield 045A,Anti-social behaviour,,
e27a094d5c4dcb381bb0221a13699d81007347ebe58e7b108892fb1bb8ef0bdd,2025-02,South Yorkshire Police,South Yorkshire Police,-1.400419,53.361017,On or near Richmond Hill Road,E01007963,Sheffield 045A,Burglary,Investigation complete; no suspect identified,
0d480c823aee0a5142999212651bccf0acb6f7ffe17644606f2bdc7fc3984611,2025-02,South Yorkshire Police,South Yorkshire Police,-1.400419,53.361017,On or near Richmond Hill Road,E01007963,Sheffield 045A,Burglary,Investigation complete; no suspect identified,
21330470ed396e4b9fef675c460ebc7b817312b3838dfa3e975b8e50229d6066,2025-02,South Yorkshire Police,South Yorkshire Police,-1.401080,53.361056,On or near Richmond Place,E01007963,Sheffield 045A,Other theft,Investigation complete; no suspect identified,
dfa9431c87f7e9a3784d7348413439889ca1aa6cd788900f39b9c2283571f059,2025-02,South Yorkshire Police,South Yorkshire Police,-1.403644,53.360386,On or near Mason Crescent,E01007963,Sheffield 045A,Possession of weapons,Local resolution,
9b7cfa7c3ba049c4ab7a8b0661ee8d62dfe560e4088801a019ac06f8acf8229e,2025-02,South Yorkshire Police,South Yorkshire Police,-1.403644,53.360386,On or near Mason Crescent,E01007963,Sheffield 045A,Possession of weapons,Local resolution,
1cbf5228af5aef50767e230994b0953e7ecc0bdbffbfe5673333e0998517164f,2025-02,South Yorkshire Police,South Yorkshire Police,-1.405933,53.361742,On or near Supermarket,E01007963,Sheffield 045A,Public order,Unable to prosecute suspect,
a5552b9bf0b80362b48fd0c3e53fa40698e3d7fbf265356dabba4d95a8ed2e9a,2025-02,South Yorkshire Police,South Yorkshire Police,-1.400195,53.365204,On or near Ravenscroft Court,E01007963,Sheffield 045A,Public order,Unable to prosecute suspect,
fee3314a00202a20174d3c1a4a82b973f029d085f2a4b5fcc50f56fb0dbf9eae,2025-02,South Yorkshire Police,South Yorkshire Police,-1.405933,53.361742,On or near Supermarket,E01007963,Sheffield 045A,Shoplifting,Unable to prosecute suspect,
aaeae6391811f6b7fca8830da9254d7816192a0fd588b2d9d5a3463e71c9e463,2025-02,South Yorkshire Police,South Yorkshire Police,-1.397155,53.362304,On or near Stradbroke Crescent,E01007963,Sheffield 045A,Violence and sexual offences,Status update unavailable,
25f8969c5a4ade0157ff329a6a89c7644352aabf8a35c2605c44561a60053588,2025-02,South Yorkshire Police,South Yorkshire Police,-1.401935,53.364386,On or near Richmond Farm Mews,E01007963,Sheffield 045A,Violence and sexual offences,Investigation complete; no suspect identified,
7cb9360a4dce0efa866af93a0dba0e6779dc94ab638edbc0d664a964a643d3c4,2025-02,South Yorkshire Police,South Yorkshire Police,-1.401935,53.364386,On or near Richmond Farm Mews,E01007963,Sheffield 045A,Violence and sexual offences,Unable to prosecute suspect,
17c110cfc56a84d46e49ffdc735b18fb5d7b3d0894f67c15b738f8289c88dc76,2025-02,South Yorkshire Police,South Yorkshire Police,-1.395578,53.355923,On or near Haxby Place,E01007963,Sheffield 045A,Violence and sexual offences,Investigation complete; no suspect identified,
dcc424076acdcf5228f8deaa47e6333c8d817086ef7f464d169f1e827928782b,2025-02,South Yorkshire Police,South Yorkshire Police,-1.400195,53.365204,On or near Ravenscroft Court,E01007963,Sheffield 045A,Violence and sexual offences,Unable to prosecute suspect,
aadda52714fafa22d62db55191ce11a064ef332db004f61028e26dd7f21d7ac8,2025-02,South Yorkshire Police,South Yorkshire Police,-1.401935,53.364386,On or near Richmond Farm Mews,E01007963,Sheffield 045A,Violence and sexual offences,Unable to prosecute suspect,
55f7ab6d96ee07089884381e53321b2c10c4c782ec9e3359a16d67eed0c6172b,2025-02,South Yorkshire Police,South Yorkshire Police,-1.400195,53.365204,On or near Ravenscroft Court,E01007963,Sheffield 045A,Violence and sexual offences,Unable to prosecute suspect,
275570bd1d80be1a861f6fb0071b570810ee84d968e5e3037074034c60defe9b,2025-02,South Yorkshire Police,South Yorkshire Police,-1.400866,53.365585,On or near Richmond Road,E01007963,Sheffield 045A,Violence and sexual offences,Unable to prosecute suspect,
,2025-02,South Yorkshire Police,South Yorkshire Police,-1.395910,53.366450,On or near Ravenscroft Crescent,E01007967,Sheffield 045B,Anti-social behaviour,,
,2025-02,South Yorkshire Police,South Yorkshire Police,-1.394749,53.365671,On or near Ravenscroft Place,E01007967,Sheffield 045B,Anti-social behaviour,,
76452b9f5695e8c0a730cd6c604744109146a3e1a7ea6dd046252206c21c8dca,2025-02,South Yorkshire Police,South Yorkshire Police,-1.392292,53.361937,On or near Smelter Wood Drive,E01007967,Sheffield 045B,Criminal damage and arson,Unable to prosecute suspect,
832ff68e88d5d03a4e55c36e03933f28ffa62907d21990cc42088df18626ec13,2025-02,South Yorkshire Police,South Yorkshire Police,-1.395730,53.361074,On or near Stradbroke Drive,E01007967,Sheffield 045B,Criminal damage and arson,Unable to prosecute suspect,
7880cba755963cf81c7b8e07d379263f927ddaefa92a30992551cb152969734f,2025-02,South Yorkshire Police,South Yorkshire Police,-1.394345,53.361310,On or near Smelter Wood Lane,E01007967,Sheffield 045B,Criminal damage and arson,Investigation complete; no suspect identified,
c2cc24528a986ea36010af2c8cbc4ef92d6b388ef1120aea759335eabb74cb10,2025-02,South Yorkshire Police,South Yorkshire Police,-1.395730,53.361074,On or near Stradbroke Drive,E01007967,Sheffield 045B,Drugs,Investigation complete; no suspect identified,
0cadb2f2492c9a6fb325931655aa6e860c718a4c4687f345838b5152d0b92d6f,2025-02,South Yorkshire Police,South Yorkshire Police,-1.395730,53.361074,On or near Stradbroke Drive,E01007967,Sheffield 045B,Public order,Unable to prosecute suspect,
8ad186a922f3f00d3488be8cd856827e9204ff4b7803b880d8657f11be8e8cd8,2025-02,South Yorkshire Police,South Yorkshire Police,-1.394345,53.361310,On or near Smelter Wood Lane,E01007967,Sheffield 045B,Shoplifting,Investigation complete; no suspect identified,
f2e34ce72f5d68f2e87334f302c60057428a5070771263c4f48854cffb670420,2025-02,South Yorkshire Police,South Yorkshire Police,-1.394345,53.361310,On or near Smelter Wood Lane,E01007967,Sheffield 045B,Shoplifting,Investigation complete; no suspect identified,
dc7aa41e07b9a7ccb242f440657c79bda90bb70350b632e61d15c9e6a6930d06,2025-02,South Yorkshire Police,South Yorkshire Police,-1.394345,53.361310,On or near Smelter Wood Lane,E01007967,Sheffield 045B,Shoplifting,Investigation complete; no suspect identified,
18bb1e25e659e7e816215a48189323d66a66c65c7e8bd67c56e53d9b4a01f4d3,2025-02,South Yorkshire Police,South Yorkshire Police,-1.393379,53.362671,On or near Smelter Wood Close,E01007967,Sheffield 045B,Vehicle crime,Investigation complete; no suspect identified,
e6ecd4229ad954a6552d3cacf8b7e27cf80323a93b1cc25bc31176f5869b968c,2025-02,South Yorkshire Police,South Yorkshire Police,-1.393724,53.362682,On or near Smelter Wood Way,E01007967,Sheffield 045B,Violence and sexual offences,Unable to prosecute suspect,
50e95cc580ff6cd79a9c74efe2961d6e62a17366c9cd942621d3eee67e073f99,2025-02,South Yorkshire Police,South Yorkshire Police,-1.395730,53.361074,On or near Stradbroke Drive,E01007967,Sheffield 045B,Violence and sexual offences,Unable to prosecute suspect,
9bfdc71bf67684adaa074b8be4b37b5366179fb53ad9f6e7c9c9f4d187d00aa0,2025-02,South Yorkshire Police,South Yorkshire Police,-1.391485,53.362706,On or near Glenholme Place,E01007967,Sheffield 045B,Violence and sexual offences,Unable to prosecute suspect,
6c5fba73f82758620bf372aae680d1410aec9160a906199b4e12f72de1703fb1,2025-02,South Yorkshire Police,South Yorkshire Police,-1.393724,53.362682,On or near Smelter Wood Way,E01007967,Sheffield 045B,Violence and sexual offences,Unable to prosecute suspect,
1f06c8c9c53eefc82c5c19c4000ae3233eb1f482cdd15718d715224bcff08ab8,2025-02,South Yorkshire Police,South Yorkshire Police,-1.393724,53.362682,On or near Smelter Wood Way,E01007967,Sheffield 045B,Violence and sexual offences,Unable to prosecute suspect,
67416286abd0db6fed7a1ce68bf1ccde1ff399b205c5f8221d44c79f7ea763cf,2025-02,South Yorkshire Police,South Yorkshire Police,-1.394345,53.361310,On or near Smelter Wood Lane,E01007967,Sheffield 045B,Violence and sexual offences,Unable to prosecute suspect,
08ff59cf30f6347d8e9bda44f627f136c046c23e59dc9e5e3c6a0ac06cf3c5f8,2025-02,South Yorkshire Police,South Yorkshire Police,-1.393379,53.362671,On or near Smelter Wood Close,E01007967,Sheffield 045B,Other crime,Investigation complete; no suspect identified,
dc3da0dc28e4630fa9c1639d85a1328667de22d8ef763d9c300568549a49e482,2025-02,South Yorkshire Police,South Yorkshire Police,-1.394345,53.361310,On or near Smelter Wood Lane,E01007967,Sheffield 045B,Other crime,Investigation complete; no suspect identified,
9e9543e4e33beae1d9c30bac2e80cf9aa464159f6c5d2607d51f02037f554140,2025-02,South Yorkshire Police,South Yorkshire Police,-1.395730,53.361074,On or near Stradbroke Drive,E01007967,Sheffield 045B,Other crime,Unable to prosecute suspect,
1bccec45a7c707658658076236cecc3aa4b026fc2c3d973d065ae0cb36aff666,2025-02,South Yorkshire Police,South Yorkshire Police,-1.394345,53.361310,On or near Smelter Wood Lane,E01007967,Sheffield 045B,Other crime,Investigation complete; no suspect identified,
99c797bb571550e0d9efe955c243928a3d2a2ac9b8e4537ace63b1b4cc1b819e,2025-02,South Yorkshire Police,South Yorkshire Police,-1.410584,53.358299,On or near Carpenter Gardens,E01007999,Sheffield 045C,Other theft,Investigation complete; no suspect identified,
6f477bb6e3d2253ffb0debdcb96ee35560e09a580dc75a6dfc1a5a92711ec10e,2025-02,South Yorkshire Police,South Yorkshire Police,-1.405288,53.356708,On or near Hollybank Close,E01007999,Sheffield 045C,Vehicle crime,Investigation complete; no suspect identified,
b6a9a617d62d51ea3c159ed4d77a11acbecdb883e46d746db21651c8e1656a00,2025-02,South Yorkshire Police,South Yorkshire Police,-1.408222,53.368283,On or near Car Vale Drive,E01008008,Sheffield 045D,Other theft,Unable to prosecute suspect,
e66b0e8358b97fd819ea72a77f4f05f5e7893463831881383e12634323bd6860,2025-02,South Yorkshire Police,South Yorkshire Police,-1.406185,53.362385,On or near Fishponds View,E01008008,Sheffield 045D,Other theft,Investigation complete; no suspect identified,
f6a221afef2fea5d3cd8ee185543e58e77d596a7212e5e15f41bb71c7eeec73b,2025-02,South Yorkshire Police,South Yorkshire Police,-1.405907,53.368352,On or near Widdop Close,E01008008,Sheffield 045D,Vehicle crime,Investigation complete; no suspect identified,
c1d82c967eb06bd40336c0a843c19394bdf86d73bef606c937ca0f510c66893a,2025-02,South Yorkshire Police,South Yorkshire Police,-1.408440,53.365614,On or near Aughton Drive,E01008008,Sheffield 045D,Vehicle crime,Investigation complete; no suspect identified,
c5339f7e5bd05523ebdb381a640f9bec793110236fc4b30c13073bcb1ee06edf,2025-02,South Yorkshire Police,South Yorkshire Police,-1.408440,53.365614,On or near Aughton Drive,E01008008,Sheffield 045D,Violence and sexual offences,Unable to prosecute suspect,
fb79f6546a0d41e8b34129b4fb5da568c93d86ce453bb14b32e1a29c9c079575,2025-02,South Yorkshire Police,South Yorkshire Police,-1.405907,53.368352,On or near Widdop Close,E01008008,Sheffield 045D,Violence and sexual offences,Unable to prosecute suspect,
65b5409b8d367a10910a8b1e07285d63319c8e3f7c9cadf1722672c8cb76d60e,2025-02,South Yorkshire Police,South Yorkshire Police,-1.403413,53.366137,On or near Richmond Hall Avenue,E01008008,Sheffield 045D,Violence and sexual offences,Unable to prosecute suspect,
0d93fcb83cf585528581f11058ae620d0ddcf95714f9da7bdd45da26e415e959,2025-02,South Yorkshire Police,South Yorkshire Police,-1.406537,53.365218,On or near Spinkhill Road,E01008008,Sheffield 045D,Violence and sexual offences,Unable to prosecute suspect,
1c287a8f5010976b694d2108269e04507dab8dee7c2b03dd7c7077b0262e84b9,2025-02,South Yorkshire Police,South Yorkshire Police,-1.408222,53.368283,On or near Car Vale Drive,E01008008,Sheffield 045D,Violence and sexual offences,Unable to prosecute suspect,
d7770863dd07584daed039790e4df1c7d5391146fe70489513753c9b8f15bde7,2025-02,South Yorkshire Police,South Yorkshire Police,-1.404952,53.366783,On or near Spinkhill Drive,E01008008,Sheffield 045D,Violence and sexual offences,Unable to prosecute suspect,
719f9c5b2152b19fc1f6646ae1eaab22eb5207a96483c9a08dce036b0480a246,2025-02,South Yorkshire Police,South Yorkshire Police,-1.408222,53.368283,On or near Car Vale Drive,E01008008,Sheffield 045D,Other crime,Unable to prosecute suspect,
,2025-02,South Yorkshire Police,South Yorkshire Police,-1.413604,53.364911,On or near Nodder Road,E01008009,Sheffield 045E,Anti-social behaviour,,
47e7978612ffa551c3c8e0cbfe34fea766203431a7259bee32c017d87a3db238,2025-02,South Yorkshire Police,South Yorkshire Police,-1.407429,53.364827,On or near Aughton Crescent,E01008009,Sheffield 045E,Burglary,Investigation complete; no suspect identified,
90315403c40331b66f02ceb62a9fb967fafe0d1979b578e321a99dfda00683b4,2025-02,South Yorkshire Police,South Yorkshire Police,-1.407913,53.362402,On or near Hastilar Road South,E01008009,Sheffield 045E,Criminal damage and arson,Investigation complete; no suspect identified,
82ab653a427682c1639caafb6ef3a40c20c41b132d8cec49d7d26b0541790349,2025-02,South Yorkshire Police,South Yorkshire Police,-1.410679,53.363450,On or near Fishponds Road West,E01008009,Sheffield 045E,Criminal damage and arson,Investigation complete; no suspect identified,
21cfbd4eddfc2d34303d5b0262a2344582e9983c76de2970784ad6a8c8ad302a,2025-02,South Yorkshire Police,South Yorkshire Police,-1.407913,53.362402,On or near Hastilar Road South,E01008009,Sheffield 045E,Drugs,Investigation complete; no suspect identified,
ae4d17cf99afb81b1c389ffdff6881aefeb63c017aa01f876e27048836d63e3d,2025-02,South Yorkshire Police,South Yorkshire Police,-1.410679,53.363450,On or near Fishponds Road West,E01008009,Sheffield 045E,Public order,Investigation complete; no suspect identified,
3461bff3bccdf8218d2568ba642f7ac4300a3cdf6df33383c6870199f4a9dba8,2025-02,South Yorkshire Police,South Yorkshire Police,-1.413604,53.364911,On or near Nodder Road,E01008009,Sheffield 045E,Violence and sexual offences,Unable to prosecute suspect,
6c5f9688db180fdda250e53837978be79578fe0e18cff997cb5df43ee0b5a7ac,2025-02,South Yorkshire Police,South Yorkshire Police,-1.413604,53.364911,On or near Nodder Road,E01008009,Sheffield 045E,Violence and sexual offences,Investigation complete; no suspect identified,
033e83043536bff616646159433d3c1021022b128ba3fc92b3a6158c449ad0f1,2025-02,South Yorkshire Police,South Yorkshire Police,-1.496656,53.360239,On or near Alexandra Gardens,E01008043,Sheffield 046A,Drugs,Unable to prosecute suspect,
b23cdb811ed938e8014a826a600304badc44fdd58093081949537dca6e4a4df4,2025-02,South Yorkshire Police,South Yorkshire Police,-1.498101,53.360038,On or near Lyndhurst Road,E01008043,Sheffield 046A,Other theft,Unable to prosecute suspect,
6c46ceab71dcdf9ec797e33250d8f41574053bb4f6a1537603eea37fb7aae920,2025-02,South Yorkshire Police,South Yorkshire Police,-1.498101,53.360038,On or near Lyndhurst Road,E01008043,Sheffield 046A,Violence and sexual offences,Investigation complete; no suspect identified,
cebc22300b7b1ae7ead8ed617c1eda7792a462d4c6794c7c8aafbda25eccc5f0,2025-02,South Yorkshire Police,South Yorkshire Police,-1.494218,53.352938,On or near Glentilt Road,E01008043,Sheffield 046A,Violence and sexual offences,Unable to prosecute suspect,
,2025-02,South Yorkshire Police,South Yorkshire Police,-1.507431,53.360104,On or near Banner Cross Drive,E01008044,Sheffield 046B,Anti-social behaviour,,
,2025-02,South Yorkshire Police,South Yorkshire Police,-1.507431,53.360104,On or near Banner Cross Drive,E01008044,Sheffield 046B,Anti-social behaviour,,
45fa5d84b33176d9c478855fac01616439c00f0ff0caa8941f6c62e517a624b5,2025-02,South Yorkshire Police,South Yorkshire Police,-1.502612,53.354610,On or near Knab Road,E01008044,Sheffield 046B,Other theft,Investigation complete; no suspect identified,
e5fd9d7c3854c4a2836b1ae3c75fad30489395b274d4a5d114fab6ed07ae9c29,2025-02,South Yorkshire Police,South Yorkshire Police,-1.506843,53.357710,On or near The Lawns,E01008044,Sheffield 046B,Possession of weapons,Status update unavailable,
46c10c2abd97d3249c5701954bbfaa82bf67efc48ed2910fe63d2cab3b7e842e,2025-02,South Yorkshire Police,South Yorkshire Police,-1.500468,53.355554,On or near Needham Way,E01008044,Sheffield 046B,Vehicle crime,Investigation complete; no suspect identified,
33a20dd50ac4d509fba9afcf0a846d159e1941394072357705b4cd8fae56f7df,2025-02,South Yorkshire Police,South Yorkshire Police,-1.507431,53.360104,On or near Banner Cross Drive,E01008044,Sheffield 046B,Vehicle crime,Investigation complete; no suspect identified,
c0eb11c25baa18ebcc3aa2b487210b680dfb35c5eb0982e42cbce169b1f02e62,2025-02,South Yorkshire Police,South Yorkshire Police,-1.500468,53.355554,On or near Needham Way,E01008044,Sheffield 046B,Violence and sexual offences,Unable to prosecute suspect,
a7a48a3f36c3afdbbc041bd1bfedb49c517e6b1b5b17ff206e2dff12962655f6,2025-02,South Yorkshire Police,South Yorkshire Police,-1.506843,53.357710,On or near The Lawns,E01008044,Sheffield 046B,Violence and sexual offences,Unable to prosecute suspect,
38db40619439d49adf00bfdbd1d097d9bbdf254bc46368fa0cb46943a7b9c71d,2025-02,South Yorkshire Police,South Yorkshire Police,-1.504617,53.355319,On or near Carter Knowle Avenue,E01008044,Sheffield 046B,Violence and sexual offences,Unable to prosecute suspect,
2113a4435865b7bfb07e17245a5f3deb86d795bc9380958bbd41d631409366aa,2025-02,South Yorkshire Police,South Yorkshire Police,-1.499152,53.367782,On or near Steel Road,E01008047,Sheffield 046C,Public order,Investigation complete; no suspect identified,
67699e4cd3c5916140239394e4ed8e98b160d829fb9652a442ee1d3f440c576c,2025-02,South Yorkshire Police,South Yorkshire Police,-1.498682,53.368130,On or near Neill Road,E01008047,Sheffield 046C,Shoplifting,Awaiting court outcome,
c317acee12c84754188e2288313e3ba1b0cd8fbcd7e3aa62f60870e56b5715ae,2025-02,South Yorkshire Police,South Yorkshire Police,-1.498682,53.368130,On or near Neill Road,E01008047,Sheffield 046C,Shoplifting,Investigation complete; no suspect identified,
e5c8b369b24189ec1188173bfabb1933c334c9c99ff6cc427b648e7a544f48eb,2025-02,South Yorkshire Police,South Yorkshire Police,-1.498682,53.368130,On or near Neill Road,E01008047,Sheffield 046C,Shoplifting,Awaiting court outcome,
e6c30bab89bf82aeaf31ddcfc227087461462eedf01f4348b4bb76cb4731335e,2025-02,South Yorkshire Police,South Yorkshire Police,-1.498682,53.368130,On or near Neill Road,E01008047,Sheffield 046C,Shoplifting,Awaiting court outcome,
898402b0f93d432a81dd24a3f4b2d67f75c19619215329282f2eec0cb5582b95,2025-02,South Yorkshire Police,South Yorkshire Police,-1.497688,53.367110,On or near Gordon Road,E01008047,Sheffield 046C,Violence and sexual offences,Unable to prosecute suspect,
,2025-02,South Yorkshire Police,South Yorkshire Police,-1.502535,53.365081,On or near Penrhyn Road,E01008048,Sheffield 046D,Anti-social behaviour,,
,2025-02,South Yorkshire Police,South Yorkshire Police,-1.499007,53.363493,On or near Brincliffe Crescent,E01008048,Sheffield 046D,Anti-social behaviour,,
,2025-02,South Yorkshire Police,South Yorkshire Police,-1.504488,53.366447,On or near Kenilworth Place,E01008048,Sheffield 046D,Anti-social behaviour,,
24079795ffa81e7f840eacf54e30ca9f462ccdd5ec393ec6815f0bf397d40973,2025-02,South Yorkshire Police,South Yorkshire Police,-1.499007,53.363493,On or near Brincliffe Crescent,E01008048,Sheffield 046D,Bicycle theft,Investigation complete; no suspect identified,
7f484d40f0dfb4d84ad2e95e9a70d1839cc7c40e1ee07b01d74c7dd185ece08e,2025-02,South Yorkshire Police,South Yorkshire Police,-1.499007,53.363493,On or near Brincliffe Crescent,E01008048,Sheffield 046D,Bicycle theft,Investigation complete; no suspect identified,
6de356324928e72b2ded4cd5911a067cb1c632629eb8a1e8fbdedbed89cd58de,2025-02,South Yorkshire Police,South Yorkshire Police,-1.504290,53.361511,On or near Chelsea Rise,E01008048,Sheffield 046D,Burglary,Investigation complete; no suspect identified,
33aefa619ea6a2b79cb8c1e806f4d6bc534d2c07457c21c0b5ed9e027957e4c8,2025-02,South Yorkshire Police,South Yorkshire Police,-1.503206,53.363008,On or near Brincliffe Gardens,E01008048,Sheffield 046D,Burglary,Investigation complete; no suspect identified,
73d7dd6433ea183e5a431db1c6b66c3d9dc66cde3742c0b38bd753539d85782e,2025-02,South Yorkshire Police,South Yorkshire Police,-1.504290,53.361511,On or near Chelsea Rise,E01008048,Sheffield 046D,Burglary,Investigation complete; no suspect identified,
bf2374590a47bff831bcda71ac3257fccc20a22a309ca8673a81e0f46995d690,2025-02,South Yorkshire Police,South Yorkshire Police,-1.503206,53.363008,On or near Brincliffe Gardens,E01008048,Sheffield 046D,Burglary,Investigation complete; no suspect identified,
109f5f0a6af41c4df3c6fc9d170d5e6faea662a73675ef9226be4c396eb80865,2025-02,South Yorkshire Police,South Yorkshire Police,-1.499524,53.366839,On or near Kirkstall Road,E01008048,Sheffield 046D,Criminal damage and arson,Unable to prosecute suspect,
4d3bafaa66a511eb72beffbb55d5162ca47f5d5026247a65031211f32aa76ff7,2025-02,South Yorkshire Police,South Yorkshire Police,-1.498079,53.361899,On or near Osborne Road,E01008048,Sheffield 046D,Violence and sexual offences,Unable to prosecute suspect,
,2025-02,South Yorkshire Police,South Yorkshire Police,-1.507240,53.364714,On or near Supermarket,E01008050,Sheffield 046E,Anti-social behaviour,,
5eb8cbf25a167baad81ccd4e8693aca5d58eada2751fbbf14b0f43e373c8c2c0,2025-02,South Yorkshire Police,South Yorkshire Police,-1.507240,53.364714,On or near Supermarket,E01008050,Sheffield 046E,Criminal damage and arson,Investigation complete; no suspect identified,
bef3cef574a0a0a090fb321f0b0bfbf43608e6da2ef1063432f30e495326d957,2025-02,South Yorkshire Police,South Yorkshire Police,-1.502372,53.366159,On or near Pinner Road,E01008050,Sheffield 046E,Public order,Unable to prosecute suspect,
aba3e056993f43a42bae85b71923a605c79bd69077d1cc9f88d8eb65bc1bb8ab,2025-02,South Yorkshire Police,South Yorkshire Police,-1.507240,53.364714,On or near Supermarket,E01008050,Sheffield 046E,Public order,Investigation complete; no suspect identified,
5b5e7389e51e93b0f3cc89f0e0c35593ec5168bbdd0f3145822d65755b7240ec,2025-02,South Yorkshire Police,South Yorkshire Police,-1.507240,53.364714,On or near Supermarket,E01008050,Sheffield 046E,Public order,Investigation complete; no suspect identified,
8f5d9a4a56ff1343261a70f127dd223399b3c09d2712c3d2c523db9a0a99eb3c,2025-02,South Yorkshire Police,South Yorkshire Police,-1.506180,53.361788,On or near Brincliffe Hill,E01008050,Sheffield 046E,Vehicle crime,Investigation complete; no suspect identified,
779a25d4d99aae07b927332d9bedc828bccd5a3c5de4b51b2cea40024df9289f,2025-02,South Yorkshire Police,South Yorkshire Police,-1.504801,53.364066,On or near Roach Road,E01008050,Sheffield 046E,Violence and sexual offences,Unable to prosecute suspect,
023cbe23228bef5362134655d02e6a5de82358893c0ed814217f425cb2891e6b,2025-02,South Yorkshire Police,South Yorkshire Police,-1.507240,53.364714,On or near Supermarket,E01008050,Sheffield 046E,Other crime,Investigation complete; no suspect identified,
1a115fcde7cc7c34b594d2d020f142c8a692ee43095dd1e8d07e0eb5d7f87f23,2025-02,South Yorkshire Police,South Yorkshire Police,-1.509400,53.354889,On or near Dunkeld Road,E01007931,Sheffield 047A,Burglary,Investigation complete; no suspect identified,
26fe9612866c82c90b3988e2569fd8a4950f77aad95f883137b08c2771aedf2a,2025-02,South Yorkshire Police,South Yorkshire Police,-1.510690,53.352405,On or near Mylnhurst Road,E01007931,Sheffield 047A,Burglary,Investigation complete; no suspect identified,
9cf1c05927c13f37a15867304d491c5bf4da1dda22aa2495aa6db14be782cf28,2025-02,South Yorkshire Police,South Yorkshire Police,-1.510274,53.353356,On or near Woodholm Road,E01007931,Sheffield 047A,Burglary,Investigation complete; no suspect identified,
bc35f406042ad70652862c7ad8d15aec2d8e71ba4e919e49f3a78876403f669f,2025-02,South Yorkshire Police,South Yorkshire Police,-1.498121,53.351993,On or near Carter Knowle Road,E01007931,Sheffield 047A,Possession of weapons,Offender given a caution,
b9dc5ad88fee52e5c0b68c16d5c6b83e0cb13e2a5a5eed5e5ea5ad24fd1b92d6,2025-02,South Yorkshire Police,South Yorkshire Police,-1.498121,53.351993,On or near Carter Knowle Road,E01007931,Sheffield 047A,Vehicle crime,Investigation complete; no suspect identified,
14a635639de96a9a86bcd0f44a4ede223592427ae8b313425d86c67c0fa4b883,2025-02,South Yorkshire Police,South Yorkshire Police,-1.510274,53.353356,On or near Woodholm Road,E01007931,Sheffield 047A,Vehicle crime,Investigation complete; no suspect identified,
a236a8e31812551fa6239aad55e5f32e45d774589a9355304de159d99008df20,2025-02,South Yorkshire Police,South Yorkshire Police,-1.502479,53.351850,On or near Springfield Avenue,E01007931,Sheffield 047A,Violence and sexual offences,Unable to prosecute suspect,
38b41a90b81aea7ddff0412206ec57d47b7fe20f09afe366cf25fd1057f43622,2025-02,South Yorkshire Police,South Yorkshire Police,-1.498121,53.351993,On or near Carter Knowle Road,E01007931,Sheffield 047A,Violence and sexual offences,Local resolution,
,2025-02,South Yorkshire Police,South Yorkshire Police,-1.516942,53.364197,On or near Greystones Road,E01007934,Sheffield 047B,Anti-social behaviour,,
5a6c0617b8875f9b636724b963645452208febd948af4f39c8c73198ca0f6d9d,2025-02,South Yorkshire Police,South Yorkshire Police,-1.517293,53.362319,On or near Greystones Close,E01007934,Sheffield 047B,Burglary,Investigation complete; no suspect identified,
1a5e961d5419171066bc5569edfeea809aeebe0eb942e7aa4df188cad6f3c0fe,2025-02,South Yorkshire Police,South Yorkshire Police,-1.515125,53.365340,On or near Greystones Hall Road,E01007934,Sheffield 047B,Criminal damage and arson,Investigation complete; no suspect identified,
9e0a3c168d8029f4be5cb6353c196b2ddaeb2a7202acc171e6a8c4cfe4c3ea55,2025-02,South Yorkshire Police,South Yorkshire Police,-1.519841,53.362950,On or near High Storrs Rise,E01007934,Sheffield 047B,Criminal damage and arson,Investigation complete; no suspect identified,
3936dc9313b887d6127b9efdac5ec08ef48c08e94a3119d6b8785c2e5d6c9d93,2025-02,South Yorkshire Police,South Yorkshire Police,-1.517813,53.364191,On or near Hornby Gardens,E01007934,Sheffield 047B,Vehicle crime,Investigation complete; no suspect identified,
,2025-02,South Yorkshire Police,South Yorkshire Police,-1.511955,53.367943,On or near Rustlings Road,E01007935,Sheffield 047C,Anti-social behaviour,,
6c0e88f8d58a6bb4f4568834f6ba0c5da616274759b8d85998c0c9afcad9c2f0,2025-02,South Yorkshire Police,South Yorkshire Police,-1.511955,53.367943,On or near Rustlings Road,E01007935,Sheffield 047C,Vehicle crime,Investigation complete; no suspect identified,
c1849baa092949fc7dae73819e441b6e94615395b46d1125f12e7918b9f334e6,2025-02,South Yorkshire Police,South Yorkshire Police,-1.509155,53.365765,On or near Carrington Road,E01007935,Sheffield 047C,Vehicle crime,Investigation complete; no suspect identified,
7eb7037878c0782aed816ef51ab24ec88f932281533217c5b2fe4bd92a9eac66,2025-02,South Yorkshire Police,South Yorkshire Police,-1.511278,53.365369,On or near Louth Road,E01007935,Sheffield 047C,Violence and sexual offences,Status update unavailable,
,2025-02,South Yorkshire Police,South Yorkshire Police,-1.508477,53.363263,On or near Petrol Station,E01007936,Sheffield 047D,Anti-social behaviour,,
,2025-02,South Yorkshire Police,South Yorkshire Police,-1.509138,53.361998,On or near Blair Athol Road,E01007936,Sheffield 047D,Anti-social behaviour,,
,2025-02,South Yorkshire Police,South Yorkshire Police,-1.508477,53.363263,On or near Petrol Station,E01007936,Sheffield 047D,Anti-social behaviour,,
,2025-02,South Yorkshire Police,South Yorkshire Police,-1.510852,53.360585,On or near Glenalmond Road,E01007936,Sheffield 047D,Anti-social behaviour,,
,2025-02,South Yorkshire Police,South Yorkshire Police,-1.509138,53.361998,On or near Blair Athol Road,E01007936,Sheffield 047D,Anti-social behaviour,,
90cdf74213d790d2ee57794ff770cbe97b3f633ecee0ac8ead346f3c7bb74023,2025-02,South Yorkshire Police,South Yorkshire Police,-1.508477,53.363263,On or near Petrol Station,E01007936,Sheffield 047D,Bicycle theft,Investigation complete; no suspect identified,
40b9d2865933490b7f5e233371dd9f21b8d02a66bdb6087602c8e6e891e012e1,2025-02,South Yorkshire Police,South Yorkshire Police,-1.508477,53.363263,On or near Petrol Station,E01007936,Sheffield 047D,Other theft,Investigation complete; no suspect identified,
6c29f427a0b2a1ca9f042d9001c9e27f4ba3afe9989771536a652c3d9b20e280,2025-02,South Yorkshire Police,South Yorkshire Police,-1.508477,53.363263,On or near Petrol Station,E01007936,Sheffield 047D,Other theft,Investigation complete; no suspect identified,
3f7f39240cb309cab919eee59c94eb78d8bfbba0f4b481ac74ede00692a8bb83,2025-02,South Yorkshire Police,South Yorkshire Police,-1.508477,53.363263,On or near Petrol Station,E01007936,Sheffield 047D,Shoplifting,Investigation complete; no suspect identified,
eac555ae674842a27b381dae7bc169a02d02fadfbd11c0e965c2a637fdbc590c,2025-02,South Yorkshire Police,South Yorkshire Police,-1.508477,53.363263,On or near Petrol Station,E01007936,Sheffield 047D,Shoplifting,Awaiting court outcome,
f3b2e0b33ba60b68af0f09a78b23794a7e41e48bc9a17056a853d5db371b2b9e,2025-02,South Yorkshire Police,South Yorkshire Police,-1.510882,53.360594,On or near Tullibardine Road,E01007936,Sheffield 047D,Vehicle crime,Investigation complete; no suspect identified,
60dcbfe762f2624f039deeb59a3cdbdf5ff4db17e3f787417b5aa7ab0a6c6f41,2025-02,South Yorkshire Police,South Yorkshire Police,-1.510655,53.362050,On or near Huntingtower Road,E01007936,Sheffield 047D,Vehicle crime,Investigation complete; no suspect identified,
17962bcd9e1089b9a8f047c5b2e8eca10cc795cadf9246707bd213ca4a6971fa,2025-02,South Yorkshire Police,South Yorkshire Police,-1.510655,53.362050,On or near Huntingtower Road,E01007936,Sheffield 047D,Vehicle crime,Investigation complete; no suspect identified,
912f612a01d05f49a7cd278b3b9571a586d04f81fe1b50fe6233745b12a4485e,2025-02,South Yorkshire Police,South Yorkshire Police,-1.508477,53.363263,On or near Petrol Station,E01007936,Sheffield 047D,Violence and sexual offences,Status update unavailable,
6f90c6094ef253c58242c2c6a5d8724d22c793bf597c0b048d4d0d802b797d6a,2025-02,South Yorkshire Police,South Yorkshire Police,-1.508477,53.363263,On or near Petrol Station,E01007936,Sheffield 047D,Violence and sexual offences,Awaiting court outcome,
4f31429602c8a871b6b7f56c08210c27628ae2fd53a9cf4a441e54170bc8f026,2025-02,South Yorkshire Police,South Yorkshire Police,-1.508477,53.363263,On or near Petrol Station,E01007936,Sheffield 047D,Violence and sexual offences,Investigation complete; no suspect identified,
,2025-02,South Yorkshire Police,South Yorkshire Police,-1.512812,53.356009,On or near Weetwood Drive,E01007937,Sheffield 047E,Anti-social behaviour,,
90b25f111b21193d8cc3fc7dfea1c53f145f6c07c6cb76c35021e4e6d38d6f7a,2025-02,South Yorkshire Police,South Yorkshire Police,-1.512812,53.356009,On or near Weetwood Drive,E01007937,Sheffield 047E,Burglary,Investigation complete; no suspect identified,
20a17a34bed299eeb2013f45689fcd4b64f152841f3172e3da17d7966ed75113,2025-02,South Yorkshire Police,South Yorkshire Police,-1.513134,53.360738,On or near Dobbin Hill,E01007937,Sheffield 047E,Criminal damage and arson,Investigation complete; no suspect identified,
88b841502bb34feee332bfbc4edfa70bec736ed39e1b1d51a7e9ee3f36e146a4,2025-02,South Yorkshire Police,South Yorkshire Police,-1.513134,53.360738,On or near Dobbin Hill,E01007937,Sheffield 047E,Vehicle crime,Investigation complete; no suspect identified,
2f2475fe2d4f1ebcd169db2cf539125d6f8c6dc509a82e79a7fda1e1d7931397,2025-02,South Yorkshire Police,South Yorkshire Police,-1.514534,53.359225,On or near Falkland Road,E01007937,Sheffield 047E,Violence and sexual offences,Investigation complete; no suspect identified,
,2025-02,South Yorkshire Police,South Yorkshire Police,-1.523028,53.360131,On or near Highcliffe Place,E01007938,Sheffield 047F,Anti-social behaviour,,
78ce38627cf4a85238a2e48088e0ef352ee4c1cf66ca6b956aef5520a3e4a2ca,2025-02,South Yorkshire Police,South Yorkshire Police,-1.518349,53.359348,On or near Edale Road,E01007938,Sheffield 047F,Criminal damage and arson,Investigation complete; no suspect identified,
11625dac601300f0aa1d44be50f3064dd2c15f7242335a644a6334ca68087edf,2025-02,South Yorkshire Police,South Yorkshire Police,-1.517763,53.358016,On or near Huntley Road,E01007938,Sheffield 047F,Vehicle crime,Investigation complete; no suspect identified,
,2025-02,South Yorkshire Police,South Yorkshire Police,-1.430515,53.360022,On or near Dagnam Crescent,E01008098,Sheffield 048A,Anti-social behaviour,,
,2025-02,South Yorkshire Police,South Yorkshire Police,-1.427749,53.360117,On or near Parking Area,E01008098,Sheffield 048A,Anti-social behaviour,,
77c1d75327a1aa03c5e0e16e60369b589e675b50e9a56664961afafd455f86f1,2025-02,South Yorkshire Police,South Yorkshire Police,-1.433271,53.359559,On or near Bazley Road,E01008098,Sheffield 048A,Burglary,Investigation complete; no suspect identified,
d4df126f7695146b7e74aff7d0f6f67b91a063e279fcc14c17292d2650b46558,2025-02,South Yorkshire Police,South Yorkshire Police,-1.436391,53.359978,On or near Cawdor Road,E01008098,Sheffield 048A,Drugs,Status update unavailable,
5c5579e0238146a74b7f2502373e43adf73846f7f2727db561286f8ed466f365,2025-02,South Yorkshire Police,South Yorkshire Police,-1.433347,53.361726,On or near Dagnam Road,E01008098,Sheffield 048A,Vehicle crime,Investigation complete; no suspect identified,
47d8b79da81ba68ccc67c8048c8d98f4b8b02539f30722d6696396ec3287ef1f,2025-02,South Yorkshire Police,South Yorkshire Police,-1.427390,53.360007,On or near Petrol Station,E01008098,Sheffield 048A,Violence and sexual offences,Unable to prosecute suspect,
60eadc3544de73801c50539eed8ae6549fb06aa91ff02e2107acdcc3ac27a3a7,2025-02,South Yorkshire Police,South Yorkshire Police,-1.433664,53.363903,On or near A6135,E01008098,Sheffield 048A,Violence and sexual offences,Local resolution,
475d189dfd46df09250cfbced906d23804498943012a747f3708a47c97ac9c49,2025-02,South Yorkshire Police,South Yorkshire Police,-1.431491,53.360108,On or near Dagnam Close,E01008098,Sheffield 048A,Violence and sexual offences,Unable to prosecute suspect,
cede5f837d638785a8c905ba0076dc1debd1670dc81885464454f84942a6225f,2025-02,South Yorkshire Police,South Yorkshire Police,-1.433347,53.361726,On or near Dagnam Road,E01008098,Sheffield 048A,Violence and sexual offences,Unable to prosecute suspect,
2ecdd8e282ecdb7f788e625c9bde56dc5aa090e72f2be0a4083a6d1bd761a66d,2025-02,South Yorkshire Police,South Yorkshire Police,-1.448980,53.357835,On or near Daresbury Drive,E01008100,Sheffield 048B,Criminal damage and arson,Investigation complete; no suspect identified,
d69368fad65d0ba1029084929eabd2522246308f73b8eab1a1faf5d478dd2025,2025-02,South Yorkshire Police,South Yorkshire Police,-1.447079,53.361934,On or near Framlingham Road,E01008100,Sheffield 048B,Drugs,Investigation complete; no suspect identified,
f4f78aafcba19fc772b419905101a4019c55f6d97d290d025a7b65af722ca343,2025-02,South Yorkshire Police,South Yorkshire Police,-1.449012,53.357700,On or near Daresbury Close,E01008100,Sheffield 048B,Public order,Investigation complete; no suspect identified,
4ed956cdb84868d4588a103a4257ed8de46c9a5461c25b80a409aab27da0467e,2025-02,South Yorkshire Police,South Yorkshire Police,-1.449901,53.359835,On or near Eastern Crescent,E01008100,Sheffield 048B,Public order,Investigation complete; no suspect identified,
85ce888a7ac5e51c6428082279403b4556eb94abc495a564769d10afe21e770d,2025-02,South Yorkshire Police,South Yorkshire Police,-1.446441,53.361311,On or near Framlingham Place,E01008100,Sheffield 048B,Vehicle crime,Investigation complete; no suspect identified,
351abbf6e665c36929152b46048bbb28a53843827cd9b439e15cd1303ed2be69,2025-02,South Yorkshire Police,South Yorkshire Police,-1.448867,53.363084,On or near Kenning Hall Close,E01008100,Sheffield 048B,Vehicle crime,Investigation complete; no suspect identified,
a6cecb2bdeab2278e1d5781969bafb076af1118f0392258a3fc226e381aeeb1e,2025-02,South Yorkshire Police,South Yorkshire Police,-1.449012,53.357700,On or near Daresbury Close,E01008100,Sheffield 048B,Vehicle crime,Investigation complete; no suspect identified,
d68f650241d1dc86d3dc6101a3638b8747057c88180d3c4a7d463a256540808c,2025-02,South Yorkshire Police,South Yorkshire Police,-1.448108,53.359071,On or near East Bank Place,E01008100,Sheffield 048B,Violence and sexual offences,Unable to prosecute suspect,
f46d8fa39f7b7730928de727db1033f2d77a88516a726a219fbe8923bb565ee8,2025-02,South Yorkshire Police,South Yorkshire Police,-1.449012,53.357700,On or near Daresbury Close,E01008100,Sheffield 048B,Violence and sexual offences,Unable to prosecute suspect,
2d3709f7cedb665c93dde767c4b62b8aef83fc7d1a7db1de8e3669f2b03961a7,2025-02,South Yorkshire Police,South Yorkshire Police,-1.449901,53.359835,On or near Eastern Crescent,E01008100,Sheffield 048B,Violence and sexual offences,Action to be taken by another organisation,
845120d961d3114c378ccb8d650f5ee78f799b05eaa026cffbbd82b278ca0373,2025-02,South Yorkshire Police,South Yorkshire Police,-1.448108,53.359071,On or near East Bank Place,E01008100,Sheffield 048B,Violence and sexual offences,Unable to prosecute suspect,
d214ef1611d2cde55d43845a182a9f7a1924565d0463d0b93782f33df203b7bf,2025-02,South Yorkshire Police,South Yorkshire Police,-1.439746,53.359662,On or near Paddock Close,E01008102,Sheffield 048C,Criminal damage and arson,Investigation complete; no suspect identified,
a9e0570ee1f2dfe8e49cf5b7e1ddc6e1ad09b1c573bbd8ad69bd341232305e25,2025-02,South Yorkshire Police,South Yorkshire Police,-1.437493,53.359606,On or near Supermarket,E01008102,Sheffield 048C,Shoplifting,Investigation complete; no suspect identified,
e919241e77e8f494611ec33c61bdfb8e98d2b2164efd4a93cd92fe5a1cd36469,2025-02,South Yorkshire Police,South Yorkshire Police,-1.437493,53.359606,On or near Supermarket,E01008102,Sheffield 048C,Shoplifting,Investigation complete; no suspect identified,
fe29f9524f592128a3b7b65dc43a04948b674a14cac16527a7c47e9cbaf3fb74,2025-02,South Yorkshire Police,South Yorkshire Police,-1.437493,53.359606,On or near Supermarket,E01008102,Sheffield 048C,Shoplifting,Investigation complete; no suspect identified,
6675d03077a328b258964bea20ff968d112f6473206902d06bbb8b990a55437a,2025-02,South Yorkshire Police,South Yorkshire Police,-1.440440,53.359395,On or near Errington Crescent,E01008102,Sheffield 048C,Vehicle crime,Investigation complete; no suspect identified,
a87c2203b299a5ad328e48544fa162eee9bb2a16a65a1651020846349492097d,2025-02,South Yorkshire Police,South Yorkshire Police,-1.436712,53.360699,On or near Aylward Close,E01008102,Sheffield 048C,Vehicle crime,Investigation complete; no suspect identified,
4e1926d54281a0c4e56897692dfd2e018427d6203a116eb44686ebd7872c92c6,2025-02,South Yorkshire Police,South Yorkshire Police,-1.434637,53.360806,On or near Aylward Road,E01008102,Sheffield 048C,Violence and sexual offences,Investigation complete; no suspect identified,
5c0e79b1afc11f3dd2bbe545bd32492a341adde5c1883e2dfc07504aae496a43,2025-02,South Yorkshire Police,South Yorkshire Police,-1.440447,53.361184,On or near Eastern Avenue,E01008102,Sheffield 048C,Other crime,Status update unavailable,
,2025-02,South Yorkshire Police,South Yorkshire Police,-1.440330,53.357507,On or near Berners Place,E01008103,Sheffield 048D,Anti-social behaviour,,
,2025-02,South Yorkshire Police,South Yorkshire Police,-1.445547,53.357235,On or near Daresbury View,E01008103,Sheffield 048D,Anti-social behaviour,,
6733aa4063c7864c29b0168c8a8f90e704f08cf7549bb6ae3254239bd70e34ad,2025-02,South Yorkshire Police,South Yorkshire Police,-1.446539,53.357203,On or near Daresbury Place,E01008103,Sheffield 048D,Criminal damage and arson,Investigation complete; no suspect identified,
d24098279244d9c2ec31814c072323f5bb335c5055314b1d405ce75236445871,2025-02,South Yorkshire Police,South Yorkshire Police,-1.445389,53.357809,On or near Petrol Station,E01008103,Sheffield 048D,Criminal damage and arson,Investigation complete; no suspect identified,
d5b315abb8ea0aa95f0d6db169046af62432db02005a4e30e131750e68048250,2025-02,South Yorkshire Police,South Yorkshire Police,-1.441881,53.356076,On or near Berners Close,E01008103,Sheffield 048D,Criminal damage and arson,Investigation complete; no suspect identified,
718a1d30691b568569e1e47fb7ab2aa5bba709e1efa16df325dc7508c8f6a9e1,2025-02,South Yorkshire Police,South Yorkshire Police,-1.439716,53.355032,On or near Paddock Crescent,E01008103,Sheffield 048D,Criminal damage and arson,Unable to prosecute suspect,
ec937fca80c8f244e721cf91cf2ffb90201f4062c0db5726a4bb7163812be873,2025-02,South Yorkshire Police,South Yorkshire Police,-1.442927,53.356539,On or near Villiers Close,E01008103,Sheffield 048D,Other theft,Unable to prosecute suspect,
8a671dac1309c88c939a26ed2154f2ac3e120bec6d377bcdf793dedfc275387b,2025-02,South Yorkshire Police,South Yorkshire Police,-1.440330,53.357507,On or near Berners Place,E01008103,Sheffield 048D,Violence and sexual offences,Unable to prosecute suspect,
f32f9862a01c813c87a5beb68789e4e28aca1851d7aaca67c12dd0fbb0a8bd39,2025-02,South Yorkshire Police,South Yorkshire Police,-1.440330,53.357507,On or near Berners Place,E01008103,Sheffield 048D,Violence and sexual offences,Investigation complete; no suspect identified,
51f97b097301b4c4dcf471033c10e761a1d93172a970aad737ca2111d75168f6,2025-02,South Yorkshire Police,South Yorkshire Police,-1.446539,53.357203,On or near Daresbury Place,E01008103,Sheffield 048D,Violence and sexual offences,Unable to prosecute suspect,
62940260b56277788b309be325a4e64704323d557dfd560100a06d0b70c15eb7,2025-02,South Yorkshire Police,South Yorkshire Police,-1.446539,53.357203,On or near Daresbury Place,E01008103,Sheffield 048D,Violence and sexual offences,Unable to prosecute suspect,
23fdae0f735597ad774e0391bf10b57657f4bea89fcea50eb20d26de6ebde401,2025-02,South Yorkshire Police,South Yorkshire Police,-1.446539,53.357203,On or near Daresbury Place,E01008103,Sheffield 048D,Violence and sexual offences,Unable to prosecute suspect,
78eb1dd1cc2322aba061b3bdc6ee298bc8f56ea8debc485fef1c94a4a6e6b7a9,2025-02,South Yorkshire Police,South Yorkshire Police,-1.440330,53.357507,On or near Berners Place,E01008103,Sheffield 048D,Violence and sexual offences,Unable to prosecute suspect,
84cafdc8a5642f03e15d02b63527649b46c80a716c7582cdbd2e5faa9d610114,2025-02,South Yorkshire Police,South Yorkshire Police,-1.445389,53.357809,On or near Petrol Station,E01008103,Sheffield 048D,Violence and sexual offences,Investigation complete; no suspect identified,
76c4a258b1bc5ed4270409534b31d28f5708e190ebb97fd10e393578554d5042,2025-02,South Yorkshire Police,South Yorkshire Police,-1.440330,53.357507,On or near Berners Place,E01008103,Sheffield 048D,Violence and sexual offences,Local resolution,
1b3265208f944bb06fe5258938982a037aad8f13575828de95d3f34ffacd17de,2025-02,South Yorkshire Police,South Yorkshire Police,-1.446539,53.357203,On or near Daresbury Place,E01008103,Sheffield 048D,Violence and sexual offences,Unable to prosecute suspect,
79c4c1c284f70f58fb6db5d4445f1c68ee5781d55f5656f9b4dbcc5f4b0ca379,2025-02,South Yorkshire Police,South Yorkshire Police,-1.370549,53.358867,On or near Cross Street,E01007964,Sheffield 049A,Other theft,Investigation complete; no suspect identified,
1f48e8ed7025f0b9dcef4122649fd812831575cd44be416b1be5f4b7f159782d,2025-02,South Yorkshire Police,South Yorkshire Police,-1.374682,53.360849,On or near Mauncer Drive,E01007964,Sheffield 049A,Public order,Unable to prosecute suspect,
c5911c7b42cd89f4091c0f2369319247f6d3bcfc805ca67524547183661c3808,2025-02,South Yorkshire Police,South Yorkshire Police,-1.363163,53.360392,On or near Brockwood Close,E01007964,Sheffield 049A,Shoplifting,Unable to prosecute suspect,
372f3606b8b0cba04b85b6e298131c940632f062bf6c9c9292ac6a3d52d57dc4,2025-02,South Yorkshire Police,South Yorkshire Police,-1.370549,53.358867,On or near Cross Street,E01007964,Sheffield 049A,Vehicle crime,Investigation complete; no suspect identified,
bb74f549734184909e8ca5b7445663541190d58714040770099ed0285229d162,2025-02,South Yorkshire Police,South Yorkshire Police,-1.365225,53.359208,On or near Tilford Road,E01007964,Sheffield 049A,Violence and sexual offences,Unable to prosecute suspect,
94c8bae301607bcb666eda7542600fb5c65f17fcdc822d79afc094032a1eb572,2025-02,South Yorkshire Police,South Yorkshire Police,-1.374682,53.360849,On or near Mauncer Drive,E01007964,Sheffield 049A,Violence and sexual offences,Unable to prosecute suspect,
0dfd4b37b46727c8caf7c5dd76712cf881701ffe8209ed3efef01b9727911572,2025-02,South Yorkshire Police,South Yorkshire Police,-1.363163,53.360392,On or near Brockwood Close,E01007964,Sheffield 049A,Violence and sexual offences,Status update unavailable,
92a657fff53906416179e0f67f18d771ca09e6a966b4c197df52923e0d13199f,2025-02,South Yorkshire Police,South Yorkshire Police,-1.365225,53.359208,On or near Tilford Road,E01007964,Sheffield 049A,Violence and sexual offences,Unable to prosecute suspect,
076de2f9ce1a01b9c14a790bda4d51692635b9e4bbc1473328751aca0f511d47,2025-02,South Yorkshire Police,South Yorkshire Police,-1.368671,53.361887,On or near Tithe Barn Close,E01007964,Sheffield 049A,Other crime,Unable to prosecute suspect,
,2025-02,South Yorkshire Police,South Yorkshire Police,-1.384807,53.355796,On or near Coisley Road,E01007966,Sheffield 049B,Anti-social behaviour,,
,2025-02,South Yorkshire Police,South Yorkshire Police,-1.391603,53.355471,On or near Normanton Spring Close,E01007966,Sheffield 049B,Anti-social behaviour,,
7a731df7abb209643fa6e3beb340847d20e7ffdcd815d2d4e4cc2b97ebde2bae,2025-02,South Yorkshire Police,South Yorkshire Police,-1.384807,53.355796,On or near Coisley Road,E01007966,Sheffield 049B,Drugs,Awaiting court outcome,
1ad5267ee4abb4b982bd7231fbe2c6d16735dcc642d76d259d05df838172ccbb,2025-02,South Yorkshire Police,South Yorkshire Police,-1.384212,53.357438,On or near Wolverley Road,E01007966,Sheffield 049B,Public order,Unable to prosecute suspect,
89d688f540fdf8ae53487ed99ed36ad47c7cfbee6984bddc3995bafcbfd2b951,2025-02,South Yorkshire Police,South Yorkshire Police,-1.391181,53.360844,On or near Smelter Wood Rise,E01007966,Sheffield 049B,Violence and sexual offences,Unable to prosecute suspect,
6ee2fba06ec919612d5648f1845e2c7a56a8bbd6a64ea016116f327322ecc9e0,2025-02,South Yorkshire Police,South Yorkshire Police,-1.388618,53.359294,On or near Stradbroke Road,E01007966,Sheffield 049B,Violence and sexual offences,Local resolution,
3413d44d44d9001d551933a0542a71312f6fa08b1db7ec9a8cfe898121d76b3c,2025-02,South Yorkshire Police,South Yorkshire Police,-1.388618,53.359294,On or near Stradbroke Road,E01007966,Sheffield 049B,Other crime,Status update unavailable,
,2025-02,South Yorkshire Police,South Yorkshire Police,-1.378956,53.358291,On or near Bishop Hill,E01007968,Sheffield 049C,Anti-social behaviour,,
,2025-02,South Yorkshire Police,South Yorkshire Police,-1.378956,53.358291,On or near Bishop Hill,E01007968,Sheffield 049C,Anti-social behaviour,,
,2025-02,South Yorkshire Police,South Yorkshire Police,-1.378958,53.357150,On or near Hollis Croft,E01007968,Sheffield 049C,Anti-social behaviour,,
8005ec3a6ccae7b0011b350c3af1042db0232c8664ec56d091c2c62ccf6ac6ab,2025-02,South Yorkshire Police,South Yorkshire Police,-1.382004,53.356410,On or near Ashpool Close,E01007968,Sheffield 049C,Burglary,Investigation complete; no suspect identified,
a34e645e63aec5e706b67ca9805bd041a8d6d707ed1eda925f25d75be841f255,2025-02,South Yorkshire Police,South Yorkshire Police,-1.382474,53.357150,On or near Ashpool Fold,E01007968,Sheffield 049C,Criminal damage and arson,Unable to prosecute suspect,
21e5b85da3d5629a174c38f77bf1f3cec0da89556673d33ef2ed49b5d4af1d3b,2025-02,South Yorkshire Police,South Yorkshire Police,-1.382357,53.361095,On or near Severnside Place,E01007968,Sheffield 049C,Criminal damage and arson,Status update unavailable,
3db9565d5094741e998e033e3aeb1ba668142cc41b1049159d5d51c34634c117,2025-02,South Yorkshire Police,South Yorkshire Police,-1.382110,53.361553,On or near Severnside Gardens,E01007968,Sheffield 049C,Vehicle crime,Unable to prosecute suspect,
69cbd125e0046a93a5edfdafb9373281148eff7c3d8342a151046e45c6cc8b98,2025-02,South Yorkshire Police,South Yorkshire Police,-1.382110,53.361553,On or near Severnside Gardens,E01007968,Sheffield 049C,Vehicle crime,Unable to prosecute suspect,
8a8471b62c5516afc0bbb7d9fd3381943efe3736e9ab115d4d4f92b3e9c82d5b,2025-02,South Yorkshire Police,South Yorkshire Police,-1.382451,53.360808,On or near Hardcastle Drive,E01007968,Sheffield 049C,Vehicle crime,Investigation complete; no suspect identified,
31d372b0b1d9d09920b587bcd26485a9786f6c1f7f2d2a045d92cb324a076e56,2025-02,South Yorkshire Police,South Yorkshire Police,-1.382110,53.361553,On or near Severnside Gardens,E01007968,Sheffield 049C,Vehicle crime,Unable to prosecute suspect,
4a178800f0c804aa761aa04cf33983a11eedb515a4b56685c8a422ff566dd86b,2025-02,South Yorkshire Police,South Yorkshire Police,-1.382474,53.357150,On or near Ashpool Fold,E01007968,Sheffield 049C,Violence and sexual offences,Unable to prosecute suspect,
97610587c6617d167436e1982f983f6890ed4259e8f51d891e35c6f6b47b675a,2025-02,South Yorkshire Police,South Yorkshire Police,-1.382004,53.356410,On or near Ashpool Close,E01007968,Sheffield 049C,Violence and sexual offences,Unable to prosecute suspect,
36f8e806a135533e9721f14e77c3b7ee6230638cdadf4efd933dda09825e7872,2025-02,South Yorkshire Police,South Yorkshire Police,-1.381232,53.361944,On or near Severnside Drive,E01007968,Sheffield 049C,Violence and sexual offences,Status update unavailable,
,2025-02,South Yorkshire Police,South Yorkshire Police,-1.373467,53.359340,On or near Supermarket,E01007970,Sheffield 049D,Anti-social behaviour,,
,2025-02,South Yorkshire Police,South Yorkshire Police,-1.373412,53.357283,On or near Skelton Grove,E01007970,Sheffield 049D,Anti-social behaviour,,
,2025-02,South Yorkshire Police,South Yorkshire Police,-1.373467,53.359340,On or near Supermarket,E01007970,Sheffield 049D,Anti-social behaviour,,
,2025-02,South Yorkshire Police,South Yorkshire Police,-1.370408,53.355163,On or near Skelton Close,E01007970,Sheffield 049D,Anti-social behaviour,,
,2025-02,South Yorkshire Police,South Yorkshire Police,-1.370672,53.357664,On or near Tannery Close,E01007970,Sheffield 049D,Anti-social behaviour,,
,2025-02,South Yorkshire Police,South Yorkshire Police,-1.373412,53.357283,On or near Skelton Grove,E01007970,Sheffield 049D,Anti-social behaviour,,
,2025-02,South Yorkshire Police,South Yorkshire Police,-1.373467,53.359340,On or near Supermarket,E01007970,Sheffield 049D,Anti-social behaviour,,
8a105eed3f0a55eb5398596563f1b4ca6c9e0d14816190e88721efd9714f9505,2025-02,South Yorkshire Police,South Yorkshire Police,-1.370672,53.357664,On or near Tannery Close,E01007970,Sheffield 049D,Burglary,Unable to prosecute suspect,
3e3bd9da83056aeb16fa896d0059450b78f726723dc811f9d6bcffaed7ad0be3,2025-02,South Yorkshire Police,South Yorkshire Police,-1.370672,53.357664,On or near Tannery Close,E01007970,Sheffield 049D,Burglary,Investigation complete; no suspect identified,
801757b92f8d31f1c68cb5a66d92fcaed604f7b11135ffaf612ff8b5827ee5cf,2025-02,South Yorkshire Police,South Yorkshire Police,-1.373385,53.357085,On or near Skelton Way,E01007970,Sheffield 049D,Drugs,Local resolution,
9578d081cfa954bd27f95b1062a7dbcfec719c9ed3633aaa9e213a76cb5bf0b1,2025-02,South Yorkshire Police,South Yorkshire Police,-1.370672,53.357664,On or near Tannery Close,E01007970,Sheffield 049D,Possession of weapons,Awaiting court outcome,
3c702188200626dab3c0a9f1951abab369d3078d7a639705800a5ba5a544ff43,2025-02,South Yorkshire Police,South Yorkshire Police,-1.370672,53.357664,On or near Tannery Close,E01007970,Sheffield 049D,Public order,Unable to prosecute suspect,
4874d14d4e2d6d94bd54a62fe01cbb5e49281f54efb4d321021d262292a08822,2025-02,South Yorkshire Police,South Yorkshire Police,-1.370889,53.358213,On or near Tannery Street,E01007970,Sheffield 049D,Public order,Unable to prosecute suspect,
681d272be13505e99ebb509165ea486a053d87a3d5ed33750545d5dac8d07d66,2025-02,South Yorkshire Police,South Yorkshire Police,-1.370672,53.357664,On or near Tannery Close,E01007970,Sheffield 049D,Public order,Unable to prosecute suspect,
e07e58f9d99e419748d06017eb8a1c3ff0f719520023fbf71f1c72070063f9ff,2025-02,South Yorkshire Police,South Yorkshire Police,-1.373467,53.359340,On or near Supermarket,E01007970,Sheffield 049D,Public order,Investigation complete; no suspect identified,
c7414e19dde9682727479de950ce675155859668d8ca2c90253e80b9d2715b1a,2025-02,South Yorkshire Police,South Yorkshire Police,-1.373412,53.357283,On or near Skelton Grove,E01007970,Sheffield 049D,Public order,Investigation complete; no suspect identified,
93c329cc125d82c3013334a0b7699dc622d63bbd3917fb34549d4c452735da16,2025-02,South Yorkshire Police,South Yorkshire Police,-1.373467,53.359340,On or near Supermarket,E01007970,Sheffield 049D,Shoplifting,Investigation complete; no suspect identified,
f45746a47f5750c99797158c20511a814be801c18be83e9d930a3eba92101582,2025-02,South Yorkshire Police,South Yorkshire Police,-1.373467,53.359340,On or near Supermarket,E01007970,Sheffield 049D,Shoplifting,Investigation complete; no suspect identified,
fa7c2cb816d1c8dc9cf52458fbecf9b2c3b20b5529cd47f54a446b0f787c29fb,2025-02,South Yorkshire Police,South Yorkshire Police,-1.373467,53.359340,On or near Supermarket,E01007970,Sheffield 049D,Shoplifting,Unable to prosecute suspect,
6ceebe5cd769ff120464086fbdaae434d6fa4459bb202f707b5b8e43b77c6151,2025-02,South Yorkshire Police,South Yorkshire Police,-1.373467,53.359340,On or near Supermarket,E01007970,Sheffield 049D,Shoplifting,Awaiting court outcome,
5df086ab35beaceaf4e4ac21f01d2fc81fa3d9c9b86392f6fb89d3988f6a406c,2025-02,South Yorkshire Police,South Yorkshire Police,-1.373467,53.359340,On or near Supermarket,E01007970,Sheffield 049D,Shoplifting,Investigation complete; no suspect identified,
ed6a30165e7ec47b804c76b706926fdf882a773641705f9ef4ea2c9f8b9c22a5,2025-02,South Yorkshire Police,South Yorkshire Police,-1.373467,53.359340,On or near Supermarket,E01007970,Sheffield 049D,Shoplifting,Investigation complete; no suspect identified,
6f561926ff7b09d8d621e449da354bc2824abe5d3790d0ead216c04a7dacbb4b,2025-02,South Yorkshire Police,South Yorkshire Police,-1.373467,53.359340,On or near Supermarket,E01007970,Sheffield 049D,Shoplifting,Investigation complete; no suspect identified,
87ef70aa1acce32222ece97dc25c03df94ea0982655fbfee3c4693f21850bd61,2025-02,South Yorkshire Police,South Yorkshire Police,-1.373467,53.359340,On or near Supermarket,E01007970,Sheffield 049D,Shoplifting,Investigation complete; no suspect identified,
5cb7f3cec2739850fa1fc207b47f326a77ece0b88084c48b50ad55b8b9e46893,2025-02,South Yorkshire Police,South Yorkshire Police,-1.373467,53.359340,On or near Supermarket,E01007970,Sheffield 049D,Shoplifting,Investigation complete; no suspect identified,
efe17278d84ca6c97409c22ff9abeccefce543edfcd078ec0187b0d6e8a94d14,2025-02,South Yorkshire Police,South Yorkshire Police,-1.373467,53.359340,On or near Supermarket,E01007970,Sheffield 049D,Shoplifting,Investigation complete; no suspect identified,
a5228fe24ddc110e3c9102696140c411a1974ecd79c6e503e11dbacb5baf3667,2025-02,South Yorkshire Police,South Yorkshire Police,-1.373467,53.359340,On or near Supermarket,E01007970,Sheffield 049D,Shoplifting,Investigation complete; no suspect identified,
25a75937bc092c763d35cc02e368bd901d0e9f2dcfae58a3233bdc44c9dd0a95,2025-02,South Yorkshire Police,South Yorkshire Police,-1.373467,53.359340,On or near Supermarket,E01007970,Sheffield 049D,Shoplifting,Awaiting court outcome,
388561ed5e1052472462efae707bfdbbdd4befd5972047623858fd7f47a8c528,2025-02,South Yorkshire Police,South Yorkshire Police,-1.373467,53.359340,On or near Supermarket,E01007970,Sheffield 049D,Shoplifting,Investigation complete; no suspect identified,
535adb2f6aa288cf45a635834d1ceb3510f1a45a6308fa608dbeaef8b52fbf07,2025-02,South Yorkshire Police,South Yorkshire Police,-1.370889,53.358213,On or near Tannery Street,E01007970,Sheffield 049D,Vehicle crime,Investigation complete; no suspect identified,
2045748e4c63e18c7adc839d200b1cdc8c863c05f6f0384333f2639afdc6f4bd,2025-02,South Yorkshire Police,South Yorkshire Police,-1.370400,53.355721,On or near Skelton Drive,E01007970,Sheffield 049D,Vehicle crime,Investigation complete; no suspect identified,
dddb4589eebc29a56b77717f120bcc3e8aec6adcfda59f5f95d5fbc3d7f154bb,2025-02,South Yorkshire Police,South Yorkshire Police,-1.370400,53.355721,On or near Skelton Drive,E01007970,Sheffield 049D,Vehicle crime,Investigation complete; no suspect identified,
aeb7f6de9570e2d6cc0bb39d27bd9ce2b4d25fe40d2f699b69d7b4ca099fc9ff,2025-02,South Yorkshire Police,South Yorkshire Police,-1.376552,53.357245,On or near Colliers Close,E01007970,Sheffield 049D,Vehicle crime,Investigation complete; no suspect identified,
240cb80b84abe4da9ce6709ebf781379164f906f9594c93e7236e76192e60335,2025-02,South Yorkshire Police,South Yorkshire Police,-1.368919,53.356252,On or near Spa Lane Croft,E01007970,Sheffield 049D,Vehicle crime,Investigation complete; no suspect identified,
1d85dda2597cba54fc37facd5d98751c2576042f4bb9b9c5cbbbdb52e5997c6f,2025-02,South Yorkshire Police,South Yorkshire Police,-1.373385,53.357085,On or near Skelton Way,E01007970,Sheffield 049D,Violence and sexual offences,Investigation complete; no suspect identified,
d47747492bca91b921805f5856cff4bc569257ced3551a1afaca1c9186d2b495,2025-02,South Yorkshire Police,South Yorkshire Police,-1.373385,53.357085,On or near Skelton Way,E01007970,Sheffield 049D,Violence and sexual offences,Unable to prosecute suspect,
93a917939e253833cc7d6c9f1eccf3dc592bff5ce4458ed6725c190a6577f4a7,2025-02,South Yorkshire Police,South Yorkshire Police,-1.368919,53.356252,On or near Spa Lane Croft,E01007970,Sheffield 049D,Violence and sexual offences,Unable to prosecute suspect,
c036b48f9d5e45283c947f3b2ad33b2679a52e217d2a6bd6decfb584562fd932,2025-02,South Yorkshire Police,South Yorkshire Police,-1.370889,53.358213,On or near Tannery Street,E01007970,Sheffield 049D,Violence and sexual offences,Unable to prosecute suspect,
7e51558a8bc2fb247470550e8c3d1fa8eca1ae25bf5475e8d9eea1982b18597c,2025-02,South Yorkshire Police,South Yorkshire Police,-1.368919,53.356252,On or near Spa Lane Croft,E01007970,Sheffield 049D,Violence and sexual offences,Unable to prosecute suspect,
0b68ad513aefa7dc4647e4b460d3502e051a3389ae954914db36d3ca13fae205,2025-02,South Yorkshire Police,South Yorkshire Police,-1.370672,53.357664,On or near Tannery Close,E01007970,Sheffield 049D,Violence and sexual offences,Unable to prosecute suspect,
5b2095f192208da6d6c4b3240841ad91945c9465f8d0eee9673977de9d4bd1b6,2025-02,South Yorkshire Police,South Yorkshire Police,-1.374870,53.356176,On or near Water Slacks Close,E01007970,Sheffield 049D,Violence and sexual offences,Unable to prosecute suspect,
52f35f52bc3c36678b0dd8817f92194f96d29c30255cbad31b058ca01bf43145,2025-02,South Yorkshire Police,South Yorkshire Police,-1.484086,53.354711,On or near Coniston Terrace,E01008042,Sheffield 050A,Burglary,Investigation complete; no suspect identified,
862aca5ff5d6092a6f0d2068241367d07f9fd38742fcd9024f2c2ebbfa475f0b,2025-02,South Yorkshire Police,South Yorkshire Police,-1.484115,53.357336,On or near Gatefield Road,E01008042,Sheffield 050A,Criminal damage and arson,Investigation complete; no suspect identified,
615c0829c43ec05fff18583887d9bd51acbe56fccee37c13b8fdf71e32b3351c,2025-02,South Yorkshire Police,South Yorkshire Police,-1.484086,53.354711,On or near Coniston Terrace,E01008042,Sheffield 050A,Other theft,Unable to prosecute suspect,
8358e67a060f79be875bdab41adc34cfb5187396ca6f9912a68a5b92465eb46f,2025-02,South Yorkshire Police,South Yorkshire Police,-1.484744,53.354947,On or near Coniston Road,E01008042,Sheffield 050A,Other theft,Investigation complete; no suspect identified,
c155993650c0497a9fd07386113d9212843d52eb34a03b5d38df9fd0642e35f6,2025-02,South Yorkshire Police,South Yorkshire Police,-1.482772,53.357779,On or near Leyburn Road,E01008042,Sheffield 050A,Public order,Investigation complete; no suspect identified,
ff65a086f2291c657252ebda93657092950c51efb48beafdb521caa0919f1ee3,2025-02,South Yorkshire Police,South Yorkshire Police,-1.486715,53.355990,On or near Thorne Road,E01008042,Sheffield 050A,Violence and sexual offences,Unable to prosecute suspect,
1d3b1ff1268e437cd58c84e40963caa92c2983d7d8a511c5b943eb17e33e0fb5,2025-02,South Yorkshire Police,South Yorkshire Police,-1.484590,53.355315,On or near Arnside Road,E01008042,Sheffield 050A,Violence and sexual offences,Status update unavailable,
177dee8270f3278ffce9e5474e3f045ab69363333f12bdb273d37216fd372153,2025-02,South Yorkshire Police,South Yorkshire Police,-1.491747,53.353611,On or near Swaledale Road,E01008045,Sheffield 050B,Burglary,Status update unavailable,
dbd8755ebb910a50a4e8eeb4ee0b51165ce4b0dd501c0cc03bc58d725bea460b,2025-02,South Yorkshire Police,South Yorkshire Police,-1.492803,53.354514,On or near Archer Lane,E01008045,Sheffield 050B,Burglary,Investigation complete; no suspect identified,
dfb4cfdd8e184bc8492ba6e4e8a78df38564d59d7e3597a49f2488b03421c2a0,2025-02,South Yorkshire Police,South Yorkshire Police,-1.492803,53.354514,On or near Archer Lane,E01008045,Sheffield 050B,Criminal damage and arson,Investigation complete; no suspect identified,
b3b4face51620a78823c64f412aee493074c965f0ba3bf1f195b24a33d69af40,2025-02,South Yorkshire Police,South Yorkshire Police,-1.486622,53.355018,On or near Edgemount Road,E01008045,Sheffield 050B,Vehicle crime,Investigation complete; no suspect identified,
58d968ab36bb79d680cf67131b654520f0347354cbf9f7f069bb02653a25453e,2025-02,South Yorkshire Police,South Yorkshire Police,-1.491747,53.353611,On or near Swaledale Road,E01008045,Sheffield 050B,Violence and sexual offences,Unable to prosecute suspect,
3699489fcfffaacbbe5b497027752c6b2cdbc6df377a02e5679a37742ec0e79b,2025-02,South Yorkshire Police,South Yorkshire Police,-1.491747,53.353611,On or near Swaledale Road,E01008045,Sheffield 050B,Violence and sexual offences,Status update unavailable,
,2025-02,South Yorkshire Police,South Yorkshire Police,-1.484924,53.353735,On or near Windermere Road,E01008046,Sheffield 050C,Anti-social behaviour,,
,2025-02,South Yorkshire Police,South Yorkshire Police,-1.484924,53.353735,On or near Windermere Road,E01008046,Sheffield 050C,Anti-social behaviour,,
,2025-02,South Yorkshire Police,South Yorkshire Police,-1.487577,53.351787,On or near Plymouth Road,E01008046,Sheffield 050C,Anti-social behaviour,,
e26aee81c7813729a3de1125f6b3155726402194b76ae3f2d2f5f8eb94424fc7,2025-02,South Yorkshire Police,South Yorkshire Police,-1.487577,53.351787,On or near Plymouth Road,E01008046,Sheffield 050C,Burglary,Investigation complete; no suspect identified,
8998e2fe1313aa1d423bad124f50c0cac2955b55276a77e040f6fc44a03b7e4b,2025-02,South Yorkshire Police,South Yorkshire Police,-1.487975,53.352426,On or near Lynmouth Road,E01008046,Sheffield 050C,Criminal damage and arson,Investigation complete; no suspect identified,
f42dd8e3a396bb7c1c7a0bace375d83912a6500b825376d3e69546baa717c845,2025-02,South Yorkshire Police,South Yorkshire Police,-1.487409,53.353224,On or near Barmouth Road,E01008046,Sheffield 050C,Criminal damage and arson,Investigation complete; no suspect identified,
87abd03364bd3a9a7f2d1b8852d6298b54c7c5c17a5a3963da4ffc9a91d86d53,2025-02,South Yorkshire Police,South Yorkshire Police,-1.486120,53.353012,On or near Grasmere Road,E01008046,Sheffield 050C,Drugs,Status update unavailable,
d2902f2748729a87a192fb4ae1fd0f8febdea4dd08fafaa7e9f714f99a93680f,2025-02,South Yorkshire Police,South Yorkshire Police,-1.485009,53.354202,On or near Langdale Road,E01008046,Sheffield 050C,Drugs,Awaiting court outcome,
72c216e249a43a3926cbe81117897fd0b71b0959fdcc35c536835adfc6b84387,2025-02,South Yorkshire Police,South Yorkshire Police,-1.486435,53.351818,On or near Crummock Road,E01008046,Sheffield 050C,Drugs,Awaiting court outcome,
a5ded331354f3c5b6cae4cb84e82c5b69789ecf018260ac569587506120934bd,2025-02,South Yorkshire Police,South Yorkshire Police,-1.487577,53.351787,On or near Plymouth Road,E01008046,Sheffield 050C,Other theft,Investigation complete; no suspect identified,
d37320d979d1cfc2f89295b386075fdeb13d567fa66f76509e47809fba708bd2,2025-02,South Yorkshire Police,South Yorkshire Police,-1.485009,53.354202,On or near Langdale Road,E01008046,Sheffield 050C,Public order,Local resolution,
a350e1ab633aee1cf008633f0c2ad676e0184b25f1aa63e304699fe3c6723942,2025-02,South Yorkshire Police,South Yorkshire Police,-1.486435,53.351818,On or near Crummock Road,E01008046,Sheffield 050C,Public order,Unable to prosecute suspect,
a662b5e0e9706c28b6d874dc224b981c2c532068107af93d0f121b865a8ce3a6,2025-02,South Yorkshire Police,South Yorkshire Police,-1.487577,53.351787,On or near Plymouth Road,E01008046,Sheffield 050C,Violence and sexual offences,Unable to prosecute suspect,
7e6f24871e03783909dc55d31c954fa3eea5f2e861ed6d5922349494087c7a9f,2025-02,South Yorkshire Police,South Yorkshire Police,-1.487577,53.351787,On or near Plymouth Road,E01008046,Sheffield 050C,Violence and sexual offences,Unable to prosecute suspect,
5650405c4b71906443466bd222004c51c2b4e3d532c5920bba5b9ed34c2963dc,2025-02,South Yorkshire Police,South Yorkshire Police,-1.486435,53.351818,On or near Crummock Road,E01008046,Sheffield 050C,Violence and sexual offences,Unable to prosecute suspect,
,2025-02,South Yorkshire Police,South Yorkshire Police,-1.492830,53.363629,On or near Cherry Tree Road,E01008049,Sheffield 050D,Anti-social behaviour,,
ac26173c3c7905454779c0c8ac23492c4be46e8639eeb1798886177f23e0f58c,2025-02,South Yorkshire Police,South Yorkshire Police,-1.495538,53.363317,On or near Williamson Road,E01008049,Sheffield 050D,Vehicle crime,Investigation complete; no suspect identified,
a4119ae95ccba2809583c3548e9973f8a7e4a8ab96c0bef83ef92a40b1c52242,2025-02,South Yorkshire Police,South Yorkshire Police,-1.489661,53.364730,On or near Kenwood Road,E01008049,Sheffield 050D,Vehicle crime,Investigation complete; no suspect identified,
6deec1ce8ee6923993f5cac775e188d959f8ab515371aaa394ac4b7c9c2ac7cb,2025-02,South Yorkshire Police,South Yorkshire Police,-1.491312,53.367398,On or near Westbrook Bank,E01008049,Sheffield 050D,Vehicle crime,Investigation complete; no suspect identified,
,2025-02,South Yorkshire Police,South Yorkshire Police,-1.486110,53.363834,On or near Kenbourne Road,E01008051,Sheffield 050E,Anti-social behaviour,,
,2025-02,South Yorkshire Police,South Yorkshire Police,-1.483410,53.360982,On or near Wake Road,E01008051,Sheffield 050E,Anti-social behaviour,,
a5bee5770eb3605bd7dd2fdea916cf48ce1201d98f26734288356b94568760e8,2025-02,South Yorkshire Police,South Yorkshire Police,-1.484186,53.363889,On or near Kenwood Avenue,E01008051,Sheffield 050E,Other theft,Investigation complete; no suspect identified,
,2025-02,South Yorkshire Police,South Yorkshire Police,-1.491599,53.359678,On or near Ladysmith Avenue,E01008052,Sheffield 050F,Anti-social behaviour,,
,2025-02,South Yorkshire Police,South Yorkshire Police,-1.487145,53.360216,On or near Bank Close,E01008052,Sheffield 050F,Anti-social behaviour,,
,2025-02,South Yorkshire Police,South Yorkshire Police,-1.487145,53.360216,On or near Bank Close,E01008052,Sheffield 050F,Anti-social behaviour,,
,2025-02,South Yorkshire Police,South Yorkshire Police,-1.489365,53.359264,On or near Violet Bank Road,E01008052,Sheffield 050F,Anti-social behaviour,,
,2025-02,South Yorkshire Police,South Yorkshire Police,-1.484756,53.358965,On or near Sheldon Road,E01008052,Sheffield 050F,Anti-social behaviour,,
,2025-02,South Yorkshire Police,South Yorkshire Police,-1.494058,53.358861,On or near Union Road,E01008052,Sheffield 050F,Anti-social behaviour,,
aed32563645752687a52ac63c91c816725223de20aca26a9f947529c0a97f38e,2025-02,South Yorkshire Police,South Yorkshire Police,-1.493683,53.360091,On or near Union Drive,E01008052,Sheffield 050F,Burglary,Investigation complete; no suspect identified,
9303bad00d36250df9e96096b2ecdc14687cb60aaf55d5a6b3dc170609d28816,2025-02,South Yorkshire Police,South Yorkshire Police,-1.493683,53.360091,On or near Union Drive,E01008052,Sheffield 050F,Burglary,Investigation complete; no suspect identified,
1f68229092fa77935e5bb7972b62ee0dadde41a92f4e8f9de4b2d9703bba5fec,2025-02,South Yorkshire Police,South Yorkshire Police,-1.489365,53.359264,On or near Violet Bank Road,E01008052,Sheffield 050F,Other theft,Unable to prosecute suspect,
4f6daa78ca66d832b096ca47d0c042ecbe7d3688af45a42d9764d954d5966fd1,2025-02,South Yorkshire Police,South Yorkshire Police,-1.489365,53.359264,On or near Violet Bank Road,E01008052,Sheffield 050F,Public order,Unable to prosecute suspect,
0f0b21305e0235206a8c4bb9522f3a1d20f150c586b3aac115b24747bd864295,2025-02,South Yorkshire Police,South Yorkshire Police,-1.489365,53.359264,On or near Violet Bank Road,E01008052,Sheffield 050F,Robbery,Awaiting court outcome,
3f3130db41dbd8926b4fa4e26d7cf7ac16ff0755ad4d5c08f70b9ba0fdec0e13,2025-02,South Yorkshire Police,South Yorkshire Police,-1.489365,53.359264,On or near Violet Bank Road,E01008052,Sheffield 050F,Robbery,Investigation complete; no suspect identified,
33aef07ba6ac73360c4b0e2883a368622cd8c3745d101a0520873bfd7108111d,2025-02,South Yorkshire Police,South Yorkshire Police,-1.489365,53.359264,On or near Violet Bank Road,E01008052,Sheffield 050F,Shoplifting,Investigation complete; no suspect identified,
92265b5e6373224b50d6f3a56c70e73a2867ceec2bcb5b0ae11171ed52d8df76,2025-02,South Yorkshire Police,South Yorkshire Police,-1.489365,53.359264,On or near Violet Bank Road,E01008052,Sheffield 050F,Shoplifting,Investigation complete; no suspect identified,
40ef53c7c2c5c7c30bc3e070548acd6fda8fe5995ef589f5522efce9af0e7ac8,2025-02,South Yorkshire Police,South Yorkshire Police,-1.489365,53.359264,On or near Violet Bank Road,E01008052,Sheffield 050F,Shoplifting,Awaiting court outcome,
fa437c558583309c73a98c07c5af794261bf15f9af76f5d2e8ce9ae7a1da367c,2025-02,South Yorkshire Police,South Yorkshire Police,-1.489365,53.359264,On or near Violet Bank Road,E01008052,Sheffield 050F,Shoplifting,Investigation complete; no suspect identified,
b4de3efbfdfb91ce8fc22267bef991f576e2bc0660af3f0cc1fd6759d692a9e7,2025-02,South Yorkshire Police,South Yorkshire Police,-1.489365,53.359264,On or near Violet Bank Road,E01008052,Sheffield 050F,Shoplifting,Investigation complete; no suspect identified,
5edaa01d4d53ea55c7b35618ada0adcc3c0724b419aa127eee8183fdeadd6def,2025-02,South Yorkshire Police,South Yorkshire Police,-1.489365,53.359264,On or near Violet Bank Road,E01008052,Sheffield 050F,Shoplifting,Investigation complete; no suspect identified,
ca05788aa9c6a2cbc58fbba6803bbcf29bb0d924051be46a53123e78d04b8dab,2025-02,South Yorkshire Police,South Yorkshire Police,-1.489365,53.359264,On or near Violet Bank Road,E01008052,Sheffield 050F,Shoplifting,Awaiting court outcome,
55c73a0392fe4f98185c108016f1d9b77e12a690074d000371128ecfc79a549a,2025-02,South Yorkshire Police,South Yorkshire Police,-1.489365,53.359264,On or near Violet Bank Road,E01008052,Sheffield 050F,Shoplifting,Investigation complete; no suspect identified,
feea97ae742fd1421b811b832318c0d26e2759907ebf7c509454de9001928110,2025-02,South Yorkshire Police,South Yorkshire Police,-1.489365,53.359264,On or near Violet Bank Road,E01008052,Sheffield 050F,Shoplifting,Investigation complete; no suspect identified,
924792974c7649cae77eeb003e87fa15837aa0471ee2e69a076f31886153473d,2025-02,South Yorkshire Police,South Yorkshire Police,-1.489365,53.359264,On or near Violet Bank Road,E01008052,Sheffield 050F,Shoplifting,Investigation complete; no suspect identified,
4f0f4aeb95416ee6a3342b97a31addce1d715ac5cc1dd671a3b56d7491e52f5e,2025-02,South Yorkshire Police,South Yorkshire Police,-1.489365,53.359264,On or near Violet Bank Road,E01008052,Sheffield 050F,Shoplifting,Awaiting court outcome,
1496fec4ac9c39cb6f7d42484af3dbfe569ef82d505ae8509683c0583d7f10e8,2025-02,South Yorkshire Police,South Yorkshire Police,-1.489365,53.359264,On or near Violet Bank Road,E01008052,Sheffield 050F,Shoplifting,Investigation complete; no suspect identified,
70e5f2a56030d8b62a04919fd7256507e6f3fef7d4a124362efdceeb16c53f6e,2025-02,South Yorkshire Police,South Yorkshire Police,-1.489365,53.359264,On or near Violet Bank Road,E01008052,Sheffield 050F,Shoplifting,Investigation complete; no suspect identified,
b916f42992591a225b89bfd8e2981249e33bc320aef60848dd46746584e126c4,2025-02,South Yorkshire Police,South Yorkshire Police,-1.489365,53.359264,On or near Violet Bank Road,E01008052,Sheffield 050F,Shoplifting,Unable to prosecute suspect,
a3f9021d14045abf925b03abc4d9aa59df33a9a6cf3eeedc1a6d2c9a24e9fb13,2025-02,South Yorkshire Police,South Yorkshire Police,-1.489365,53.359264,On or near Violet Bank Road,E01008052,Sheffield 050F,Shoplifting,Investigation complete; no suspect identified,
102aec15d0c30270092b175e93bc3afb45b8b95e55453813fb7cce4758767a13,2025-02,South Yorkshire Police,South Yorkshire Police,-1.489365,53.359264,On or near Violet Bank Road,E01008052,Sheffield 050F,Shoplifting,Unable to prosecute suspect,
e7b4295c6af1dd5a174b06b346bb2f2e7300c37a27b6a267e64798b12066d0db,2025-02,South Yorkshire Police,South Yorkshire Police,-1.489365,53.359264,On or near Violet Bank Road,E01008052,Sheffield 050F,Shoplifting,Investigation complete; no suspect identified,
ecf397fac947c5c39a8291ab5dccaf9508db18c444213755f418d9987d3d8f0f,2025-02,South Yorkshire Police,South Yorkshire Police,-1.487145,53.360216,On or near Bank Close,E01008052,Sheffield 050F,Violence and sexual offences,Investigation complete; no suspect identified,
1ed27e886192a74fc5c483cb0ac24100f239d05a4e843a7d73ab54d29ed95193,2025-02,South Yorkshire Police,South Yorkshire Police,-1.486837,53.360817,On or near Ryle Road,E01008052,Sheffield 050F,Violence and sexual offences,Investigation complete; no suspect identified,
,2025-02,South Yorkshire Police,South Yorkshire Police,-1.468022,53.362272,On or near Anns Road,E01007975,Sheffield 051A,Anti-social behaviour,,
c8a9def92c134efa5897d7339374424cfd0d081cc9c46a8dd9fd77c444359927,2025-02,South Yorkshire Police,South Yorkshire Police,-1.465466,53.358755,On or near Gerard Close,E01007975,Sheffield 051A,Criminal damage and arson,Investigation complete; no suspect identified,
29f7354fefcbc730c7f029d8a01ee5458369d4ab2b7ebfae9b74ec6bca9c044f,2025-02,South Yorkshire Police,South Yorkshire Police,-1.464094,53.361544,On or near Myrtle Road,E01007975,Sheffield 051A,Criminal damage and arson,Unable to prosecute suspect,
99ab3142666f99241542d90cb4166c941638c8b6dfa7342493d96b78cf346735,2025-02,South Yorkshire Police,South Yorkshire Police,-1.464094,53.361544,On or near Myrtle Road,E01007975,Sheffield 051A,Criminal damage and arson,Unable to prosecute suspect,
3f0d361c9f66ec6b9129047d1bf2d52e5428810dfaf161b2dbbda797353442f8,2025-02,South Yorkshire Police,South Yorkshire Police,-1.464094,53.361544,On or near Myrtle Road,E01007975,Sheffield 051A,Criminal damage and arson,Unable to prosecute suspect,
4dd42bd53b72f31fc625332d4a2553d6e120bb81829e0f60acae889bcf1d5e15,2025-02,South Yorkshire Police,South Yorkshire Police,-1.464094,53.361544,On or near Myrtle Road,E01007975,Sheffield 051A,Criminal damage and arson,Unable to prosecute suspect,
623a0a33f2b08b02f855aad983636c6326510cdb16c7e80034dea6fb65d71197,2025-02,South Yorkshire Police,South Yorkshire Police,-1.467718,53.360113,On or near Odom Court,E01007975,Sheffield 051A,Criminal damage and arson,Investigation complete; no suspect identified,
dd04b23cad4a19a885320b236a21a16e3f53c79fcaa265f63d65129e478753c2,2025-02,South Yorkshire Police,South Yorkshire Police,-1.467782,53.358567,On or near Nicholson Place,E01007975,Sheffield 051A,Public order,Status update unavailable,
778ee1199624d52bd8b1f94ef3a1f97579052bb83f3449a436fcf72c12c545db,2025-02,South Yorkshire Police,South Yorkshire Police,-1.467782,53.358567,On or near Nicholson Place,E01007975,Sheffield 051A,Public order,Unable to prosecute suspect,
46759b71dc25b830bfbc04ef3794b61f5e519ee4c172234dc5272dcbee534458,2025-02,South Yorkshire Police,South Yorkshire Police,-1.467782,53.358567,On or near Nicholson Place,E01007975,Sheffield 051A,Vehicle crime,Investigation complete; no suspect identified,
aa455f83ad7fb4fddb8859f62b90bbc3a365e727f7dca9a62e9ee9f51b87fd77,2025-02,South Yorkshire Police,South Yorkshire Police,-1.467782,53.358567,On or near Nicholson Place,E01007975,Sheffield 051A,Violence and sexual offences,Unable to prosecute suspect,
e8d3e1f2f660808e1ad3cc8f302e0fac991a47ab3b189facf7aad1db5aaab050,2025-02,South Yorkshire Police,South Yorkshire Police,-1.465699,53.361758,On or near Alexandra Road,E01007975,Sheffield 051A,Violence and sexual offences,Unable to prosecute suspect,
5567951abf555bd594356b0399f2997456137e8a439c420040c02ee65d359240,2025-02,South Yorkshire Police,South Yorkshire Police,-1.464520,53.358733,On or near Carrfield Court,E01007975,Sheffield 051A,Violence and sexual offences,Unable to prosecute suspect,
020efa04d6f3bacb10e87adfea8e0e9fa435e7e44bd22360562552aec3237251,2025-02,South Yorkshire Police,South Yorkshire Police,-1.464520,53.358733,On or near Carrfield Court,E01007975,Sheffield 051A,Violence and sexual offences,Unable to prosecute suspect,
57c7d82922fd80284ff74e8e7c040ef6e0ddd392cadf417098002ca89b53cf74,2025-02,South Yorkshire Police,South Yorkshire Police,-1.464520,53.358733,On or near Carrfield Court,E01007975,Sheffield 051A,Violence and sexual offences,Investigation complete; no suspect identified,
41738d72c8d2075a7c2745c7e36bf7ee88c5c8511b8a52014a007049e1f59a0c,2025-02,South Yorkshire Police,South Yorkshire Police,-1.464520,53.358733,On or near Carrfield Court,E01007975,Sheffield 051A,Violence and sexual offences,Unable to prosecute suspect,
7c1fee1ecbb154dbccab67a31316b7b4dbdf805ca2e7a8178ab12dbceda1be7f,2025-02,South Yorkshire Police,South Yorkshire Police,-1.469468,53.360750,On or near Wilson Place,E01007975,Sheffield 051A,Violence and sexual offences,Unable to prosecute suspect,
8563c796ab80e3f9d498cf53df1c28f33c758789f970ec6dffc6a3c629872072,2025-02,South Yorkshire Police,South Yorkshire Police,-1.469796,53.359790,On or near Nowill Place,E01007975,Sheffield 051A,Violence and sexual offences,Unable to prosecute suspect,
99f93263db839b4472ad5494cc0d8809b2d20e62f719fb134c13eab00832cb9d,2025-02,South Yorkshire Police,South Yorkshire Police,-1.464520,53.358733,On or near Carrfield Court,E01007975,Sheffield 051A,Violence and sexual offences,Unable to prosecute suspect,
e68c3b5ab58c451054a86ef7b2a80a3b39748820ec0b99ba2c9304f0d95de517,2025-02,South Yorkshire Police,South Yorkshire Police,-1.465699,53.361758,On or near Alexandra Road,E01007975,Sheffield 051A,Other crime,Unable to prosecute suspect,
a1b9044b659332ad2f3f4f7bd01da84d66e579956668b7b3f12e52c0dfcc6cab,2025-02,South Yorkshire Police,South Yorkshire Police,-1.464975,53.358402,On or near Gerard Street,E01007975,Sheffield 051A,Other crime,Unable to prosecute suspect,
8e28e3a14ed6ca656878e9124e07dfdc0feb397a679778e28c8f4fc9ac5d02ee,2025-02,South Yorkshire Police,South Yorkshire Police,-1.470089,53.360366,On or near Tillotson Close,E01007975,Sheffield 051A,Other crime,Unable to prosecute suspect,
,2025-02,South Yorkshire Police,South Yorkshire Police,-1.459306,53.355194,On or near Carfield Lane,E01007976,Sheffield 051B,Anti-social behaviour,,
07168206fc508ac05556108e60fe85caadd3bed0bbeba79f8de30e4826d7f98d,2025-02,South Yorkshire Police,South Yorkshire Police,-1.462440,53.356845,On or near Northcote Avenue,E01007976,Sheffield 051B,Burglary,Investigation complete; no suspect identified,
0424f625a8803dd63e6ed2c0aeaaa892aa0f55bdf0239b6c5e70c61f4713ee38,2025-02,South Yorkshire Police,South Yorkshire Police,-1.463147,53.360335,On or near Heeley Green,E01007976,Sheffield 051B,Criminal damage and arson,Investigation complete; no suspect identified,
0aea3016ccb985f34f447a8c75a161cb3026a9f29c3b4196dc8e4f993723018a,2025-02,South Yorkshire Police,South Yorkshire Police,-1.463147,53.360335,On or near Heeley Green,E01007976,Sheffield 051B,Criminal damage and arson,Investigation complete; no suspect identified,
5d0fa89f6e9f854a275dcf16d0d9d1247aef43c47232a3c549cc0d57a243be68,2025-02,South Yorkshire Police,South Yorkshire Police,-1.459804,53.358523,On or near Penns Road,E01007976,Sheffield 051B,Other theft,Investigation complete; no suspect identified,
6fcc34da7c2d598c2256ed2b575b9a5d7de4fdfdc13beaa1303775489e9d84d2,2025-02,South Yorkshire Police,South Yorkshire Police,-1.464554,53.359623,On or near Farish Place,E01007976,Sheffield 051B,Other theft,Investigation complete; no suspect identified,
faff0c3c628ee4f26389d8cce62d12b5fa1493dc8e70b7759856eb46872bf820,2025-02,South Yorkshire Police,South Yorkshire Police,-1.464554,53.359623,On or near Farish Place,E01007976,Sheffield 051B,Public order,Investigation complete; no suspect identified,
a627ca1058103a1cf4ff0fe7c0f8a9b1a3a7984e82cc50dd860f01ae1952995c,2025-02,South Yorkshire Police,South Yorkshire Police,-1.463556,53.359232,On or near Supermarket,E01007976,Sheffield 051B,Shoplifting,Local resolution,
6d8c79dabdb1cf24253a9c1061b2452564f65d7bb452978693a24e75b05ed4e4,2025-02,South Yorkshire Police,South Yorkshire Police,-1.463556,53.359232,On or near Supermarket,E01007976,Sheffield 051B,Shoplifting,Investigation complete; no suspect identified,
11a23d0180ae94c3ab84c15c085129532c0e2548de1568913db5a9975fca3ca3,2025-02,South Yorkshire Police,South Yorkshire Police,-1.463556,53.359232,On or near Supermarket,E01007976,Sheffield 051B,Shoplifting,Investigation complete; no suspect identified,
3cf4ffdfadf5c6537f09c3fbc1ed30bbd379aee22ab348aff674db79b01a55e4,2025-02,South Yorkshire Police,South Yorkshire Police,-1.463556,53.359232,On or near Supermarket,E01007976,Sheffield 051B,Shoplifting,Awaiting court outcome,
ca9fc53a083187a920b57cafb1ec1d85b797549ff3efc8781e452566aa36d797,2025-02,South Yorkshire Police,South Yorkshire Police,-1.463556,53.359232,On or near Supermarket,E01007976,Sheffield 051B,Shoplifting,Investigation complete; no suspect identified,
fed187da2901793fe96ed77ae795cb2776d07b8d9b9fdd0c58fc406e1256fdec,2025-02,South Yorkshire Police,South Yorkshire Police,-1.463556,53.359232,On or near Supermarket,E01007976,Sheffield 051B,Shoplifting,Investigation complete; no suspect identified,
c18dc37bd61ebf72e4a00a851bacc02ca29d296c2d0e2f60633e3d00fa34d9f2,2025-02,South Yorkshire Police,South Yorkshire Police,-1.463556,53.359232,On or near Supermarket,E01007976,Sheffield 051B,Shoplifting,Awaiting court outcome,
2bae683dad20118988855bd6f29f90d0da02249a104cb17a0fd922661c49885d,2025-02,South Yorkshire Police,South Yorkshire Police,-1.463556,53.359232,On or near Supermarket,E01007976,Sheffield 051B,Shoplifting,Investigation complete; no suspect identified,
0841c133be0057c0e82cf78d11ccc04b4c39b8b633d991f8fc04fc939a23bfc7,2025-02,South Yorkshire Police,South Yorkshire Police,-1.459858,53.359017,On or near Derby Place,E01007976,Sheffield 051B,Vehicle crime,Investigation complete; no suspect identified,
8cbaf0dcca54e4ad8f9f6f2395f2dcab6b0b59d9d23fa8294a4d2fd6f34f2816,2025-02,South Yorkshire Police,South Yorkshire Police,-1.461731,53.359448,On or near Denmark Road,E01007976,Sheffield 051B,Vehicle crime,Investigation complete; no suspect identified,
dff0509839a40d4761f4bd3683b135bdf7d28378e433453001c8b60af42dce0f,2025-02,South Yorkshire Police,South Yorkshire Police,-1.463147,53.360335,On or near Heeley Green,E01007976,Sheffield 051B,Violence and sexual offences,Unable to prosecute suspect,
a31ac1ae3c3facf646ddc1de0ca9f1f0d50fa669b9d08f51f80d2d8bec61d14a,2025-02,South Yorkshire Police,South Yorkshire Police,-1.463147,53.360335,On or near Heeley Green,E01007976,Sheffield 051B,Violence and sexual offences,Investigation complete; no suspect identified,
e8a9e9ee8b6a7369fdd942e7f2881b094fd9db900411ef66d6f2d671d7722eed,2025-02,South Yorkshire Police,South Yorkshire Police,-1.450783,53.353178,On or near Bankwood Close,E01007977,Sheffield 051C,Drugs,Investigation complete; no suspect identified,
c50cda72f33420a7c3c860d08a569edbd54e4f2cd01795c673becd14d880f816,2025-02,South Yorkshire Police,South Yorkshire Police,-1.452682,53.355020,On or near Callow Mount,E01007977,Sheffield 051C,Drugs,Local resolution,
504ad07e7794e47e4f51c7eabfd0e1ae3f9c07733dab873946d86e615d922c4a,2025-02,South Yorkshire Police,South Yorkshire Police,-1.458261,53.358210,On or near Edwin Road,E01007977,Sheffield 051C,Other theft,Unable to prosecute suspect,
8af7f36369b58faf76ebca63782807098e50dae53f407ddff7332224da803bf0,2025-02,South Yorkshire Police,South Yorkshire Police,-1.450783,53.353178,On or near Bankwood Close,E01007977,Sheffield 051C,Possession of weapons,Unable to prosecute suspect,
f5d936aa8829c445a8a4eef4e7729f154b8a6dacbd3ac45df58e5dd0d5828850,2025-02,South Yorkshire Police,South Yorkshire Police,-1.450783,53.353178,On or near Bankwood Close,E01007977,Sheffield 051C,Public order,Unable to prosecute suspect,
3e3275dfbb86a58c5267ff9dfd856d500a4f4b52ce7f906e00900356cac1bab2,2025-02,South Yorkshire Police,South Yorkshire Police,-1.450783,53.353178,On or near Bankwood Close,E01007977,Sheffield 051C,Public order,Unable to prosecute suspect,
1c8e089482c2ecb1fe3495f021139241c48e9dc482225cb8ac51898913f7bcb2,2025-02,South Yorkshire Police,South Yorkshire Police,-1.458942,53.359031,On or near Derby Terrace,E01007977,Sheffield 051C,Robbery,Unable to prosecute suspect,
2637eb00ea4aa007df6b8444606877944371af5741e0802c94497cb1d722cbe7,2025-02,South Yorkshire Police,South Yorkshire Police,-1.457232,53.356408,On or near Abney Road,E01007977,Sheffield 051C,Vehicle crime,Unable to prosecute suspect,
0464096cae62f1a79d597caf12598ce096b58a673b2c47483887c00b320e4dbc,2025-02,South Yorkshire Police,South Yorkshire Police,-1.452703,53.355713,On or near Callow Drive,E01007977,Sheffield 051C,Violence and sexual offences,Unable to prosecute suspect,
79c9c59f4e41e0c0ac7fb6e97edd64f7c8d4279471d0fe18040210f5943e100b,2025-02,South Yorkshire Police,South Yorkshire Police,-1.458261,53.358210,On or near Edwin Road,E01007977,Sheffield 051C,Violence and sexual offences,Unable to prosecute suspect,
ffd41b2abccc01b4161494935b44e2d6347b807851417665d9385d4ac5763bdc,2025-02,South Yorkshire Police,South Yorkshire Police,-1.452703,53.355713,On or near Callow Drive,E01007977,Sheffield 051C,Violence and sexual offences,Unable to prosecute suspect,
4fa7a36dfe69f73ee4f9d5e9aa624b2fdf101ea5264864c2c5675d8f74ba53ce,2025-02,South Yorkshire Police,South Yorkshire Police,-1.458942,53.359031,On or near Derby Terrace,E01007977,Sheffield 051C,Violence and sexual offences,Unable to prosecute suspect,
7d9970e04974b205776bd16c222fb286bec9db9145cab5b7586844eece7ab6f4,2025-02,South Yorkshire Police,South Yorkshire Police,-1.458261,53.358210,On or near Edwin Road,E01007977,Sheffield 051C,Violence and sexual offences,Investigation complete; no suspect identified,
783e7a2b882ca6fe604c3d2d846932becb8e110d9fd3df06ef9a8c927a2082ed,2025-02,South Yorkshire Police,South Yorkshire Police,-1.450783,53.353178,On or near Bankwood Close,E01007977,Sheffield 051C,Violence and sexual offences,Investigation complete; no suspect identified,
7ef6c219a53957d6b397d4f5e52121a182c07eaada4f875a581a85525b766928,2025-02,South Yorkshire Police,South Yorkshire Police,-1.453308,53.355455,On or near Callow Road,E01007977,Sheffield 051C,Violence and sexual offences,Unable to prosecute suspect,
afc7abc9b9be45ce704ce4508f9a5b2056175efc0fce5657e5665be5a18f84f6,2025-02,South Yorkshire Police,South Yorkshire Police,-1.458942,53.359031,On or near Derby Terrace,E01007977,Sheffield 051C,Violence and sexual offences,Unable to prosecute suspect,
2b5304bb64fd73a992fb02f66bb1fc1779d0c4d9dd814f490f7e109f6f35efe1,2025-02,South Yorkshire Police,South Yorkshire Police,-1.450783,53.353178,On or near Bankwood Close,E01007977,Sheffield 051C,Violence and sexual offences,Unable to prosecute suspect,
,2025-02,South Yorkshire Police,South Yorkshire Police,-1.449335,53.354807,On or near Plowright Close,E01007979,Sheffield 051D,Anti-social behaviour,,
,2025-02,South Yorkshire Police,South Yorkshire Police,-1.448125,53.355404,On or near Parking Area,E01007979,Sheffield 051D,Anti-social behaviour,,
,2025-02,South Yorkshire Police,South Yorkshire Police,-1.448125,53.355404,On or near Parking Area,E01007979,Sheffield 051D,Anti-social behaviour,,
,2025-02,South Yorkshire Police,South Yorkshire Police,-1.444771,53.352170,On or near Spotswood Drive,E01007979,Sheffield 051D,Anti-social behaviour,,
,2025-02,South Yorkshire Police,South Yorkshire Police,-1.448125,53.355404,On or near Parking Area,E01007979,Sheffield 051D,Anti-social behaviour,,
a40c29de8cfce123867e191107231e479a71b3bc59de7d857497d8893f1242a7,2025-02,South Yorkshire Police,South Yorkshire Police,-1.444771,53.352170,On or near Spotswood Drive,E01007979,Sheffield 051D,Burglary,Unable to prosecute suspect,
8df24ea0754d2f6ef704b402206f4b9a6738720f783b1d4e2c60e0715c86c92c,2025-02,South Yorkshire Police,South Yorkshire Police,-1.444771,53.352170,On or near Spotswood Drive,E01007979,Sheffield 051D,Burglary,Investigation complete; no suspect identified,
572eccae91ab096c1a7e4444612b5474da9a22765e00a9795f714f9f59f1e15d,2025-02,South Yorkshire Police,South Yorkshire Police,-1.446307,53.350748,On or near Spotswood Place,E01007979,Sheffield 051D,Burglary,Unable to prosecute suspect,
7b7f272221f04b23111fb02e17c8979c6d41005d037896cef619bbf4370e7244,2025-02,South Yorkshire Police,South Yorkshire Police,-1.449335,53.354807,On or near Plowright Close,E01007979,Sheffield 051D,Criminal damage and arson,Unable to prosecute suspect,
797cdf95e32860f6bf32c32d0d75d36300dac9a5eab22e9a3d4580eb4451ad40,2025-02,South Yorkshire Police,South Yorkshire Police,-1.448125,53.355404,On or near Parking Area,E01007979,Sheffield 051D,Criminal damage and arson,Unable to prosecute suspect,
a9505d759f1f7bad2c2ab3eddf847642536d31a415c42a6802b1b48d3c69df97,2025-02,South Yorkshire Police,South Yorkshire Police,-1.444847,53.350975,On or near Spotswood Close,E01007979,Sheffield 051D,Criminal damage and arson,Investigation complete; no suspect identified,
4564012274bbf731399addfc0cdcec92c436e86421caf37892c4c28f47c33e55,2025-02,South Yorkshire Police,South Yorkshire Police,-1.440258,53.350361,On or near Fleury Road,E01007979,Sheffield 051D,Criminal damage and arson,Investigation complete; no suspect identified,
16f939008375334b0bad90eedcbfd5144d0366fdcd0faf9a509cd3db01594fee,2025-02,South Yorkshire Police,South Yorkshire Police,-1.443172,53.351588,On or near Middle Hay Close,E01007979,Sheffield 051D,Criminal damage and arson,Investigation complete; no suspect identified,
749aeb7031097869a0c19f8b814709f7c1131a1b6033b1d0402d8f39f6a0d55a,2025-02,South Yorkshire Police,South Yorkshire Police,-1.448125,53.355404,On or near Parking Area,E01007979,Sheffield 051D,Criminal damage and arson,Investigation complete; no suspect identified,
79778c2261551073b10506dd7e1114d0a7c12ab20204f2b9a14e98ad7a88d26a,2025-02,South Yorkshire Police,South Yorkshire Police,-1.448125,53.355404,On or near Parking Area,E01007979,Sheffield 051D,Criminal damage and arson,Unable to prosecute suspect,
0994466eb1702fdc289cd44d61160818666fdd83a59b76cb0c86eed153948923,2025-02,South Yorkshire Police,South Yorkshire Police,-1.448125,53.355404,On or near Parking Area,E01007979,Sheffield 051D,Criminal damage and arson,Unable to prosecute suspect,
c95b1aace47fd791ec1cdf4d3d4fc28d7182eb171133ec938fff59f6f85fe292,2025-02,South Yorkshire Police,South Yorkshire Police,-1.448125,53.355404,On or near Parking Area,E01007979,Sheffield 051D,Criminal damage and arson,Investigation complete; no suspect identified,
d09deb4dff69da631fc239b3a7e1346fc3aa45b344075d46f680945f3edc0d03,2025-02,South Yorkshire Police,South Yorkshire Police,-1.446065,53.353219,On or near Farmstead Close,E01007979,Sheffield 051D,Other theft,Unable to prosecute suspect,
8a2a301f1851a9c0bb8657348527790c6f91368160c75357a05c63fbf1a66cff,2025-02,South Yorkshire Police,South Yorkshire Police,-1.446307,53.350748,On or near Spotswood Place,E01007979,Sheffield 051D,Other theft,Unable to prosecute suspect,
9801239ea0ad3b229405f313d68a99f225bd5e3c7d902cf9f6506be69a8ec939,2025-02,South Yorkshire Police,South Yorkshire Police,-1.446065,53.353219,On or near Farmstead Close,E01007979,Sheffield 051D,Other theft,Investigation complete; no suspect identified,
2cf00584de7f586cd34ded644910a16ae20694292d002796cc921c93846ecb3c,2025-02,South Yorkshire Police,South Yorkshire Police,-1.439586,53.351211,On or near Sands Close,E01007979,Sheffield 051D,Possession of weapons,Unable to prosecute suspect,
0145834737e3be29d4e37295c57f43be8b6e1c1e3144f4c3a303512d701c0190,2025-02,South Yorkshire Police,South Yorkshire Police,-1.448125,53.355404,On or near Parking Area,E01007979,Sheffield 051D,Public order,Unable to prosecute suspect,
025ee6163de2f3bcd9d69610a5bfe3ff36fd376177886c9129bc8249ce6e133a,2025-02,South Yorkshire Police,South Yorkshire Police,-1.448125,53.355404,On or near Parking Area,E01007979,Sheffield 051D,Shoplifting,Awaiting court outcome,
bef0ab917a476a57385267a8203f3f4019dab02e0a8fb94a6a2197687f189df0,2025-02,South Yorkshire Police,South Yorkshire Police,-1.447753,53.352814,On or near Plowright Way,E01007979,Sheffield 051D,Violence and sexual offences,Unable to prosecute suspect,
ec0451d606d17770df25af49846cfdaeb8d109611a8f3de5a50f7ccf8c7736d5,2025-02,South Yorkshire Police,South Yorkshire Police,-1.448125,53.355404,On or near Parking Area,E01007979,Sheffield 051D,Violence and sexual offences,Investigation complete; no suspect identified,
5920b0621c437efa4c74fa94ef6ed3c8d7939dd7faf0391f1cdc0b3258436e37,2025-02,South Yorkshire Police,South Yorkshire Police,-1.444771,53.352170,On or near Spotswood Drive,E01007979,Sheffield 051D,Violence and sexual offences,Local resolution,
57f16dd2cc9f607f9d3c862a8a6c4451d4d2c32d93d52bec0dd2e789d6533cee,2025-02,South Yorkshire Police,South Yorkshire Police,-1.447753,53.352814,On or near Plowright Way,E01007979,Sheffield 051D,Violence and sexual offences,Unable to prosecute suspect,
26050d73d565b5bcaec941d0d613dd6277580d1d2fd1e0d56d74891226ab3255,2025-02,South Yorkshire Police,South Yorkshire Police,-1.448125,53.355404,On or near Parking Area,E01007979,Sheffield 051D,Violence and sexual offences,Status update unavailable,
1ce59c74963e5aa917d207432f59d90b7be7b32df1d5b28440d06e5ffeb6a1e0,2025-02,South Yorkshire Police,South Yorkshire Police,-1.449335,53.354807,On or near Plowright Close,E01007979,Sheffield 051D,Violence and sexual offences,Unable to prosecute suspect,
0a450840387e76b71cadb8fb9cb889babfa0523d23dd1591da8d1035692b8913,2025-02,South Yorkshire Police,South Yorkshire Police,-1.447753,53.352814,On or near Plowright Way,E01007979,Sheffield 051D,Violence and sexual offences,Unable to prosecute suspect,
ec63ea312a4329800c65b6059987f8723718531332d30490a592a2e26bfa7b63,2025-02,South Yorkshire Police,South Yorkshire Police,-1.439586,53.351211,On or near Sands Close,E01007979,Sheffield 051D,Violence and sexual offences,Unable to prosecute suspect,
ccda3271d9f82848092bba4b7e44cc4b3dbb00b337d001651c85d6e70049002d,2025-02,South Yorkshire Police,South Yorkshire Police,-1.448125,53.355404,On or near Parking Area,E01007979,Sheffield 051D,Violence and sexual offences,Unable to prosecute suspect,
38cd63b9bcf36cc3ab4ad02f901df4eea5cf691ad8f9f724aa53bbb160ac340b,2025-02,South Yorkshire Police,South Yorkshire Police,-1.442197,53.351403,On or near Middle Hay Place,E01007979,Sheffield 051D,Violence and sexual offences,Unable to prosecute suspect,
8f4df3946d7b759187a86a68f35b89fec32818db352387817305db49027265c1,2025-02,South Yorkshire Police,South Yorkshire Police,-1.449335,53.354807,On or near Plowright Close,E01007979,Sheffield 051D,Violence and sexual offences,Unable to prosecute suspect,
ad77b389c7d5addf1b2e47bfb063d9dd1391df3f6992169625f56463444e9bc9,2025-02,South Yorkshire Police,South Yorkshire Police,-1.444771,53.352170,On or near Spotswood Drive,E01007979,Sheffield 051D,Violence and sexual offences,Unable to prosecute suspect,
b5d84594bff8a296df1668f0c82c82dc5451dd67a7ac851ce7a31747794c2561,2025-02,South Yorkshire Police,South Yorkshire Police,-1.447753,53.352814,On or near Plowright Way,E01007979,Sheffield 051D,Violence and sexual offences,Unable to prosecute suspect,
,2025-02,South Yorkshire Police,South Yorkshire Police,-1.465639,53.364113,On or near Midhill Road,E01008099,Sheffield 051E,Anti-social behaviour,,
,2025-02,South Yorkshire Police,South Yorkshire Police,-1.466169,53.363855,On or near Midhill Crescent,E01008099,Sheffield 051E,Anti-social behaviour,,
1fe4959392987c2fda1c0bd6a597146d68535dd56bbab55ec8c780dbb6fd804a,2025-02,South Yorkshire Police,South Yorkshire Police,-1.464676,53.367976,On or near Shopping Area,E01008099,Sheffield 051E,Burglary,Investigation complete; no suspect identified,
98e5643156d7e60a9d90bb36204b1e6d6dac26a9415ac29005b94f4e4f03dc96,2025-02,South Yorkshire Police,South Yorkshire Police,-1.466169,53.363855,On or near Midhill Crescent,E01008099,Sheffield 051E,Criminal damage and arson,Unable to prosecute suspect,
ef81e544f6142cff904d2ee339d3bec91a645fb4b424fced2671978aa6634af5,2025-02,South Yorkshire Police,South Yorkshire Police,-1.464678,53.362895,On or near Moffatt Road,E01008099,Sheffield 051E,Criminal damage and arson,Unable to prosecute suspect,
1dd5caca392c81b9e98d3d83d7144274536e2f4ea0c86a7e1a8108fe4b800b95,2025-02,South Yorkshire Police,South Yorkshire Police,-1.464172,53.368484,On or near Supermarket,E01008099,Sheffield 051E,Shoplifting,Investigation complete; no suspect identified,
6bfbc43e9b4d6a4b21a48e0a0356f50e310b6ef051a8a020692922c2b7cdab1e,2025-02,South Yorkshire Police,South Yorkshire Police,-1.464676,53.367976,On or near Shopping Area,E01008099,Sheffield 051E,Shoplifting,Investigation complete; no suspect identified,
c25710632e57e878eba7aaddb0d2b3b7323b28b16895932d245be707b040b798,2025-02,South Yorkshire Police,South Yorkshire Police,-1.464517,53.363712,On or near Anns Road North,E01008099,Sheffield 051E,Vehicle crime,Investigation complete; no suspect identified,
a39a757d92fa21bca343c9760acb6fc4925c7cffc4a3fa1371d09520d4ee94af,2025-02,South Yorkshire Police,South Yorkshire Police,-1.464172,53.368484,On or near Supermarket,E01008099,Sheffield 051E,Vehicle crime,Investigation complete; no suspect identified,
b0c028fe28a2738b1fadfe19330e08776e92d540bae533cc384ab8aac5b01fb7,2025-02,South Yorkshire Police,South Yorkshire Police,-1.466169,53.363855,On or near Midhill Crescent,E01008099,Sheffield 051E,Vehicle crime,Investigation complete; no suspect identified,
092cf801bd651f2db3a006ddcc5584fd1af017b25430ccbbb446637ff0363b35,2025-02,South Yorkshire Police,South Yorkshire Police,-1.464517,53.363712,On or near Anns Road North,E01008099,Sheffield 051E,Vehicle crime,Investigation complete; no suspect identified,
dc27521c492663e8d7f2ec941bdacbb91f5ec0fb531e4a8c489d42e82cecac9f,2025-02,South Yorkshire Police,South Yorkshire Police,-1.464559,53.365169,On or near Slate Street,E01008099,Sheffield 051E,Vehicle crime,Investigation complete; no suspect identified,
e34fdf9a364db31f9cd4add818052b9093de40045c2e1939adc75da1bd28464f,2025-02,South Yorkshire Police,South Yorkshire Police,-1.464678,53.362895,On or near Moffatt Road,E01008099,Sheffield 051E,Violence and sexual offences,Unable to prosecute suspect,
498be63d72eb6bd60ec0d34823e0ca71af5a841b55cd26d66ee30ef8e51d962a,2025-02,South Yorkshire Police,South Yorkshire Police,-1.464678,53.362895,On or near Moffatt Road,E01008099,Sheffield 051E,Violence and sexual offences,Unable to prosecute suspect,
,2025-02,South Yorkshire Police,South Yorkshire Police,-1.427381,53.357293,On or near Supertram,E01008000,Sheffield 052A,Anti-social behaviour,,
,2025-02,South Yorkshire Police,South Yorkshire Police,-1.420023,53.356970,On or near Foxwood Avenue,E01008000,Sheffield 052A,Anti-social behaviour,,
,2025-02,South Yorkshire Police,South Yorkshire Police,-1.421652,53.357661,On or near Foxwood Road,E01008000,Sheffield 052A,Anti-social behaviour,,
4a35a116237b330ed89b9fb94a47d3e47a2a82887b2d327a4a33ab8b944263e1,2025-02,South Yorkshire Police,South Yorkshire Police,-1.417092,53.359283,On or near Little Lane,E01008000,Sheffield 052A,Burglary,Investigation complete; no suspect identified,
c1e6b9b2db7cead0bb759521a981346a329206f9ede5e4d94d54bcbb1b8a4397,2025-02,South Yorkshire Police,South Yorkshire Police,-1.416024,53.357148,On or near Mansfield Road,E01008000,Sheffield 052A,Burglary,Investigation complete; no suspect identified,
1257e121ea49c8e905ab00dea53c1fa05bba6a2abd53372bd14b3d6c071571c3,2025-02,South Yorkshire Police,South Yorkshire Police,-1.417092,53.359283,On or near Little Lane,E01008000,Sheffield 052A,Burglary,Investigation complete; no suspect identified,
123c917b55416877ef2e8c58a878f15e60ceb8c338552b20a057fafc26077f63,2025-02,South Yorkshire Police,South Yorkshire Police,-1.419177,53.357370,On or near Sharrard Grove,E01008000,Sheffield 052A,Other theft,Investigation complete; no suspect identified,
c25bd9d3cd76b52b15daa56651b0e1cdf61b5904f88a871eff1961249df070e0,2025-02,South Yorkshire Police,South Yorkshire Police,-1.419223,53.358404,On or near Bagshaw'S Road,E01008000,Sheffield 052A,Public order,Unable to prosecute suspect,
e0b67f94959aeee7c6a67a0c36ea2fcb31b9c4f415e98fa69383008a64af8372,2025-02,South Yorkshire Police,South Yorkshire Police,-1.424023,53.358949,On or near Newlands Avenue,E01008000,Sheffield 052A,Vehicle crime,Investigation complete; no suspect identified,
7a45ddc2b72028aa2114356d7a11d65c6eed3b1763728bd19b4c7951d855e5fd,2025-02,South Yorkshire Police,South Yorkshire Police,-1.416024,53.357148,On or near Mansfield Road,E01008000,Sheffield 052A,Vehicle crime,Investigation complete; no suspect identified,
0498de1808bf3b4db35224b101435b94c900fd662cb62e840bc1eaa32880c813,2025-02,South Yorkshire Police,South Yorkshire Police,-1.419223,53.358404,On or near Bagshaw'S Road,E01008000,Sheffield 052A,Violence and sexual offences,Unable to prosecute suspect,
7692a18afc7a4e49cb351e8448509cc8ecd13d87f55b49c55b6d99b07b762ac3,2025-02,South Yorkshire Police,South Yorkshire Police,-1.419223,53.358404,On or near Bagshaw'S Road,E01008000,Sheffield 052A,Violence and sexual offences,Unable to prosecute suspect,
a2649ae395388590f7ac136bc3412999901e8582d24a5b237008d12fcd0a63be,2025-02,South Yorkshire Police,South Yorkshire Police,-1.419223,53.358404,On or near Bagshaw'S Road,E01008000,Sheffield 052A,Violence and sexual offences,Unable to prosecute suspect,
f2abb7db9918ed45c0a0376f06fdf5953d120f6c1b2e0126740bb9a4872180e0,2025-02,South Yorkshire Police,South Yorkshire Police,-1.424503,53.360137,On or near Applegarth Drive,E01008000,Sheffield 052A,Violence and sexual offences,Unable to prosecute suspect,
,2025-02,South Yorkshire Police,South Yorkshire Police,-1.417037,53.352317,On or near Frith Road,E01008001,Sheffield 052B,Anti-social behaviour,,
,2025-02,South Yorkshire Police,South Yorkshire Police,-1.408308,53.354530,On or near Wadsworth Road,E01008001,Sheffield 052B,Anti-social behaviour,,
,2025-02,South Yorkshire Police,South Yorkshire Police,-1.413014,53.355317,On or near Stanhope Road,E01008001,Sheffield 052B,Anti-social behaviour,,
da59dc74f8d015ba4201cd1b3cacdb6a532c014161bf4734e6957945f1c8589a,2025-02,South Yorkshire Police,South Yorkshire Police,-1.415546,53.353676,On or near Alnwick Drive,E01008001,Sheffield 052B,Criminal damage and arson,Investigation complete; no suspect identified,
6939b77f44f402a5bd9a245a6803b7bdb267ee2f6fbaa3d9a75ea611911bc2e9,2025-02,South Yorkshire Police,South Yorkshire Police,-1.413014,53.355317,On or near Stanhope Road,E01008001,Sheffield 052B,Drugs,Investigation complete; no suspect identified,
35296167215fcbe6118472f429fb9be6a668b4b9418cea1957ebed10377ce803,2025-02,South Yorkshire Police,South Yorkshire Police,-1.417338,53.355545,On or near Sharrard Drive,E01008001,Sheffield 052B,Other theft,Unable to prosecute suspect,
c60d98862ad92954443e6c37d8873a7720bfeed06fa779a71dd03f70f8c3ed18,2025-02,South Yorkshire Police,South Yorkshire Police,-1.417037,53.352317,On or near Frith Road,E01008001,Sheffield 052B,Possession of weapons,Unable to prosecute suspect,
e0434ed5d7aec00a17e4c782bf32dd3fff098bb1e32e11892d826901f8725529,2025-02,South Yorkshire Police,South Yorkshire Police,-1.408308,53.354530,On or near Wadsworth Road,E01008001,Sheffield 052B,Public order,Investigation complete; no suspect identified,
4e744fc32f6d8e7b8a05276f8ccb8e1acdde1b07d4d4927543811fba54c50370,2025-02,South Yorkshire Police,South Yorkshire Police,-1.418379,53.355227,On or near Sharrard Close,E01008001,Sheffield 052B,Violence and sexual offences,Unable to prosecute suspect,
239603716b2a6c10434da7261902fef0ba23587daf3d4f03f2f6f5281300d667,2025-02,South Yorkshire Police,South Yorkshire Police,-1.413014,53.355317,On or near Stanhope Road,E01008001,Sheffield 052B,Violence and sexual offences,Unable to prosecute suspect,
7b5cac1bbff141ba669877f36a5a872f3cb52eb5a8172f01882b926854800c34,2025-02,South Yorkshire Police,South Yorkshire Police,-1.411201,53.357178,On or near Hollybank Avenue,E01008004,Sheffield 052C,Burglary,Investigation complete; no suspect identified,
c34ed0f046aeccf8436448b0c620ca6bffec1435399956392cacb38aaa66b977,2025-02,South Yorkshire Police,South Yorkshire Police,-1.412048,53.358944,On or near Carpenter Mews,E01008004,Sheffield 052C,Burglary,Investigation complete; no suspect identified,
a27f19be0135fb4076e9cd262b74dca4fa3ae019af91b23b9d88df8e100b8568,2025-02,South Yorkshire Police,South Yorkshire Police,-1.411890,53.358449,On or near Carpenter Croft,E01008004,Sheffield 052C,Criminal damage and arson,Investigation complete; no suspect identified,
91e3f91a41f85646689331dead5a72977dff5737690bb1215f9b33beb4bf176f,2025-02,South Yorkshire Police,South Yorkshire Police,-1.412048,53.358944,On or near Carpenter Mews,E01008004,Sheffield 052C,Robbery,Unable to prosecute suspect,
10499ea8acd2f6c4d012105f4fcf0a53f284482179f9851f8e1761aa250f9895,2025-02,South Yorkshire Police,South Yorkshire Police,-1.411773,53.355994,On or near Supermarket,E01008004,Sheffield 052C,Shoplifting,Investigation complete; no suspect identified,
233059c7c62f8b0a4d55709afcef6238dd45ce727265618531265c37cf7506ac,2025-02,South Yorkshire Police,South Yorkshire Police,-1.411773,53.355994,On or near Supermarket,E01008004,Sheffield 052C,Violence and sexual offences,Unable to prosecute suspect,
e1df26371c5654a4eb783bc9f8e117f60d57ca181307b5fd447f4d7adbd8e0d3,2025-02,South Yorkshire Police,South Yorkshire Police,-1.411201,53.357178,On or near Hollybank Avenue,E01008004,Sheffield 052C,Violence and sexual offences,Investigation complete; no suspect identified,
,2025-02,South Yorkshire Police,South Yorkshire Police,-1.425604,53.349770,On or near Kirkby Road,E01008005,Sheffield 052D,Anti-social behaviour,,
,2025-02,South Yorkshire Police,South Yorkshire Police,-1.426972,53.353093,On or near Chatsworth Park Drive,E01008005,Sheffield 052D,Anti-social behaviour,,
,2025-02,South Yorkshire Police,South Yorkshire Police,-1.426593,53.351069,On or near Glade Lea,E01008005,Sheffield 052D,Anti-social behaviour,,
3750a93520d5db82c2c4a9bef299c595cfa031e29f50779d0d833aab48b539ed,2025-02,South Yorkshire Police,South Yorkshire Police,-1.422088,53.347595,On or near Seagrave Crescent,E01008005,Sheffield 052D,Burglary,Investigation complete; no suspect identified,
d70e7a08f3f1051788e5824b0f05682db3a40e0a21902762c123a3223192ef1a,2025-02,South Yorkshire Police,South Yorkshire Police,-1.421760,53.349625,On or near Grassthorpe Road,E01008005,Sheffield 052D,Burglary,Investigation complete; no suspect identified,
52a7f75a5766b2199f56d76bb7371f54586680c7aa1a976b064f46fddd69de10,2025-02,South Yorkshire Police,South Yorkshire Police,-1.422088,53.347595,On or near Seagrave Crescent,E01008005,Sheffield 052D,Public order,Unable to prosecute suspect,
8491787be486238ed177bd4c68b1e8f4272de5a14d3ebe799d2c3411ed5a4398,2025-02,South Yorkshire Police,South Yorkshire Police,-1.425065,53.352967,On or near Ridgeway Road,E01008005,Sheffield 052D,Vehicle crime,Investigation complete; no suspect identified,
458a7639992c5873a53234747fed0f753b15363d849a54e489aaeaa9130a7ed7,2025-02,South Yorkshire Police,South Yorkshire Police,-1.422088,53.347595,On or near Seagrave Crescent,E01008005,Sheffield 052D,Vehicle crime,Unable to prosecute suspect,
03bef83f94e31675616ff29e216bce0193a9c9752db971cae82ed975412a03df,2025-02,South Yorkshire Police,South Yorkshire Police,-1.419499,53.348996,On or near Sports/Recreation Area,E01008005,Sheffield 052D,Violence and sexual offences,Unable to prosecute suspect,
17e701cf413d7e1396dfe644a8e735b9413e707623b962750c5acae22725dcb1,2025-02,South Yorkshire Police,South Yorkshire Police,-1.417062,53.349396,On or near Jaunty Lane,E01008005,Sheffield 052D,Violence and sexual offences,Unable to prosecute suspect,
ffcab81a42f9f716aeb3306b7127b12358ca4c5909eee923c785a0ea6f8b0f0c,2025-02,South Yorkshire Police,South Yorkshire Police,-1.419746,53.350856,On or near Welwyn Close,E01008005,Sheffield 052D,Violence and sexual offences,Unable to prosecute suspect,
119e40fc14d1f3815813c85f1e10deaeb1d9bbf566c5bca5af7be4116e3ec76a,2025-02,South Yorkshire Police,South Yorkshire Police,-1.419566,53.351916,On or near B6063,E01008005,Sheffield 052D,Violence and sexual offences,Further action is not in the public interest,
3f9be0edf12c0da3b917e3e0f3466e5151b8325065c3ecfbfa225acd51a82465,2025-02,South Yorkshire Police,South Yorkshire Police,-1.422088,53.347595,On or near Seagrave Crescent,E01008005,Sheffield 052D,Violence and sexual offences,Unable to prosecute suspect,
,2025-02,South Yorkshire Police,South Yorkshire Police,-1.410916,53.361527,On or near Audrey Road,E01008010,Sheffield 052E,Anti-social behaviour,,
,2025-02,South Yorkshire Police,South Yorkshire Police,-1.412469,53.361130,On or near Lathkill Road,E01008010,Sheffield 052E,Anti-social behaviour,,
4deb9cd356d077531289834c4287e43c10b4f7c19b44fc49cc85c4d2e27b4afa,2025-02,South Yorkshire Police,South Yorkshire Police,-1.410916,53.361527,On or near Audrey Road,E01008010,Sheffield 052E,Criminal damage and arson,Investigation complete; no suspect identified,
fc9c06a0bf119280f934a225407ba169b07cb3648f33165cde5d07108ee02a4d,2025-02,South Yorkshire Police,South Yorkshire Police,-1.415683,53.363420,On or near Woodrove Avenue,E01008010,Sheffield 052E,Criminal damage and arson,Investigation complete; no suspect identified,
5db3b5b777f05caa8fb2089d90145302fd855312d49430fa02a2deba71a23a16,2025-02,South Yorkshire Police,South Yorkshire Police,-1.411645,53.363113,On or near Woodthorpe Road,E01008010,Sheffield 052E,Criminal damage and arson,Investigation complete; no suspect identified,
01e95ff7d89b1cbb0569c1e254201bb4c5cc01863419f58ec32535e9beb191e8,2025-02,South Yorkshire Police,South Yorkshire Police,-1.410916,53.361527,On or near Audrey Road,E01008010,Sheffield 052E,Vehicle crime,Investigation complete; no suspect identified,
d1efd6cfbf7c85b42cb62da5113469d9eddf78cd740a9cccb69895f197bcfee2,2025-02,South Yorkshire Police,South Yorkshire Police,-1.411645,53.363113,On or near Woodthorpe Road,E01008010,Sheffield 052E,Violence and sexual offences,Unable to prosecute suspect,
1773d509eb31decf69397d3689a631911347e8aacaeb99b3bf966aaa8bd1361c,2025-02,South Yorkshire Police,South Yorkshire Police,-1.415683,53.363420,On or near Woodrove Avenue,E01008010,Sheffield 052E,Violence and sexual offences,Unable to prosecute suspect,
cbfdaedaccaf32c4da986021936f4c788df8ff367fb64938450fa01bbe96cfdd,2025-02,South Yorkshire Police,South Yorkshire Police,-1.417159,53.362079,On or near Mosborough Road,E01008010,Sheffield 052E,Violence and sexual offences,Unable to prosecute suspect,
5cb2da4ba7dfcf2a9e0530dfad83ccc7b76dc7601abefd4f030059a567bcff7d,2025-02,South Yorkshire Police,South Yorkshire Police,-1.416761,53.364801,On or near Woodrove Close,E01008010,Sheffield 052E,Violence and sexual offences,Unable to prosecute suspect,
2071ea40be698c03f79514286dab31bd676780d44b201c14ff04a6a032ce1984,2025-02,South Yorkshire Police,South Yorkshire Police,-1.411645,53.363113,On or near Woodthorpe Road,E01008010,Sheffield 052E,Violence and sexual offences,Unable to prosecute suspect,
a7d3a0de26e1e8d4d2816d4b42ba8105e0391dbeb7ec6e3e4c6a3a407c51d27e,2025-02,South Yorkshire Police,South Yorkshire Police,-1.410916,53.361527,On or near Audrey Road,E01008010,Sheffield 052E,Violence and sexual offences,Unable to prosecute suspect,
,2025-02,South Yorkshire Police,South Yorkshire Police,-1.474388,53.359046,On or near Parking Area,E01007978,Sheffield 053A,Anti-social behaviour,,
1742be7da174c8c54ecad9f93ece1651987df489f6a6e666e75c00240b92e74d,2025-02,South Yorkshire Police,South Yorkshire Police,-1.467015,53.357440,On or near Kent Road,E01007978,Sheffield 053A,Burglary,Investigation complete; no suspect identified,
867c4ca5c99098f9eb3bd72be799ea7667a9ce65a2483af6a5406849281a8387,2025-02,South Yorkshire Police,South Yorkshire Police,-1.469843,53.358406,On or near Maxey Place,E01007978,Sheffield 053A,Public order,Unable to prosecute suspect,
63afab6b2f9896a8da8dbb9db3f9fef2237a9dfda146524ff914c7bdde12288d,2025-02,South Yorkshire Police,South Yorkshire Police,-1.474388,53.359046,On or near Parking Area,E01007978,Sheffield 053A,Public order,Investigation complete; no suspect identified,
9f0003914eeb8e495dd581d0dac69b7f4fbfcdd0059c8bef930a435fb43a613f,2025-02,South Yorkshire Police,South Yorkshire Police,-1.471553,53.356211,On or near Molloy Place,E01007978,Sheffield 053A,Vehicle crime,Investigation complete; no suspect identified,
bec986c5f57c90951a5ef5fd0e421e763f9c8089acd65dcd2b151298880d03b5,2025-02,South Yorkshire Police,South Yorkshire Police,-1.469114,53.362618,On or near Spencer Road,E01007978,Sheffield 053A,Vehicle crime,Investigation complete; no suspect identified,
f768343a3f82e67c637a8c97dee3dac0c34b84c15e08b01d61d32e59f273ff10,2025-02,South Yorkshire Police,South Yorkshire Police,-1.473497,53.358179,On or near Plantation Road,E01007978,Sheffield 053A,Vehicle crime,Investigation complete; no suspect identified,
4bd0b4078408df48a056c12c29b15ded31af698b42ee82f6694e84884dc5c50b,2025-02,South Yorkshire Police,South Yorkshire Police,-1.474388,53.359046,On or near Parking Area,E01007978,Sheffield 053A,Violence and sexual offences,Investigation complete; no suspect identified,
97ba00be3f0bf88e1c2ab686c147cc6a0aa35ea71a4fcde2b4f7bf8f578e7081,2025-02,South Yorkshire Police,South Yorkshire Police,-1.469843,53.358406,On or near Maxey Place,E01007978,Sheffield 053A,Other crime,Unable to prosecute suspect,
,2025-02,South Yorkshire Police,South Yorkshire Police,-1.468100,53.355944,On or near Rushdale Avenue,E01007980,Sheffield 053B,Anti-social behaviour,,
7f4974da52748af501462ff2f76bc8c597dea9eda4cbd4db3bcdfd5dc6fbb70d,2025-02,South Yorkshire Police,South Yorkshire Police,-1.469876,53.354532,On or near Skelton Road,E01007980,Sheffield 053B,Vehicle crime,Investigation complete; no suspect identified,
2f47fc024d0e700b5bb8e7db1e755fd895d6010e3ae133d4fc48518eb130210a,2025-02,South Yorkshire Police,South Yorkshire Police,-1.470882,53.355795,On or near Brooklyn Road,E01007980,Sheffield 053B,Violence and sexual offences,Status update unavailable,
,2025-02,South Yorkshire Police,South Yorkshire Police,-1.476755,53.357097,On or near Little London Place,E01007981,Sheffield 053C,Anti-social behaviour,,
,2025-02,South Yorkshire Police,South Yorkshire Police,-1.473361,53.355815,On or near Meersbrook Park Road,E01007981,Sheffield 053C,Anti-social behaviour,,
,2025-02,South Yorkshire Police,South Yorkshire Police,-1.476819,53.355614,On or near Beeton Road,E01007981,Sheffield 053C,Anti-social behaviour,,
f9052febf3b4f178d68a9cf626908adeeedb0fdfb6daddb08c5292f9f0599496,2025-02,South Yorkshire Police,South Yorkshire Police,-1.473361,53.355815,On or near Meersbrook Park Road,E01007981,Sheffield 053C,Criminal damage and arson,Investigation complete; no suspect identified,
bf95c178f9519dae14c43c8cc70b4e052ea47cf8772bc7b94c369b02d87e4ee2,2025-02,South Yorkshire Police,South Yorkshire Police,-1.477935,53.352770,On or near Cliffefield Road,E01007981,Sheffield 053C,Criminal damage and arson,Unable to prosecute suspect,
592c7a4109f64f18618372d6ccb8b942e01b812fd47d49e6bd6ee09de2610d0f,2025-02,South Yorkshire Police,South Yorkshire Police,-1.479509,53.354304,On or near Binfield Road,E01007981,Sheffield 053C,Drugs,Local resolution,
03e30bdb73a30a7e0ebd05a44195be85b44aaaa6198d39dac51bee20d40d27cb,2025-02,South Yorkshire Police,South Yorkshire Police,-1.477706,53.356804,On or near Windsor Road,E01007981,Sheffield 053C,Shoplifting,Investigation complete; no suspect identified,
449fd45ada244540512cf0ec13739909c49ca49e3a064b56bff87612f071652e,2025-02,South Yorkshire Police,South Yorkshire Police,-1.477706,53.356804,On or near Windsor Road,E01007981,Sheffield 053C,Shoplifting,Investigation complete; no suspect identified,
6870e36b3f5319da9508531534b01a1ac726d0acdd24bee7957512695664face,2025-02,South Yorkshire Police,South Yorkshire Police,-1.479102,53.355800,On or near Shopping Area,E01007981,Sheffield 053C,Shoplifting,Investigation complete; no suspect identified,
53a22d48bf99893a3af0f16c96433ec1838a69b61c744428f98f4ff0cb12af59,2025-02,South Yorkshire Police,South Yorkshire Police,-1.477706,53.356804,On or near Windsor Road,E01007981,Sheffield 053C,Shoplifting,Unable to prosecute suspect,
de5e92f08ca911fb6fd13d3c6abf4c9fa61dcf9bbd7e8005b6d38c3998c911b8,2025-02,South Yorkshire Police,South Yorkshire Police,-1.477706,53.356804,On or near Windsor Road,E01007981,Sheffield 053C,Shoplifting,Investigation complete; no suspect identified,
9ecc18f138721b3051e1fc710084b7ed22be2ace501a320cf9b755787ddae33a,2025-02,South Yorkshire Police,South Yorkshire Police,-1.477706,53.356804,On or near Windsor Road,E01007981,Sheffield 053C,Shoplifting,Investigation complete; no suspect identified,
0510f206b8af3618cee7ba5cf39b5e227ca8d24f282883bfe0e378801404508d,2025-02,South Yorkshire Police,South Yorkshire Police,-1.479102,53.355800,On or near Shopping Area,E01007981,Sheffield 053C,Theft from the person,Investigation complete; no suspect identified,
4ec7bec83f3accb85430ce550c91142e2dcff225634bca745d3b47f0e4851e3c,2025-02,South Yorkshire Police,South Yorkshire Police,-1.479102,53.355800,On or near Shopping Area,E01007981,Sheffield 053C,Theft from the person,Investigation complete; no suspect identified,
dff91d206b8568f2110c4bc5e0656aaf6030b91a98c602c8ec59509957ed2de2,2025-02,South Yorkshire Police,South Yorkshire Police,-1.479509,53.354304,On or near Binfield Road,E01007981,Sheffield 053C,Vehicle crime,Investigation complete; no suspect identified,
30aa3c8fd7c36d5863dd8471754208e3b7e8550117c4307a1ab2a4b694308979,2025-02,South Yorkshire Police,South Yorkshire Police,-1.479509,53.354304,On or near Binfield Road,E01007981,Sheffield 053C,Vehicle crime,Investigation complete; no suspect identified,
2988304cfc075f6f7459826b87881129a80ef502a51a0f47385263ce629641e8,2025-02,South Yorkshire Police,South Yorkshire Police,-1.477935,53.352770,On or near Cliffefield Road,E01007981,Sheffield 053C,Violence and sexual offences,Unable to prosecute suspect,
b6b012cc81c94fff26ac413dac44ad19d8009b2e0f0aa6a896765299cec58b0a,2025-02,South Yorkshire Police,South Yorkshire Police,-1.479102,53.355800,On or near Shopping Area,E01007981,Sheffield 053C,Violence and sexual offences,Investigation complete; no suspect identified,
4471f992744cc7a64ab0601de01cb60538549aebf18af0f252f1fc8cedf06b2b,2025-02,South Yorkshire Police,South Yorkshire Police,-1.478697,53.358049,On or near Broadfield Court,E01007981,Sheffield 053C,Violence and sexual offences,Awaiting court outcome,
9700f4549216dd73a4047f033ab6f8bd4f6ac5fe18c5319c2f77c522413e60d7,2025-02,South Yorkshire Police,South Yorkshire Police,-1.479102,53.355800,On or near Shopping Area,E01007981,Sheffield 053C,Violence and sexual offences,Unable to prosecute suspect,
58b95c5d80bf80b78e359c0bc870394a78bdfdb866e7edc31025a7879085af93,2025-02,South Yorkshire Police,South Yorkshire Police,-1.477935,53.352770,On or near Cliffefield Road,E01007981,Sheffield 053C,Violence and sexual offences,Unable to prosecute suspect,
89edddd763a14bf3629522be3651ce7164e3a857cfe18e5c23f561ad85d12d8f,2025-02,South Yorkshire Police,South Yorkshire Police,-1.477935,53.352770,On or near Cliffefield Road,E01007981,Sheffield 053C,Other crime,Unable to prosecute suspect,
,2025-02,South Yorkshire Police,South Yorkshire Police,-1.483440,53.351023,On or near Norton Hammer Lane,E01007983,Sheffield 053D,Anti-social behaviour,,
88c38ed9861cd1329bb499ea9fd608b980cbf1335bed83ea2e6b36acd4a50534,2025-02,South Yorkshire Police,South Yorkshire Police,-1.482580,53.352556,On or near Aukley Road,E01007983,Sheffield 053D,Vehicle crime,Investigation complete; no suspect identified,
,2025-02,South Yorkshire Police,South Yorkshire Police,-1.468778,53.350967,On or near Hollythorpe Crescent,E01007985,Sheffield 053E,Anti-social behaviour,,
290936fd6952034ad8caf552c463565ae379f90b1591894955ebeb115a6b897d,2025-02,South Yorkshire Police,South Yorkshire Police,-1.475546,53.351582,On or near Norton Lees Road,E01007985,Sheffield 053E,Violence and sexual offences,Unable to prosecute suspect,
b5430844e38b9f5551deaaf1ab03b911016e0f2e8c452d1dca78c06c2a01f6bf,2025-02,South Yorkshire Police,South Yorkshire Police,-1.470489,53.351110,On or near Lees Nook,E01007985,Sheffield 053E,Violence and sexual offences,Unable to prosecute suspect,
,2025-02,South Yorkshire Police,South Yorkshire Police,-1.433746,53.352036,On or near Park/Open Space,E01007982,Sheffield 054A,Anti-social behaviour,,
,2025-02,South Yorkshire Police,South Yorkshire Police,-1.435106,53.354885,On or near Ashleigh Place,E01007982,Sheffield 054A,Anti-social behaviour,,
,2025-02,South Yorkshire Police,South Yorkshire Police,-1.437811,53.350268,On or near Spring Close View,E01007982,Sheffield 054A,Anti-social behaviour,,
48619e8e763f3f07668243d9e3fffd5d87acbd774f5b6ad7e3109f094f9613b6,2025-02,South Yorkshire Police,South Yorkshire Police,-1.438083,53.353550,On or near Toll Bar Avenue,E01007982,Sheffield 054A,Burglary,Investigation complete; no suspect identified,
155e3e3e00bd99f86a1ae31cda4b48411ee7c061726532a0f195b85b4e07955d,2025-02,South Yorkshire Police,South Yorkshire Police,-1.442163,53.350612,On or near Middle Hay View,E01007982,Sheffield 054A,Burglary,Investigation complete; no suspect identified,
3f8bba67e52aaed364ea047ba691c841dd29906d980539f7794876306e09d3cf,2025-02,South Yorkshire Police,South Yorkshire Police,-1.436408,53.350729,On or near Ashfield Drive,E01007982,Sheffield 054A,Criminal damage and arson,Investigation complete; no suspect identified,
5d1d587e61a6d7d3ab20cf4784010b0feb710263bdfd1131da0b1189e2ab43f7,2025-02,South Yorkshire Police,South Yorkshire Police,-1.439184,53.348612,On or near Fleury Close,E01007982,Sheffield 054A,Criminal damage and arson,Investigation complete; no suspect identified,
80bc2ab62e0210ec8b86d60140c6348a51b9f6cfbcda8c1a933d331fb5f3110b,2025-02,South Yorkshire Police,South Yorkshire Police,-1.437811,53.350268,On or near Spring Close View,E01007982,Sheffield 054A,Criminal damage and arson,Investigation complete; no suspect identified,
6b2c79d3bb9839b33cf3e1bbc9fa700433e6247db03c2ac8016003bd33541efd,2025-02,South Yorkshire Police,South Yorkshire Police,-1.435233,53.349771,On or near B6388,E01007982,Sheffield 054A,Criminal damage and arson,Investigation complete; no suspect identified,
636938e1e368aff7e67121a39f7cd45eb3cd7899ce6cf51791cc696374342cb8,2025-02,South Yorkshire Police,South Yorkshire Police,-1.437811,53.350268,On or near Spring Close View,E01007982,Sheffield 054A,Criminal damage and arson,Investigation complete; no suspect identified,
00c5878d232de10ccf106bee201c149073a5b100793f866d6933a5a34bdacf80,2025-02,South Yorkshire Police,South Yorkshire Police,-1.435233,53.349771,On or near B6388,E01007982,Sheffield 054A,Vehicle crime,Status update unavailable,
bda90362b961233f94bd4feb1469713fe8d164c5952e37891a039e4d1bc095e6,2025-02,South Yorkshire Police,South Yorkshire Police,-1.439184,53.348612,On or near Fleury Close,E01007982,Sheffield 054A,Violence and sexual offences,Unable to prosecute suspect,
b06b340659d18ee1551c7fea5d903915a7729890df4557d04800d3e9bc52747d,2025-02,South Yorkshire Police,South Yorkshire Police,-1.437829,53.353423,On or near Myrtle Springs,E01007982,Sheffield 054A,Violence and sexual offences,Unable to prosecute suspect,
f6e604a96f7e3338b784322b8a1ca37c25e761babf731f07ff340cae56ba2aac,2025-02,South Yorkshire Police,South Yorkshire Police,-1.442163,53.350612,On or near Middle Hay View,E01007982,Sheffield 054A,Violence and sexual offences,Investigation complete; no suspect identified,
,2025-02,South Yorkshire Police,South Yorkshire Police,-1.433489,53.356711,On or near Hurlfield Road,E01008002,Sheffield 054B,Anti-social behaviour,,
b9a6c6ae5a00ff94852eda6a23d6f551856e496a4e908ce3ad153af14f460671,2025-02,South Yorkshire Police,South Yorkshire Police,-1.430572,53.353506,On or near Gleadless Common,E01008002,Sheffield 054B,Vehicle crime,Investigation complete; no suspect identified,
d481306689a237bbb42888d681b6d8a4efd762c0244bfb16ed596c08898fa7e8,2025-02,South Yorkshire Police,South Yorkshire Police,-1.433209,53.355199,On or near Loosemore Drive,E01008002,Sheffield 054B,Vehicle crime,Investigation complete; no suspect identified,
12104e17f4861902deff906ba3a70f8f561decd99bcc564992fc419ba7fa18ae,2025-02,South Yorkshire Police,South Yorkshire Police,-1.432771,53.354199,On or near Gleadless View,E01008002,Sheffield 054B,Violence and sexual offences,Investigation complete; no suspect identified,
7cccf26aa17e19e00187f61967900cf5e12b93d688eb5edaa0fa064d00a31460,2025-02,South Yorkshire Police,South Yorkshire Police,-1.433489,53.356711,On or near Hurlfield Road,E01008002,Sheffield 054B,Violence and sexual offences,Local resolution,
8b12234685b5b68b9a2b6cca89fb0d92ae3f4ced82c30e86b7191025defc09cd,2025-02,South Yorkshire Police,South Yorkshire Police,-1.429050,53.356087,On or near Corker Road,E01008003,Sheffield 054C,Burglary,Investigation complete; no suspect identified,
2a3a8ffa523015dd636ea8cbd308463d62684bd5b9be93db44aa54e68e5fc4c7,2025-02,South Yorkshire Police,South Yorkshire Police,-1.428636,53.353335,On or near Durlstone Crescent,E01008003,Sheffield 054C,Burglary,Investigation complete; no suspect identified,
60b78075fca9c12b8fa558b47e835989ea981f82834578eb37d1440d56c97f4e,2025-02,South Yorkshire Police,South Yorkshire Police,-1.430759,53.357498,On or near Hurlfield Drive,E01008003,Sheffield 054C,Burglary,Investigation complete; no suspect identified,
9d0ae0ecef614d45746f54ad488d74a75585ee32628a9d168c30afc39f1362f4,2025-02,South Yorkshire Police,South Yorkshire Police,-1.428025,53.356307,On or near Ridgeway Drive,E01008003,Sheffield 054C,Public order,Unable to prosecute suspect,
,2025-02,South Yorkshire Police,South Yorkshire Police,-1.428060,53.344775,On or near Herdings Road,E01008006,Sheffield 054D,Anti-social behaviour,,
5d4f057fd291091dc383e5e5a3d2538d02581d8f0ecb7fba4cc0b8ef540c136d,2025-02,South Yorkshire Police,South Yorkshire Police,-1.428060,53.344775,On or near Herdings Road,E01008006,Sheffield 054D,Drugs,Local resolution,
a97794f08f5b013ff32c0d09d08fb61bf32fce8668396d57278276753913d5a1,2025-02,South Yorkshire Police,South Yorkshire Police,-1.428060,53.344775,On or near Herdings Road,E01008006,Sheffield 054D,Drugs,Local resolution,
39c7683ec76898785b229dcd0e72dc7a3a05a7135e99f212a5f72b8b2720fdca,2025-02,South Yorkshire Police,South Yorkshire Police,-1.425833,53.345141,On or near Supermarket,E01008006,Sheffield 054D,Other theft,Investigation complete; no suspect identified,
1bc628d5ec862445d6e7e6457ace9ff18e5d08581832e9defae1931f70ffed34,2025-02,South Yorkshire Police,South Yorkshire Police,-1.425833,53.345141,On or near Supermarket,E01008006,Sheffield 054D,Other theft,Investigation complete; no suspect identified,
10215e9474d652b13caaecda1d856158624c9799505cf5f6d7c60296e6c438fd,2025-02,South Yorkshire Police,South Yorkshire Police,-1.425833,53.345141,On or near Supermarket,E01008006,Sheffield 054D,Public order,Awaiting court outcome,
5423211f9a29f0ee188fa1c227a8691e3a18fe6c00b90ccde0a1ae730601c1bc,2025-02,South Yorkshire Police,South Yorkshire Police,-1.425833,53.345141,On or near Supermarket,E01008006,Sheffield 054D,Public order,Awaiting court outcome,
b6b38bedc7b03d363ae7bcc79ee27de87fd642e87eed7658777158410775bcb8,2025-02,South Yorkshire Police,South Yorkshire Police,-1.425833,53.345141,On or near Supermarket,E01008006,Sheffield 054D,Public order,Status update unavailable,
1cb8e7d9057fdec700e43c689d0b19970d5151eaa01d0de61502cedb3f7abec7,2025-02,South Yorkshire Police,South Yorkshire Police,-1.425833,53.345141,On or near Supermarket,E01008006,Sheffield 054D,Public order,Unable to prosecute suspect,
c3a7ed32c4d2f86ab0f7b7620268baa79e6ce0c27478b5f89dfff19ba6d52ae2,2025-02,South Yorkshire Police,South Yorkshire Police,-1.425833,53.345141,On or near Supermarket,E01008006,Sheffield 054D,Public order,Status update unavailable,
f996c4455b9800e2de0748e322bea0a858f89ed51139a19c8e2249b2069e3f54,2025-02,South Yorkshire Police,South Yorkshire Police,-1.425833,53.345141,On or near Supermarket,E01008006,Sheffield 054D,Public order,Investigation complete; no suspect identified,
970cf7823f5038ebffc2581c03dcf8d40d4dbe9ec268ba1e2fb08457bd07e00d,2025-02,South Yorkshire Police,South Yorkshire Police,-1.425833,53.345141,On or near Supermarket,E01008006,Sheffield 054D,Shoplifting,Awaiting court outcome,
fcb1f71958f78537158b6d273e542158044b95deca0d311408458e1fd3d47a89,2025-02,South Yorkshire Police,South Yorkshire Police,-1.425833,53.345141,On or near Supermarket,E01008006,Sheffield 054D,Shoplifting,Awaiting court outcome,
32738b43e0551bf5105e4ebb0e5caa9618f16bd382d180717b3c63ec113d92d2,2025-02,South Yorkshire Police,South Yorkshire Police,-1.425833,53.345141,On or near Supermarket,E01008006,Sheffield 054D,Shoplifting,Investigation complete; no suspect identified,
ea5955f5e9da305a2ec4d5b2f5987c33a3c1574780ef9da8bc58f8640ca98488,2025-02,South Yorkshire Police,South Yorkshire Police,-1.425833,53.345141,On or near Supermarket,E01008006,Sheffield 054D,Shoplifting,Unable to prosecute suspect,
4571f2d760609e1633d78ef0f28d3f5c77d05fd77a5b1259f61d84451bd965ea,2025-02,South Yorkshire Police,South Yorkshire Police,-1.425833,53.345141,On or near Supermarket,E01008006,Sheffield 054D,Shoplifting,Investigation complete; no suspect identified,
27dd74a069dbe3fdc2d4700f80af6ca36dcd0f372794ba8ec048af62332a9042,2025-02,South Yorkshire Police,South Yorkshire Police,-1.425833,53.345141,On or near Supermarket,E01008006,Sheffield 054D,Shoplifting,Investigation complete; no suspect identified,
5718561cc342e6a6656d60c69c23b2be005db13f06795c11c1e44886d9fd19b4,2025-02,South Yorkshire Police,South Yorkshire Police,-1.425833,53.345141,On or near Supermarket,E01008006,Sheffield 054D,Shoplifting,Investigation complete; no suspect identified,
b376032892fe86e01ae01d62dc6aabc427679c4be9041b0670e32d58a25e1f5c,2025-02,South Yorkshire Police,South Yorkshire Police,-1.425833,53.345141,On or near Supermarket,E01008006,Sheffield 054D,Shoplifting,Investigation complete; no suspect identified,
a4e200d5344d51b028f7677d00209b756f32bba8ecd7360ed157a791a09ddd75,2025-02,South Yorkshire Police,South Yorkshire Police,-1.425833,53.345141,On or near Supermarket,E01008006,Sheffield 054D,Shoplifting,Investigation complete; no suspect identified,
da1009472c5cf644a2e9d7741293a90f9f628530389bc59115ec0cbe599a2dc6,2025-02,South Yorkshire Police,South Yorkshire Police,-1.425833,53.345141,On or near Supermarket,E01008006,Sheffield 054D,Shoplifting,Investigation complete; no suspect identified,
c4654439399faedbff737d82b0a43af9c0514ed4f806e54bb1de5e412fc53331,2025-02,South Yorkshire Police,South Yorkshire Police,-1.425833,53.345141,On or near Supermarket,E01008006,Sheffield 054D,Shoplifting,Investigation complete; no suspect identified,
1efe6d01bc6360338d88042873f07e16ba1d32e4c607b4a4acdebb9429472ab0,2025-02,South Yorkshire Police,South Yorkshire Police,-1.425833,53.345141,On or near Supermarket,E01008006,Sheffield 054D,Shoplifting,Awaiting court outcome,
737252da5b1aacbdc621b50763fbd47eac0c2f0e9eb24612a4e25cb93a36893a,2025-02,South Yorkshire Police,South Yorkshire Police,-1.425833,53.345141,On or near Supermarket,E01008006,Sheffield 054D,Shoplifting,Investigation complete; no suspect identified,
fa6ba0ccdeb8e4d30b6d84c3cf4b40a102ad76a0470e3efa24623ac2fdc91048,2025-02,South Yorkshire Police,South Yorkshire Police,-1.425833,53.345141,On or near Supermarket,E01008006,Sheffield 054D,Shoplifting,Investigation complete; no suspect identified,
8d8240c374ac94e09b6001a01fd525a13ff03aa40ff9a6e2f137af40192aeacd,2025-02,South Yorkshire Police,South Yorkshire Police,-1.425833,53.345141,On or near Supermarket,E01008006,Sheffield 054D,Shoplifting,Investigation complete; no suspect identified,
98cbfa647168e0edda5a5c157869b149cec4d22ca50414ece00a3468a096a62f,2025-02,South Yorkshire Police,South Yorkshire Police,-1.425833,53.345141,On or near Supermarket,E01008006,Sheffield 054D,Shoplifting,Investigation complete; no suspect identified,
cc9854649d3d008a001ddb6b71f7913a64fa7d79e3c735e4628ce3e283201f9c,2025-02,South Yorkshire Police,South Yorkshire Police,-1.425833,53.345141,On or near Supermarket,E01008006,Sheffield 054D,Shoplifting,Investigation complete; no suspect identified,
f4e081267dd5436930f3e0bdfb0bcc7c17ccae29abb16ff22b93a63a5c5f32db,2025-02,South Yorkshire Police,South Yorkshire Police,-1.425833,53.345141,On or near Supermarket,E01008006,Sheffield 054D,Shoplifting,Awaiting court outcome,
72c064883888f82ec552279c724c420eb44b54c4797737362b326a055650fb30,2025-02,South Yorkshire Police,South Yorkshire Police,-1.425833,53.345141,On or near Supermarket,E01008006,Sheffield 054D,Shoplifting,Awaiting court outcome,
91939047d27c5daecd0f299a8754f4c38f33626a6d46768d19782e590275924c,2025-02,South Yorkshire Police,South Yorkshire Police,-1.425833,53.345141,On or near Supermarket,E01008006,Sheffield 054D,Shoplifting,Awaiting court outcome,
f6e4c51124106287ee69d7573f4996599a2eba728195ec9a96a3497039d7ec7f,2025-02,South Yorkshire Police,South Yorkshire Police,-1.425833,53.345141,On or near Supermarket,E01008006,Sheffield 054D,Shoplifting,Investigation complete; no suspect identified,
527c58b290e066edb0a5acaf2c92e8d99cdea2f6c1aa959f3acbdb982885d530,2025-02,South Yorkshire Police,South Yorkshire Police,-1.425833,53.345141,On or near Supermarket,E01008006,Sheffield 054D,Shoplifting,Awaiting court outcome,
905f6812c7d1b9758f3d00a16d3b6618e6bd00a1b8f9a1569fe8d56e64a184a7,2025-02,South Yorkshire Police,South Yorkshire Police,-1.425833,53.345141,On or near Supermarket,E01008006,Sheffield 054D,Shoplifting,Investigation complete; no suspect identified,
b9507fb75bc279b713801bd7eeeb200a6157dd415ac91acbf8d04fd181e4b8c4,2025-02,South Yorkshire Police,South Yorkshire Police,-1.425833,53.345141,On or near Supermarket,E01008006,Sheffield 054D,Shoplifting,Investigation complete; no suspect identified,
f879b5cad988587e9557fb9147c1e6be215e7dda6c33dab4e0adc93bd6491f1b,2025-02,South Yorkshire Police,South Yorkshire Police,-1.425833,53.345141,On or near Supermarket,E01008006,Sheffield 054D,Shoplifting,Investigation complete; no suspect identified,
0e3e6e2007ed8b6783f7b3b7a983af99e50231a1ddf91105f452752b1b02eccc,2025-02,South Yorkshire Police,South Yorkshire Police,-1.425833,53.345141,On or near Supermarket,E01008006,Sheffield 054D,Shoplifting,Unable to prosecute suspect,
12acd5d3be866fc94aa2ee3871b5a5fe8ec5959f0ab5d41949e5663e2091cb78,2025-02,South Yorkshire Police,South Yorkshire Police,-1.425833,53.345141,On or near Supermarket,E01008006,Sheffield 054D,Shoplifting,Investigation complete; no suspect identified,
1b2723c1501c296681536bf2dbc6bfac81a272be2944328e2bcfa67ba3365e1a,2025-02,South Yorkshire Police,South Yorkshire Police,-1.425833,53.345141,On or near Supermarket,E01008006,Sheffield 054D,Shoplifting,Investigation complete; no suspect identified,
d7f73fa5577f24b8191510bb594c38711b1bf53635f373ff9fb3bfa138d875fb,2025-02,South Yorkshire Police,South Yorkshire Police,-1.426915,53.346127,On or near Gleadless Mount,E01008006,Sheffield 054D,Violence and sexual offences,Unable to prosecute suspect,
cc910966c67484e11a4cb0853757f004cc5cd5b05fd07fb6ca8a973b9fdf1ff0,2025-02,South Yorkshire Police,South Yorkshire Police,-1.428060,53.344775,On or near Herdings Road,E01008006,Sheffield 054D,Violence and sexual offences,Unable to prosecute suspect,
ebc7cb855d245c1681081b9485483f28ebe6f15b5dec4cd3e2ae476201f74cf5,2025-02,South Yorkshire Police,South Yorkshire Police,-1.426915,53.346127,On or near Gleadless Mount,E01008006,Sheffield 054D,Violence and sexual offences,Unable to prosecute suspect,
593c2b42fe3cd8ab79827a7c9d68f51f3a6ee25f0df0a5747d1c90029ce6736c,2025-02,South Yorkshire Police,South Yorkshire Police,-1.430035,53.344209,On or near Herdings View,E01008006,Sheffield 054D,Violence and sexual offences,Unable to prosecute suspect,
0a9277b778f5af331237a590bd92a5e999b383e1999272c1406640a399dcdef7,2025-02,South Yorkshire Police,South Yorkshire Police,-1.425913,53.349133,On or near Kirkby Avenue,E01008006,Sheffield 054D,Violence and sexual offences,Unable to prosecute suspect,
356a662b4310b0533fee9edeb40508d9325af6b3ef7f8a4719dc4d7c55802e41,2025-02,South Yorkshire Police,South Yorkshire Police,-1.425833,53.345141,On or near Supermarket,E01008006,Sheffield 054D,Violence and sexual offences,Awaiting court outcome,
59be1965ac7fd1729b35311ab8351c383a8d89e193305120e914cc3f397735a3,2025-02,South Yorkshire Police,South Yorkshire Police,-1.527491,53.351951,On or near Bents Crescent,E01007927,Sheffield 055A,Public order,Unable to prosecute suspect,
b78ce2353bc4074a3f8098f64b28cf3b5f7fbc87b051f31fafb2976fdfc29d13,2025-02,South Yorkshire Police,South Yorkshire Police,-1.527491,53.351951,On or near Bents Crescent,E01007927,Sheffield 055A,Violence and sexual offences,Unable to prosecute suspect,
4d44808958048ff25b9c9ee2d51b62f780e7e3e0737fe4e8a50e01506ebaccd7,2025-02,South Yorkshire Police,South Yorkshire Police,-1.527491,53.351951,On or near Bents Crescent,E01007927,Sheffield 055A,Violence and sexual offences,Local resolution,
a6aeb378b20225bd4e603395652abe5e72ca441c73541a8533561322ebb32fdc,2025-02,South Yorkshire Police,South Yorkshire Police,-1.513053,53.353376,On or near Silver Hill Road,E01007928,Sheffield 055B,Burglary,Investigation complete; no suspect identified,
b2feee77a1512e8c1dde4a2c194a069e01ea568736a6d5607c96610366a008d7,2025-02,South Yorkshire Police,South Yorkshire Police,-1.513053,53.353376,On or near Silver Hill Road,E01007928,Sheffield 055B,Burglary,Investigation complete; no suspect identified,
51308f5ba7e41dd36fc334e5482964e362429cd3abf30353a0b515fb3520e02a,2025-02,South Yorkshire Police,South Yorkshire Police,-1.494662,53.347224,On or near Hutchinson Lane,E01007929,Sheffield 055C,Burglary,Investigation complete; no suspect identified,
b228ad93169b1d7e04c33e0e5492b48287757c07e4117cb4c2843cedc5d51d0c,2025-02,South Yorkshire Police,South Yorkshire Police,-1.488956,53.349545,On or near Troutbeck Road,E01007929,Sheffield 055C,Criminal damage and arson,Investigation complete; no suspect identified,
5172421cd93ee54a29b08fba9896a54aced74a37cfc243369a0a950acf22ccb8,2025-02,South Yorkshire Police,South Yorkshire Police,-1.498976,53.345651,On or near Knaresborough Road,E01007929,Sheffield 055C,Other theft,Unable to prosecute suspect,
ecaa49734afbb2db324258c641e9c72824a2eb8cb6b8ac1dff3cd491d789da68,2025-02,South Yorkshire Police,South Yorkshire Police,-1.498976,53.345651,On or near Knaresborough Road,E01007929,Sheffield 055C,Public order,Offender given a caution,
7ff33969a4b297bcd520a34053bf8a42e389ba866dda37d9e6010fd9f2329a04,2025-02,South Yorkshire Police,South Yorkshire Police,-1.495239,53.346678,On or near Hutchinson Road,E01007929,Sheffield 055C,Violence and sexual offences,Investigation complete; no suspect identified,
33daca0ec0fa97a6de74fe05c028a798f6c9be8fd46ab100ef4da491b82763a2,2025-02,South Yorkshire Police,South Yorkshire Police,-1.494478,53.350072,On or near St Oswalds Way,E01007929,Sheffield 055C,Violence and sexual offences,Unable to prosecute suspect,
3bbd237b8875966aa782e67c1f5059a1d808a0ceb2751c4638c16ae7e49bd5ec,2025-02,South Yorkshire Police,South Yorkshire Police,-1.495239,53.346678,On or near Hutchinson Road,E01007929,Sheffield 055C,Other crime,Unable to prosecute suspect,
,2025-02,South Yorkshire Police,South Yorkshire Police,-1.506101,53.347820,On or near Eltham Croft,E01007930,Sheffield 055D,Anti-social behaviour,,
,2025-02,South Yorkshire Police,South Yorkshire Police,-1.503812,53.343136,On or near Pingle Avenue,E01007932,Sheffield 055E,Anti-social behaviour,,
,2025-02,South Yorkshire Police,South Yorkshire Police,-1.501375,53.343485,On or near Terminus Road,E01007932,Sheffield 055E,Anti-social behaviour,,
a45a69e30ad285c69816ec953b3615610d88cd6d5ce411ef8cadfde189eb59cd,2025-02,South Yorkshire Police,South Yorkshire Police,-1.512277,53.335728,On or near Abbey Grange,E01007932,Sheffield 055E,Criminal damage and arson,Investigation complete; no suspect identified,
bd0a9dd1316ed09c1bcd356b2b65501128d66b688cbba2e087bbd92426c61ceb,2025-02,South Yorkshire Police,South Yorkshire Police,-1.512703,53.333932,On or near Abbeydale Road South,E01007932,Sheffield 055E,Vehicle crime,Investigation complete; no suspect identified,
4e2136165112a676008a4b86a799ff7e6ea15501d6c3cf85c748817dd544d3f7,2025-02,South Yorkshire Police,South Yorkshire Police,-1.501375,53.343485,On or near Terminus Road,E01007932,Sheffield 055E,Violence and sexual offences,Unable to prosecute suspect,
fb2fec61979e734e1773009781e7156515b5cb988c02b6b519a234ed2d21ed49,2025-02,South Yorkshire Police,South Yorkshire Police,-1.501375,53.343485,On or near Terminus Road,E01007932,Sheffield 055E,Violence and sexual offences,Unable to prosecute suspect,
,2025-02,South Yorkshire Police,South Yorkshire Police,-1.525365,53.360743,On or near Highcliffe Road,E01007939,Sheffield 055F,Anti-social behaviour,,
24e4338de9a4a7c89aa8fbd5dd3b49d2f0ab3ea18b539e0dcbe88a28d8d509be,2025-02,South Yorkshire Police,South Yorkshire Police,-1.534308,53.353632,On or near Folkwood Grove,E01007939,Sheffield 055F,Public order,Unable to prosecute suspect,
,2025-02,South Yorkshire Police,South Yorkshire Police,-1.336812,53.350451,On or near Rothervale Close,E01008028,Sheffield 056A,Anti-social behaviour,,
,2025-02,South Yorkshire Police,South Yorkshire Police,-1.336812,53.350451,On or near Rothervale Close,E01008028,Sheffield 056A,Anti-social behaviour,,
7537b117bdbf4321ff7fee739c5ac5726246750ac79b3e9af06ae893f26d5347,2025-02,South Yorkshire Police,South Yorkshire Police,-1.346941,53.350201,On or near Woodhouse Avenue,E01008028,Sheffield 056A,Other theft,Investigation complete; no suspect identified,
faf4243ea2a5a229bcaebff3bbfd9bbdad71ae23e8ea9ec2db7a73494a3038e7,2025-02,South Yorkshire Police,South Yorkshire Police,-1.336812,53.350451,On or near Rothervale Close,E01008028,Sheffield 056A,Violence and sexual offences,Investigation complete; no suspect identified,
,2025-02,South Yorkshire Police,South Yorkshire Police,-1.364449,53.348714,On or near Rainbow Grove,E01008029,Sheffield 056B,Anti-social behaviour,,
2ce048fdb3592b98896cb64e8ec0619211883b9f727e69fcfe75da3b994028a1,2025-02,South Yorkshire Police,South Yorkshire Police,-1.367823,53.349091,On or near Rainbow Avenue,E01008029,Sheffield 056B,Criminal damage and arson,Investigation complete; no suspect identified,
651a1aa055b5c5050ee38ef8143ef698ead5d0a1711a320cde14d486a9dd986c,2025-02,South Yorkshire Police,South Yorkshire Police,-1.363626,53.347505,On or near Rainbow Place,E01008029,Sheffield 056B,Other theft,Unable to prosecute suspect,
fff89408c3ecc38dc14462db5ebdad7248a8c384dc7f21e6e5656c79f656e862,2025-02,South Yorkshire Police,South Yorkshire Police,-1.362513,53.347553,On or near Delves Avenue,E01008029,Sheffield 056B,Other theft,Investigation complete; no suspect identified,
7d336e6af751516a410b6e31351a6feb6d4e2a6ca5941a929be464fa7054e6f9,2025-02,South Yorkshire Police,South Yorkshire Police,-1.364449,53.348714,On or near Rainbow Grove,E01008029,Sheffield 056B,Public order,Unable to prosecute suspect,
40ca462f8b688c0fe44add473925aa758b2280291e61488c95a57b2a5f27de24,2025-02,South Yorkshire Police,South Yorkshire Police,-1.364449,53.348714,On or near Rainbow Grove,E01008029,Sheffield 056B,Public order,Unable to prosecute suspect,
8d0ce3fe71cb398c5fc5d4ff68d80afac105706ee10491dade500986cc2f8ba1,2025-02,South Yorkshire Police,South Yorkshire Police,-1.368422,53.348240,On or near Rainbow Drive,E01008029,Sheffield 056B,Robbery,Investigation complete; no suspect identified,
70dc25e429e060a5f6f8d5bbc6c9b62de9de3c33ad2760f8ee833627d73ca7f3,2025-02,South Yorkshire Police,South Yorkshire Police,-1.364449,53.348714,On or near Rainbow Grove,E01008029,Sheffield 056B,Vehicle crime,Investigation complete; no suspect identified,
2cc5ec7aacbd82ab0b22efe5f79f9214484887fd6fc690037529fd24e1923901,2025-02,South Yorkshire Police,South Yorkshire Police,-1.363626,53.347505,On or near Rainbow Place,E01008029,Sheffield 056B,Violence and sexual offences,Status update unavailable,
fcde8867234a31558060b4917e642b2bfb29afa5ae895171db73eef192516c99,2025-02,South Yorkshire Police,South Yorkshire Police,-1.363626,53.347505,On or near Rainbow Place,E01008029,Sheffield 056B,Violence and sexual offences,Unable to prosecute suspect,
,2025-02,South Yorkshire Police,South Yorkshire Police,-1.343211,53.344590,On or near Sothall Green,E01008032,Sheffield 056C,Anti-social behaviour,,
,2025-02,South Yorkshire Police,South Yorkshire Police,-1.340047,53.345229,On or near Newbould Crescent,E01008032,Sheffield 056C,Anti-social behaviour,,
de634c1df419ed2465583fec923037b2f82cfa086222b457542a9f2dc91d5546,2025-02,South Yorkshire Police,South Yorkshire Police,-1.342809,53.343419,On or near Sothall Court,E01008032,Sheffield 056C,Criminal damage and arson,Unable to prosecute suspect,
d72c86f193229038ee089368c60ecd002e36d083cfbf4b6c0d1cbee326147b8d,2025-02,South Yorkshire Police,South Yorkshire Police,-1.343350,53.343377,On or near Sothall Mews,E01008032,Sheffield 056C,Criminal damage and arson,Investigation complete; no suspect identified,
90834dae0ec9ca19cfa0609988ca824b2da2a0e09ce1ea7a51c1fcfcb6607fdd,2025-02,South Yorkshire Police,South Yorkshire Police,-1.343350,53.343377,On or near Sothall Mews,E01008032,Sheffield 056C,Criminal damage and arson,Investigation complete; no suspect identified,
29087da4af10ce585f5cda8e66250b7be96b94eb974e6fb9c5e085c35b48c0f6,2025-02,South Yorkshire Police,South Yorkshire Police,-1.341776,53.349004,On or near Oak Road,E01008032,Sheffield 056C,Violence and sexual offences,Local resolution,
00d8f8a62f10fb337db0baddcaf7610f3024feed44596c4bef08392ed22d9818,2025-02,South Yorkshire Police,South Yorkshire Police,-1.340047,53.345229,On or near Newbould Crescent,E01008032,Sheffield 056C,Violence and sexual offences,Status update unavailable,
88322c7620b7f6ba3007a957c0f5bee65396649a979eb080e5f52dc558dd8db4,2025-02,South Yorkshire Police,South Yorkshire Police,-1.338241,53.349344,On or near Elm Road,E01008032,Sheffield 056C,Violence and sexual offences,Unable to prosecute suspect,
c6d2ca9f0fc19d963b8d411873c8297f956c15215a64e6b4efa15cf6a1aee46c,2025-02,South Yorkshire Police,South Yorkshire Police,-1.340047,53.345229,On or near Newbould Crescent,E01008032,Sheffield 056C,Violence and sexual offences,Unable to prosecute suspect,
4cb1b4b056a0cdddfc59ab40f28782c34b91680877479c66951de7958c43a473,2025-02,South Yorkshire Police,South Yorkshire Police,-1.341776,53.349004,On or near Oak Road,E01008032,Sheffield 056C,Violence and sexual offences,Unable to prosecute suspect,
fb8a0a4d8c92a2b62c57c38297aa8a8c50c24572f9994c0cffab62391c80307c,2025-02,South Yorkshire Police,South Yorkshire Police,-1.344904,53.344869,On or near Rose Avenue,E01008032,Sheffield 056C,Violence and sexual offences,Unable to prosecute suspect,
f234a43a07de9541866872dd8b2822ec5205d9f4e5f46b936dba8ddb1bee6ed3,2025-02,South Yorkshire Police,South Yorkshire Police,-1.341776,53.349004,On or near Oak Road,E01008032,Sheffield 056C,Violence and sexual offences,Local resolution,
,2025-02,South Yorkshire Police,South Yorkshire Police,-1.345939,53.346960,On or near Wyedale Croft,E01008034,Sheffield 056D,Anti-social behaviour,,
,2025-02,South Yorkshire Police,South Yorkshire Police,-1.348094,53.350450,On or near Woodhouse Court,E01008034,Sheffield 056D,Anti-social behaviour,,
,2025-02,South Yorkshire Police,South Yorkshire Police,-1.350908,53.346169,On or near Sevenairs Road,E01008034,Sheffield 056D,Anti-social behaviour,,
,2025-02,South Yorkshire Police,South Yorkshire Police,-1.351147,53.341890,On or near Shopping Area,E01008034,Sheffield 056D,Anti-social behaviour,,
d137368713259fbb539eb071ce750659d882a72790927843159d4afce706e4f5,2025-02,South Yorkshire Police,South Yorkshire Police,-1.348651,53.348386,On or near Springwell Avenue,E01008034,Sheffield 056D,Burglary,Investigation complete; no suspect identified,
c8765071867665ac0ed4cc82a56b06bc16459cab18a7f46c19f5fc64aad65416,2025-02,South Yorkshire Police,South Yorkshire Police,-1.346018,53.345738,On or near Jasmine Avenue,E01008034,Sheffield 056D,Burglary,Investigation complete; no suspect identified,
2e21bdbe7bd0bfb2b77c3ba89a7dc5576354e676d37a45070698e3d086e90093,2025-02,South Yorkshire Police,South Yorkshire Police,-1.348081,53.344392,On or near Violet Avenue,E01008034,Sheffield 056D,Criminal damage and arson,Unable to prosecute suspect,
ba863ee84ac63d9cd3dec5eb26d6f3271e3fdef1e5a8fef0e6dfa657de92be74,2025-02,South Yorkshire Police,South Yorkshire Police,-1.348081,53.344392,On or near Violet Avenue,E01008034,Sheffield 056D,Criminal damage and arson,Investigation complete; no suspect identified,
1b0ea8d1fe78c496a07726d64245efc36a9ab8b44b217bdf77b7a352b4c4015f,2025-02,South Yorkshire Police,South Yorkshire Police,-1.348081,53.344392,On or near Violet Avenue,E01008034,Sheffield 056D,Criminal damage and arson,Investigation complete; no suspect identified,
f5d7a7a06571c9173355c9a9f2306facc40229a5c9017caf9103ae7e7bc7112d,2025-02,South Yorkshire Police,South Yorkshire Police,-1.346018,53.345738,On or near Jasmine Avenue,E01008034,Sheffield 056D,Criminal damage and arson,Unable to prosecute suspect,
0fa2b2d802acf9a5f11f6a1472dd0b03b4afcf3b4e544119e5eea204f21bc2bf,2025-02,South Yorkshire Police,South Yorkshire Police,-1.348094,53.350450,On or near Woodhouse Court,E01008034,Sheffield 056D,Drugs,Local resolution,
e427541fda7dd9c27a05521eed1b58ca084a5a033bbdff034a072148ce073694,2025-02,South Yorkshire Police,South Yorkshire Police,-1.348094,53.350450,On or near Woodhouse Court,E01008034,Sheffield 056D,Drugs,Local resolution,
1ad8df85c8f62b8a737605460fa6ebfe3947b7410439e1a7b61b7f8c74e02323,2025-02,South Yorkshire Police,South Yorkshire Police,-1.348081,53.344392,On or near Violet Avenue,E01008034,Sheffield 056D,Other theft,Investigation complete; no suspect identified,
b09f244188ed4454c59fbf44d89a678b919ce051ca3bb14678dbd4718b733518,2025-02,South Yorkshire Police,South Yorkshire Police,-1.350908,53.346169,On or near Sevenairs Road,E01008034,Sheffield 056D,Shoplifting,Investigation complete; no suspect identified,
3d5e33e1f2b567bf61637528283f07d567c60455885a1339a00a5f89f5321ada,2025-02,South Yorkshire Police,South Yorkshire Police,-1.351147,53.341890,On or near Shopping Area,E01008034,Sheffield 056D,Shoplifting,Investigation complete; no suspect identified,
8a90f09e2b4bd338f1cfb1724daacc13f6baaeab0e5113726865f334490a903f,2025-02,South Yorkshire Police,South Yorkshire Police,-1.350908,53.346169,On or near Sevenairs Road,E01008034,Sheffield 056D,Shoplifting,Investigation complete; no suspect identified,
b0270f522d2c00fc889762ebe02f0ebccc9647168e1d830f451ed40df2526328,2025-02,South Yorkshire Police,South Yorkshire Police,-1.350908,53.346169,On or near Sevenairs Road,E01008034,Sheffield 056D,Shoplifting,Investigation complete; no suspect identified,
203dccb2a25447dcd08d2b3c67609271238c149e3e995386fbe3a7ddb7893649,2025-02,South Yorkshire Police,South Yorkshire Police,-1.350908,53.346169,On or near Sevenairs Road,E01008034,Sheffield 056D,Shoplifting,Investigation complete; no suspect identified,
5a27987f577fc86964396eeedccbf12090af9bf8630222874d16c7b867ea07c2,2025-02,South Yorkshire Police,South Yorkshire Police,-1.351147,53.341890,On or near Shopping Area,E01008034,Sheffield 056D,Shoplifting,Unable to prosecute suspect,
1e12eec7f554f4d52ee066bc2b49f198a90c75b9c381fa2c0b8a8dfb557665c1,2025-02,South Yorkshire Police,South Yorkshire Police,-1.350908,53.346169,On or near Sevenairs Road,E01008034,Sheffield 056D,Shoplifting,Unable to prosecute suspect,
2b9ad8d7be76968cac5e4e9eb4107490befa58e3b436a34ce6fb4b5e4ab7cc3b,2025-02,South Yorkshire Police,South Yorkshire Police,-1.350908,53.346169,On or near Sevenairs Road,E01008034,Sheffield 056D,Shoplifting,Investigation complete; no suspect identified,
06eef3261d07287817002d3d4e3ad9a913947cf821989419ea06342549a37025,2025-02,South Yorkshire Police,South Yorkshire Police,-1.350908,53.346169,On or near Sevenairs Road,E01008034,Sheffield 056D,Shoplifting,Investigation complete; no suspect identified,
ebf7b026550a9115531f5e88809108b98a07ed923471df195fc456fabc2cb9ce,2025-02,South Yorkshire Police,South Yorkshire Police,-1.351147,53.341890,On or near Shopping Area,E01008034,Sheffield 056D,Shoplifting,Unable to prosecute suspect,
5e23d60625863452f0927c528f0d61a511138abdc578ac36557af4f6f2096a2c,2025-02,South Yorkshire Police,South Yorkshire Police,-1.350908,53.346169,On or near Sevenairs Road,E01008034,Sheffield 056D,Shoplifting,Investigation complete; no suspect identified,
46a554df251665a7923e2609d27879fc4f50a7c2efa164dc9e8fb09919ed34ed,2025-02,South Yorkshire Police,South Yorkshire Police,-1.350908,53.346169,On or near Sevenairs Road,E01008034,Sheffield 056D,Shoplifting,Investigation complete; no suspect identified,
11ec4274e06783ad3824db06fa964ea96feda76320628ca62a6133973a68340b,2025-02,South Yorkshire Police,South Yorkshire Police,-1.348081,53.344392,On or near Violet Avenue,E01008034,Sheffield 056D,Vehicle crime,Investigation complete; no suspect identified,
8445881792f8a0fbb0209e74bd31961cc0c5a2e22c3daf14cbbc687b59000a3f,2025-02,South Yorkshire Police,South Yorkshire Police,-1.345617,53.346410,On or near Skelton Lane,E01008034,Sheffield 056D,Violence and sexual offences,Unable to prosecute suspect,
d65eb258464ad439069fa1b56c4ab91c5e91e8e440b3b222f6e92b81c6abbe42,2025-02,South Yorkshire Police,South Yorkshire Police,-1.346572,53.344833,On or near Lilac Road,E01008034,Sheffield 056D,Violence and sexual offences,Unable to prosecute suspect,
33dde2d312d858c61d57a715ec9f1f57bb9104993b43e9bfaee20fe9d8b26001,2025-02,South Yorkshire Police,South Yorkshire Police,-1.350908,53.346169,On or near Sevenairs Road,E01008034,Sheffield 056D,Other crime,Unable to prosecute suspect,
,2025-02,South Yorkshire Police,South Yorkshire Police,-1.482630,53.345905,On or near Cartmell Crescent,E01007828,Sheffield 059A,Anti-social behaviour,,
a2d4362422b8cdfce338210c4fa5b78b299d9dee5a91de28b447380bcbab96db,2025-02,South Yorkshire Police,South Yorkshire Police,-1.488334,53.345048,On or near Periwood Grove,E01007828,Sheffield 059A,Other theft,Unable to prosecute suspect,
,2025-02,South Yorkshire Police,South Yorkshire Police,-1.485159,53.350509,On or near Woodseats Mews,E01007829,Sheffield 059B,Anti-social behaviour,,
,2025-02,South Yorkshire Police,South Yorkshire Police,-1.493107,53.345293,On or near Supermarket,E01007829,Sheffield 059B,Anti-social behaviour,,
,2025-02,South Yorkshire Police,South Yorkshire Police,-1.493107,53.345293,On or near Supermarket,E01007829,Sheffield 059B,Anti-social behaviour,,
,2025-02,South Yorkshire Police,South Yorkshire Police,-1.488262,53.346236,On or near Sports/Recreation Area,E01007829,Sheffield 059B,Anti-social behaviour,,
d5e5e57409ddcdaef0832f0e81a818dbfccd4612fd5826e187e237eaad80629c,2025-02,South Yorkshire Police,South Yorkshire Police,-1.493107,53.345293,On or near Supermarket,E01007829,Sheffield 059B,Burglary,Investigation complete; no suspect identified,
9853bd363083eba2e04323e67ae50d45f3b0b3c2ec24ae9033fe0476986906e8,2025-02,South Yorkshire Police,South Yorkshire Police,-1.485159,53.350509,On or near Woodseats Mews,E01007829,Sheffield 059B,Criminal damage and arson,Investigation complete; no suspect identified,
c2f0dee3022999f43f2307d69169efc4eb0b4a962d512c98b82554767b663410,2025-02,South Yorkshire Police,South Yorkshire Police,-1.493107,53.345293,On or near Supermarket,E01007829,Sheffield 059B,Other theft,Investigation complete; no suspect identified,
722f3136804b801a9857d89a5952372b3f1f0ef746230b3316d37ac29be0f579,2025-02,South Yorkshire Police,South Yorkshire Police,-1.490775,53.348133,On or near Parking Area,E01007829,Sheffield 059B,Public order,Unable to prosecute suspect,
439815e27ffece6d9cb5b97927306609c6fe430d85a3c9b236b99cbbd43fd228,2025-02,South Yorkshire Police,South Yorkshire Police,-1.493107,53.345293,On or near Supermarket,E01007829,Sheffield 059B,Shoplifting,Investigation complete; no suspect identified,
6e6d6f70cb224d79615aa460f11b0260ef5848a2cfe4728a3ab9ba55cf60f44e,2025-02,South Yorkshire Police,South Yorkshire Police,-1.493107,53.345293,On or near Supermarket,E01007829,Sheffield 059B,Shoplifting,Investigation complete; no suspect identified,
79b5e683b97e9d9e65ebe137b739257f440b6277a2fed870f91ab6cf915c25b5,2025-02,South Yorkshire Police,South Yorkshire Police,-1.493107,53.345293,On or near Supermarket,E01007829,Sheffield 059B,Shoplifting,Investigation complete; no suspect identified,
bf6d30af07d28747452c1beb560a860e0889c5c071294d84b8fe3b8750123b5b,2025-02,South Yorkshire Police,South Yorkshire Police,-1.493107,53.345293,On or near Supermarket,E01007829,Sheffield 059B,Shoplifting,Investigation complete; no suspect identified,
77660a0f660a47c4a5a92521dfceb0c13d3bb7a21c1bb853dec2e49365d82bdb,2025-02,South Yorkshire Police,South Yorkshire Police,-1.493107,53.345293,On or near Supermarket,E01007829,Sheffield 059B,Shoplifting,Investigation complete; no suspect identified,
d6d2ecc22ea4025ce8756a54bf25d2388b907536d18b0b121a1362521f67eb03,2025-02,South Yorkshire Police,South Yorkshire Police,-1.493107,53.345293,On or near Supermarket,E01007829,Sheffield 059B,Shoplifting,Awaiting court outcome,
d2dde8dac42f7cb834011ceb03997bea976f4dcc813634f900948024aa3a8f7c,2025-02,South Yorkshire Police,South Yorkshire Police,-1.493107,53.345293,On or near Supermarket,E01007829,Sheffield 059B,Shoplifting,Investigation complete; no suspect identified,
5ba9a51ff7924c45080ebc7dd27f307a5a7dc27b2db8fee3238639045c2fbde1,2025-02,South Yorkshire Police,South Yorkshire Police,-1.493107,53.345293,On or near Supermarket,E01007829,Sheffield 059B,Shoplifting,Awaiting court outcome,
22162758997b0337486e259cd26fe8f821060f62e9e394f97e11a879db607746,2025-02,South Yorkshire Police,South Yorkshire Police,-1.485159,53.350509,On or near Woodseats Mews,E01007829,Sheffield 059B,Vehicle crime,Investigation complete; no suspect identified,
49b223a2603d82801db5b7d3eb8b01693b2ee4f90f9b905a0ec38937f6b62638,2025-02,South Yorkshire Police,South Yorkshire Police,-1.483330,53.348919,On or near Woodseats Road,E01007829,Sheffield 059B,Violence and sexual offences,Unable to prosecute suspect,
30a5dd493e398a04350a5555627ea91263d22199d7e2a814dc4c15e685b321c2,2025-02,South Yorkshire Police,South Yorkshire Police,-1.484596,53.348538,On or near Cartmell Hill,E01007829,Sheffield 059B,Violence and sexual offences,Unable to prosecute suspect,
3aabe973b0a6e89e27da31f716b8b486ae27cea3640f372a8754f95237dfdfb1,2025-02,South Yorkshire Police,South Yorkshire Police,-1.485435,53.346285,On or near Perigree Road,E01007829,Sheffield 059B,Violence and sexual offences,Unable to prosecute suspect,
,2025-02,South Yorkshire Police,South Yorkshire Police,-1.480341,53.340232,On or near Osmaston Road,E01007831,Sheffield 059C,Anti-social behaviour,,
,2025-02,South Yorkshire Police,South Yorkshire Police,-1.480341,53.340232,On or near Osmaston Road,E01007831,Sheffield 059C,Anti-social behaviour,,
660604e933b91cedcaf4ec0ffd4f410ae47f3013f18c41db9de90ab603d818f2,2025-02,South Yorkshire Police,South Yorkshire Police,-1.482186,53.340402,On or near Mitchell Road,E01007831,Sheffield 059C,Burglary,Investigation complete; no suspect identified,
ef02d6b4370636e36af162fba5c64d87e0ab1deb59852de8e6918eab832bf6b1,2025-02,South Yorkshire Police,South Yorkshire Police,-1.486552,53.339530,On or near Linden Avenue,E01007831,Sheffield 059C,Other theft,Unable to prosecute suspect,
fe79bcae43e97765005c7e4a81520cf34cd10d0ae0bdd38c65d289c6b97d1f82,2025-02,South Yorkshire Police,South Yorkshire Police,-1.478684,53.340602,On or near Woodseats House Road,E01007831,Sheffield 059C,Possession of weapons,Unable to prosecute suspect,
18677672d984909ea253486a0b5d5787fec093cd78ac7abcb523d2fe66aff4f6,2025-02,South Yorkshire Police,South Yorkshire Police,-1.480341,53.340232,On or near Osmaston Road,E01007831,Sheffield 059C,Vehicle crime,Investigation complete; no suspect identified,
983ede6b295bdbb4c463ece19816487c97278f0ad10f66c692054d7bad783284,2025-02,South Yorkshire Police,South Yorkshire Police,-1.483330,53.340227,On or near Bromwich Road,E01007831,Sheffield 059C,Violence and sexual offences,Unable to prosecute suspect,
ab9a29f906a0c74e472116f0ec6bca5fcd4374b3702266d388e87a14e6ca37db,2025-02,South Yorkshire Police,South Yorkshire Police,-1.483330,53.340227,On or near Bromwich Road,E01007831,Sheffield 059C,Other crime,Unable to prosecute suspect,
,2025-02,South Yorkshire Police,South Yorkshire Police,-1.475081,53.344146,On or near Cross Chantrey Road,E01007832,Sheffield 059D,Anti-social behaviour,,
11f376d189858af75f304c584c0fc8c4cc4a9e13b30d971e4eb110dd4bcf7db7,2025-02,South Yorkshire Police,South Yorkshire Police,-1.476258,53.343755,On or near Chantrey Road,E01007832,Sheffield 059D,Other crime,Local resolution,
f2bdc4cc73da49543d5aaa65906c6207c20d27b7c3ebc15e4035c2e31680738a,2025-02,South Yorkshire Police,South Yorkshire Police,-1.481262,53.347265,On or near Tadcaster Crescent,E01007986,Sheffield 059E,Other theft,Investigation complete; no suspect identified,
f357bc42c9995f4a87951755039f3f5d7554b5cb7f748caa15dbf96a4c6ec381,2025-02,South Yorkshire Police,South Yorkshire Police,-1.479597,53.344588,On or near The Dale,E01007986,Sheffield 059E,Other theft,Investigation complete; no suspect identified,
a28b77526cd10dd6cb21fd2b0edc92896d40be1f3cd3004c0222fa44be2182a7,2025-02,South Yorkshire Police,South Yorkshire Police,-1.477467,53.345558,On or near Aisthorpe Road,E01007986,Sheffield 059E,Other theft,Investigation complete; no suspect identified,
410e96e384171bc77b68c181804be8c1c127e0d0eaa30dddc7035a819ec994d7,2025-02,South Yorkshire Police,South Yorkshire Police,-1.476795,53.345295,On or near Nettleham Road,E01007986,Sheffield 059E,Public order,Unable to prosecute suspect,
5e99f749c679a7380c16d7f8b71187c84304fd751336f8697d4ed3363b20e582,2025-02,South Yorkshire Police,South Yorkshire Police,-1.476795,53.345295,On or near Nettleham Road,E01007986,Sheffield 059E,Public order,Unable to prosecute suspect,
2f0e9b3c5c39e77e2f29b590779a32032722a615ece2ea69e7e662733cdba7cf,2025-02,South Yorkshire Police,South Yorkshire Police,-1.480345,53.348564,On or near Chesterfield Road,E01007986,Sheffield 059E,Public order,Investigation complete; no suspect identified,
,2025-02,South Yorkshire Police,South Yorkshire Police,-1.433863,53.343256,On or near Leighton Drive,E01008007,Sheffield 060A,Anti-social behaviour,,
,2025-02,South Yorkshire Police,South Yorkshire Police,-1.429528,53.346139,On or near Little Wood Road,E01008007,Sheffield 060A,Anti-social behaviour,,
,2025-02,South Yorkshire Police,South Yorkshire Police,-1.429528,53.346139,On or near Little Wood Road,E01008007,Sheffield 060A,Anti-social behaviour,,
,2025-02,South Yorkshire Police,South Yorkshire Police,-1.429528,53.346139,On or near Little Wood Road,E01008007,Sheffield 060A,Anti-social behaviour,,
,2025-02,South Yorkshire Police,South Yorkshire Police,-1.429528,53.346139,On or near Little Wood Road,E01008007,Sheffield 060A,Anti-social behaviour,,
,2025-02,South Yorkshire Police,South Yorkshire Police,-1.429528,53.346139,On or near Little Wood Road,E01008007,Sheffield 060A,Anti-social behaviour,,
,2025-02,South Yorkshire Police,South Yorkshire Police,-1.429528,53.346139,On or near Little Wood Road,E01008007,Sheffield 060A,Anti-social behaviour,,
831dd404662117a7153cdf7a137ff0312e7ef38f6384438831f045bb5ef626b8,2025-02,South Yorkshire Police,South Yorkshire Police,-1.433863,53.343256,On or near Leighton Drive,E01008007,Sheffield 060A,Criminal damage and arson,Investigation complete; no suspect identified,
8a4037273d7810becdb13ea32f28d91c4bd3de41358f799cb442c91f35d6f742,2025-02,South Yorkshire Police,South Yorkshire Police,-1.437687,53.344802,On or near Morland Place,E01008007,Sheffield 060A,Other theft,Unable to prosecute suspect,
18e0908bbb7c1c06cacd5490545c917c1e5da07579e205fad9597318d934f214,2025-02,South Yorkshire Police,South Yorkshire Police,-1.433863,53.343256,On or near Leighton Drive,E01008007,Sheffield 060A,Other theft,Investigation complete; no suspect identified,
1ebda36a5c928d867e9aabb38d8dd06c8a077ab8fa77ec9026369891dc68fd2d,2025-02,South Yorkshire Police,South Yorkshire Police,-1.429528,53.346139,On or near Little Wood Road,E01008007,Sheffield 060A,Other theft,Unable to prosecute suspect,
4434d30bd9f2f71873fb55e8c7d86b8fb148958a935deeb83bcd30d0c11578ec,2025-02,South Yorkshire Police,South Yorkshire Police,-1.435387,53.344980,On or near Morland Drive,E01008007,Sheffield 060A,Public order,Investigation complete; no suspect identified,
1ec8304edc042292296a37f220ab3b8173efd9bdde7e238360568d5b7e1cc481,2025-02,South Yorkshire Police,South Yorkshire Police,-1.429528,53.346139,On or near Little Wood Road,E01008007,Sheffield 060A,Public order,Unable to prosecute suspect,
44a9bc6b12a02c6052fee54e578d3a5706e11ffb81b31155d6bf919d43a5d2c4,2025-02,South Yorkshire Police,South Yorkshire Police,-1.437143,53.343964,On or near Morland Road,E01008007,Sheffield 060A,Vehicle crime,Unable to prosecute suspect,
bef2d6bd900bab84cdeb302eb42b35b47fd30ac7b6ab2e0075701208424f7a4c,2025-02,South Yorkshire Police,South Yorkshire Police,-1.437143,53.343964,On or near Morland Road,E01008007,Sheffield 060A,Vehicle crime,Investigation complete; no suspect identified,
d82dad24c8c1a8a30cccbc959eb2c7e388e5077ae47274f6625d0976b9333564,2025-02,South Yorkshire Police,South Yorkshire Police,-1.433863,53.343256,On or near Leighton Drive,E01008007,Sheffield 060A,Violence and sexual offences,Unable to prosecute suspect,
d8a74e11af5d37de6300b910acdfa5622e333547f6d6058ee0d14b1d2d3eb4b1,2025-02,South Yorkshire Police,South Yorkshire Police,-1.439509,53.344505,On or near Morland Bank,E01008007,Sheffield 060A,Violence and sexual offences,Awaiting court outcome,
537487854c03a7ffa87961e0f65cdcea44826d3d22de07d894615785e640a644,2025-02,South Yorkshire Police,South Yorkshire Police,-1.439509,53.344505,On or near Morland Bank,E01008007,Sheffield 060A,Violence and sexual offences,Awaiting court outcome,
88a6ba0412d19d579fd5949780da2ef11c51a45370e6cbba5066cef205828432,2025-02,South Yorkshire Police,South Yorkshire Police,-1.437143,53.343964,On or near Morland Road,E01008007,Sheffield 060A,Violence and sexual offences,Status update unavailable,
3e82106200233338041bca253a2f89067fd41889dd6f0849c97f6242a5913eed,2025-02,South Yorkshire Police,South Yorkshire Police,-1.433863,53.343256,On or near Leighton Drive,E01008007,Sheffield 060A,Violence and sexual offences,Unable to prosecute suspect,
c5293f24448879fddd61ca09b1b8f70d4f49d5f2f8ae013c1943eaffb48f9f3f,2025-02,South Yorkshire Police,South Yorkshire Police,-1.437143,53.343964,On or near Morland Road,E01008007,Sheffield 060A,Violence and sexual offences,Status update unavailable,
c0e4afe154bc9804fda681d78175193052ddddc29019b1d94df2ecc2855c75b9,2025-02,South Yorkshire Police,South Yorkshire Police,-1.437143,53.343964,On or near Morland Road,E01008007,Sheffield 060A,Violence and sexual offences,Status update unavailable,
,2025-02,South Yorkshire Police,South Yorkshire Police,-1.448813,53.349834,On or near Overend Road,E01008075,Sheffield 060B,Anti-social behaviour,,
,2025-02,South Yorkshire Police,South Yorkshire Police,-1.446717,53.348099,On or near Overend Way,E01008075,Sheffield 060B,Anti-social behaviour,,
,2025-02,South Yorkshire Police,South Yorkshire Police,-1.445842,53.346054,On or near Gaunt Way,E01008075,Sheffield 060B,Anti-social behaviour,,
7566d6779daebd542bf48d8287edad66928dd2d64052a0707a00757c8ee9358a,2025-02,South Yorkshire Police,South Yorkshire Police,-1.445842,53.346054,On or near Gaunt Way,E01008075,Sheffield 060B,Burglary,Investigation complete; no suspect identified,
596c62322878af12d65e1d716a297834637e288f9c4b654515cc388a1a09ed15,2025-02,South Yorkshire Police,South Yorkshire Police,-1.446717,53.348099,On or near Overend Way,E01008075,Sheffield 060B,Criminal damage and arson,Investigation complete; no suspect identified,
8e47b178fc02784af30b2cd43a210a82d7e93e792277c4771f9bf68477ccc364,2025-02,South Yorkshire Police,South Yorkshire Police,-1.449234,53.342771,On or near Gaunt Drive,E01008075,Sheffield 060B,Other theft,Unable to prosecute suspect,
9a8bc641e34144f6ccb2e7ce59a35962341b22004ee99658c4adfcaac884028f,2025-02,South Yorkshire Police,South Yorkshire Police,-1.448280,53.349193,On or near Overend Drive,E01008075,Sheffield 060B,Vehicle crime,Investigation complete; no suspect identified,
f2d30bb315d7bb51bc719b2567033f5abb91b30832299092e8c7d1ce33191c5f,2025-02,South Yorkshire Police,South Yorkshire Police,-1.448813,53.349834,On or near Overend Road,E01008075,Sheffield 060B,Violence and sexual offences,Unable to prosecute suspect,
6eb218224eef285fb20ee867e2642339baf8fbb716b27acd01fd49770007592f,2025-02,South Yorkshire Police,South Yorkshire Police,-1.446717,53.348099,On or near Overend Way,E01008075,Sheffield 060B,Violence and sexual offences,Unable to prosecute suspect,
34d335a7bf3e004f77a7811d37e86683d8e61e821dc291fa34c4c8b99d39812d,2025-02,South Yorkshire Police,South Yorkshire Police,-1.445842,53.346054,On or near Gaunt Way,E01008075,Sheffield 060B,Violence and sexual offences,Unable to prosecute suspect,
0133dc6f256f5bb2ab44226f5edca965d224ad011d6590fb2eab690962cb2166,2025-02,South Yorkshire Police,South Yorkshire Police,-1.449234,53.342771,On or near Gaunt Drive,E01008075,Sheffield 060B,Violence and sexual offences,Investigation complete; no suspect identified,
e58c01814ba87824388b1aedd5ed718162141e1efbee36e00ad4bcd45953da2b,2025-02,South Yorkshire Police,South Yorkshire Police,-1.446717,53.348099,On or near Overend Way,E01008075,Sheffield 060B,Violence and sexual offences,Unable to prosecute suspect,
e3e4ea3fc8453be5e7d0ab6ee140867b30f5914525bb9fa2319d01c0d29a0ba7,2025-02,South Yorkshire Police,South Yorkshire Police,-1.446717,53.348099,On or near Overend Way,E01008075,Sheffield 060B,Other crime,Unable to prosecute suspect,
d6743232cea0f52348e2c363268160527404ed4e18f8d127ea5af4d00f3e3e32,2025-02,South Yorkshire Police,South Yorkshire Police,-1.445759,53.340912,On or near Constable Close,E01008076,Sheffield 060C,Criminal damage and arson,Awaiting court outcome,
fe5992cf848f49d5456d18b44b5dcba0959a81476d524d52671f6a2ba6244166,2025-02,South Yorkshire Police,South Yorkshire Police,-1.447171,53.344370,On or near Gaunt Close,E01008076,Sheffield 060C,Criminal damage and arson,Investigation complete; no suspect identified,
19f6340773bee55d229522c1b058c3fc38a79ca17d8eebac232b56d95f05e2d7,2025-02,South Yorkshire Police,South Yorkshire Police,-1.445759,53.340912,On or near Constable Close,E01008076,Sheffield 060C,Criminal damage and arson,Awaiting court outcome,
649e07cf6203fbde31c3332a5c6319731924c7a79637543c2308a1c7da44ede2,2025-02,South Yorkshire Police,South Yorkshire Police,-1.445759,53.340912,On or near Constable Close,E01008076,Sheffield 060C,Criminal damage and arson,Investigation complete; no suspect identified,
544edea1d1eb7758be5a073869a5131b04ebb82e936d5ac0043e1669e69403b4,2025-02,South Yorkshire Police,South Yorkshire Police,-1.446787,53.342715,On or near Ironside Close,E01008076,Sheffield 060C,Criminal damage and arson,Unable to prosecute suspect,
ad4c441aec86e7bcd3880dd70e9bf8192e3d7f825709a34b296215fa0432ceda,2025-02,South Yorkshire Police,South Yorkshire Police,-1.447171,53.344370,On or near Gaunt Close,E01008076,Sheffield 060C,Criminal damage and arson,Investigation complete; no suspect identified,
3a8718a4f81901a4e9c14b12b852aa97a39258a921d1487f1248f32c0162f958,2025-02,South Yorkshire Police,South Yorkshire Police,-1.445759,53.340912,On or near Constable Close,E01008076,Sheffield 060C,Criminal damage and arson,Awaiting court outcome,
6f296daa36301843c11d09ccdcf2e72da0b61c3d3e9fc8e8a8890e64f3d2b387,2025-02,South Yorkshire Police,South Yorkshire Police,-1.442467,53.342227,On or near Raeburn Close,E01008076,Sheffield 060C,Drugs,Status update unavailable,
7d9ef887f2dd4bf296ff2c716e751be6c102cbc9695a152abd270ae9951297cb,2025-02,South Yorkshire Police,South Yorkshire Police,-1.442467,53.342227,On or near Raeburn Close,E01008076,Sheffield 060C,Drugs,Investigation complete; no suspect identified,
0b6181e2919211738c4cd2e4892f61eea7a72dbe572d7df6b3c87576564baebb,2025-02,South Yorkshire Police,South Yorkshire Police,-1.444983,53.343983,On or near Ironside Road,E01008076,Sheffield 060C,Other theft,Investigation complete; no suspect identified,
0a7bc79e685f49b21d9a17f0da9514629f5286f060782571ecb306fd4f12a76c,2025-02,South Yorkshire Police,South Yorkshire Police,-1.445759,53.340912,On or near Constable Close,E01008076,Sheffield 060C,Public order,Unable to prosecute suspect,
8f1711e7affb54498c91a646b9e7f566cab660e47c5b8ad3bf64d71d794dfc0d,2025-02,South Yorkshire Police,South Yorkshire Police,-1.447171,53.344370,On or near Gaunt Close,E01008076,Sheffield 060C,Robbery,Unable to prosecute suspect,
d651f11365d3e98265e4e13474b66c1ef9eb099bf93ca680a1798bfc7491e894,2025-02,South Yorkshire Police,South Yorkshire Police,-1.445759,53.340912,On or near Constable Close,E01008076,Sheffield 060C,Violence and sexual offences,Awaiting court outcome,
16c09f242b779b47939f97b874fc830b24719bc79fbf5caa9dad878aa2d14d98,2025-02,South Yorkshire Police,South Yorkshire Police,-1.446787,53.342715,On or near Ironside Close,E01008076,Sheffield 060C,Violence and sexual offences,Unable to prosecute suspect,
2e3fdd37cd60f0a3d30f65542f3c983db3065a62a658827d82fab49c526aa506,2025-02,South Yorkshire Police,South Yorkshire Police,-1.444983,53.343983,On or near Ironside Road,E01008076,Sheffield 060C,Violence and sexual offences,Unable to prosecute suspect,
462c32dc4d2a867ae6d4a743b55bdd9f07778efa4929a35eb5430fca8758fde9,2025-02,South Yorkshire Police,South Yorkshire Police,-1.445759,53.340912,On or near Constable Close,E01008076,Sheffield 060C,Violence and sexual offences,Local resolution,
af4459752b93e51b3cb5f4ff15c9216704ea377107edc080308fc1621c25fbd4,2025-02,South Yorkshire Police,South Yorkshire Police,-1.447783,53.340921,On or near Sports/Recreation Area,E01008076,Sheffield 060C,Violence and sexual offences,Unable to prosecute suspect,
a081e28b5e76c005b33bfb39b420ec1d48651a35e696939906b905a8cd81d556,2025-02,South Yorkshire Police,South Yorkshire Police,-1.445759,53.340912,On or near Constable Close,E01008076,Sheffield 060C,Violence and sexual offences,Awaiting court outcome,
f410d418961e22c099e24e9473f2edf8e0cd53f8718c2d5afcb5b47ae9325317,2025-02,South Yorkshire Police,South Yorkshire Police,-1.446787,53.342715,On or near Ironside Close,E01008076,Sheffield 060C,Other crime,Unable to prosecute suspect,
,2025-02,South Yorkshire Police,South Yorkshire Police,-1.441931,53.339582,On or near Sandby Drive,E01008077,Sheffield 060D,Anti-social behaviour,,
,2025-02,South Yorkshire Police,South Yorkshire Police,-1.442299,53.340159,On or near Raeburn Way,E01008077,Sheffield 060D,Anti-social behaviour,,
0f16fbee94846d35c7860b5399930aebd3674253cfc5e872522a922fb5439eb7,2025-02,South Yorkshire Police,South Yorkshire Police,-1.449621,53.339564,On or near Blackstock Drive,E01008077,Sheffield 060D,Criminal damage and arson,Investigation complete; no suspect identified,
3a81d6921425de54c110b30c082cc8d183de013c4f300f6d02edecf7dc6ea6f9,2025-02,South Yorkshire Police,South Yorkshire Police,-1.441931,53.339582,On or near Sandby Drive,E01008077,Sheffield 060D,Violence and sexual offences,Unable to prosecute suspect,
,2025-02,South Yorkshire Police,South Yorkshire Police,-1.377268,53.349402,On or near Carr Forge Road,E01008031,Sheffield 061A,Anti-social behaviour,,
,2025-02,South Yorkshire Police,South Yorkshire Police,-1.373662,53.344313,On or near Brookhouse Court,E01008031,Sheffield 061A,Anti-social behaviour,,
7eb9ccbd10da44e4e9c52773c6fa234ee879102c89162d6e7dfc6eb0cd6e2e1d,2025-02,South Yorkshire Police,South Yorkshire Police,-1.371461,53.344859,On or near Pritchard Close,E01008031,Sheffield 061A,Burglary,Investigation complete; no suspect identified,
957eb0d27e937f2969c132aa474e45859f6051f23fa4ccd41beab6e6dcb7362a,2025-02,South Yorkshire Police,South Yorkshire Police,-1.372688,53.347220,On or near Birley Spa Close,E01008031,Sheffield 061A,Violence and sexual offences,Investigation complete; no suspect identified,
,2025-02,South Yorkshire Police,South Yorkshire Police,-1.360282,53.344200,On or near Petrol Station,E01008033,Sheffield 061B,Anti-social behaviour,,
,2025-02,South Yorkshire Police,South Yorkshire Police,-1.374975,53.343852,On or near Greenside Mews,E01008033,Sheffield 061B,Anti-social behaviour,,
,2025-02,South Yorkshire Police,South Yorkshire Police,-1.360282,53.344200,On or near Petrol Station,E01008033,Sheffield 061B,Anti-social behaviour,,
,2025-02,South Yorkshire Police,South Yorkshire Police,-1.360282,53.344200,On or near Petrol Station,E01008033,Sheffield 061B,Anti-social behaviour,,
,2025-02,South Yorkshire Police,South Yorkshire Police,-1.357183,53.344307,On or near Shopping Area,E01008033,Sheffield 061B,Anti-social behaviour,,
,2025-02,South Yorkshire Police,South Yorkshire Police,-1.363251,53.343395,On or near Police Station,E01008033,Sheffield 061B,Anti-social behaviour,,
,2025-02,South Yorkshire Police,South Yorkshire Police,-1.360282,53.344200,On or near Petrol Station,E01008033,Sheffield 061B,Anti-social behaviour,,
,2025-02,South Yorkshire Police,South Yorkshire Police,-1.360282,53.344200,On or near Petrol Station,E01008033,Sheffield 061B,Anti-social behaviour,,
,2025-02,South Yorkshire Police,South Yorkshire Police,-1.360282,53.344200,On or near Petrol Station,E01008033,Sheffield 061B,Anti-social behaviour,,
,2025-02,South Yorkshire Police,South Yorkshire Police,-1.360282,53.344200,On or near Petrol Station,E01008033,Sheffield 061B,Anti-social behaviour,,
,2025-02,South Yorkshire Police,South Yorkshire Police,-1.357183,53.344307,On or near Shopping Area,E01008033,Sheffield 061B,Anti-social behaviour,,
,2025-02,South Yorkshire Police,South Yorkshire Police,-1.360282,53.344200,On or near Petrol Station,E01008033,Sheffield 061B,Anti-social behaviour,,
,2025-02,South Yorkshire Police,South Yorkshire Police,-1.362534,53.346169,On or near Moss Grove,E01008033,Sheffield 061B,Anti-social behaviour,,
,2025-02,South Yorkshire Police,South Yorkshire Police,-1.357183,53.344307,On or near Shopping Area,E01008033,Sheffield 061B,Anti-social behaviour,,
85d8a5903ab56cd135514e3e10cc43ae82afe3be851bdfaa57d2efe976a11cc0,2025-02,South Yorkshire Police,South Yorkshire Police,-1.358413,53.345553,On or near Drake House Crescent,E01008033,Sheffield 061B,Burglary,Investigation complete; no suspect identified,
a85bb54a20e93665c1f5bc166fc26b13c95ea173743f0e40c70cd3ab36d28ec9,2025-02,South Yorkshire Police,South Yorkshire Police,-1.357027,53.343802,On or near Shopping Area,E01008033,Sheffield 061B,Burglary,Investigation complete; no suspect identified,
6bf020e6b25d763d1af993ca918ee0adc9f051fe21913d09774a1a8c0f466782,2025-02,South Yorkshire Police,South Yorkshire Police,-1.368404,53.346416,On or near Delves Terrace,E01008033,Sheffield 061B,Burglary,Investigation complete; no suspect identified,
40913eb9ea54ab2e3fe4ef116fd99d6fd99cd4183e713c9a961350818980e13c,2025-02,South Yorkshire Police,South Yorkshire Police,-1.357027,53.343802,On or near Shopping Area,E01008033,Sheffield 061B,Burglary,Investigation complete; no suspect identified,
2c8c880eaeed89cbbcab533046bbe6d915cffdfc4cfff294a637f6677cad0184,2025-02,South Yorkshire Police,South Yorkshire Police,-1.357027,53.343802,On or near Shopping Area,E01008033,Sheffield 061B,Burglary,Investigation complete; no suspect identified,
eb3f23926b117558dad68242c3172513b6cfc4bf5e5553fff07c4253227e517d,2025-02,South Yorkshire Police,South Yorkshire Police,-1.368404,53.346416,On or near Delves Terrace,E01008033,Sheffield 061B,Criminal damage and arson,Investigation complete; no suspect identified,
b96d88601aec68b2b68c9cc6f38148b69d59072ba1e1eac7c246b8335aa6f681,2025-02,South Yorkshire Police,South Yorkshire Police,-1.368404,53.346416,On or near Delves Terrace,E01008033,Sheffield 061B,Criminal damage and arson,Investigation complete; no suspect identified,
d231d7f7d74adfbe620f200d148036578f3fbe76047f6a6c9f173d4dc41558eb,2025-02,South Yorkshire Police,South Yorkshire Police,-1.371558,53.342324,On or near Stoneacre Close,E01008033,Sheffield 061B,Criminal damage and arson,Investigation complete; no suspect identified,
e0e26f02251affdc65dcf937d9f43ac63e064647ac0ee7bcf0f936dee941b8fb,2025-02,South Yorkshire Police,South Yorkshire Police,-1.368680,53.346013,On or near Delves Road,E01008033,Sheffield 061B,Drugs,Investigation complete; no suspect identified,
10faed9ae9398e3bcad1e1172b2f1b3db87ce2643064f8256678070976c7c62d,2025-02,South Yorkshire Police,South Yorkshire Police,-1.357027,53.343802,On or near Shopping Area,E01008033,Sheffield 061B,Public order,Investigation complete; no suspect identified,
07b946dc47dcc0be8a0385ac8d9dfc5030167576fdb2c6a073fa464f6d88e161,2025-02,South Yorkshire Police,South Yorkshire Police,-1.357027,53.343802,On or near Shopping Area,E01008033,Sheffield 061B,Shoplifting,Investigation complete; no suspect identified,
287a55a58be25b571579161aff384d730ba14272d7b2b28c5408446ff065ed03,2025-02,South Yorkshire Police,South Yorkshire Police,-1.357027,53.343802,On or near Shopping Area,E01008033,Sheffield 061B,Shoplifting,Investigation complete; no suspect identified,
59d17f33c11112cbf2245392e283b3cc057771426a3d9557df1fd06263e7f7b5,2025-02,South Yorkshire Police,South Yorkshire Police,-1.358413,53.345553,On or near Drake House Crescent,E01008033,Sheffield 061B,Shoplifting,Investigation complete; no suspect identified,
1fc0b9221ac5963ce4bfa37b3893b371c7f419c73601ca1ba7f76b20fa9b2e61,2025-02,South Yorkshire Police,South Yorkshire Police,-1.357183,53.344307,On or near Shopping Area,E01008033,Sheffield 061B,Shoplifting,Investigation complete; no suspect identified,
6e88060a47e5c7c73654fa050de0f6ede23fe5f8936f2545021c7a60832dae06,2025-02,South Yorkshire Police,South Yorkshire Police,-1.357027,53.343802,On or near Shopping Area,E01008033,Sheffield 061B,Shoplifting,Investigation complete; no suspect identified,
e243a7c45178f561af5aebacef86918b90540990ee68681e9aca0b5f88834fed,2025-02,South Yorkshire Police,South Yorkshire Police,-1.357027,53.343802,On or near Shopping Area,E01008033,Sheffield 061B,Shoplifting,Investigation complete; no suspect identified,
e4268664d009b5a8ab23f613f3959e21817d8639ea5c0518fa2c000be216b9af,2025-02,South Yorkshire Police,South Yorkshire Police,-1.368826,53.343281,On or near Westfield Avenue,E01008033,Sheffield 061B,Vehicle crime,Investigation complete; no suspect identified,
f193d2f49e0f6ee4c251e2ed07d2aebd409d034148151a0a62400817774a162f,2025-02,South Yorkshire Police,South Yorkshire Police,-1.358413,53.345553,On or near Drake House Crescent,E01008033,Sheffield 061B,Violence and sexual offences,Investigation complete; no suspect identified,
9dac3afda436ed62ac9ba714fcbfc1818e249001edf9e9ee8ede28cbfc6e9c98,2025-02,South Yorkshire Police,South Yorkshire Police,-1.369754,53.345488,On or near Church Lane,E01008033,Sheffield 061B,Violence and sexual offences,Unable to prosecute suspect,
,2025-02,South Yorkshire Police,South Yorkshire Police,-1.381068,53.340073,On or near Ravenfield Close,E01008038,Sheffield 061C,Anti-social behaviour,,
f773a40bd104a49781436fc5805e822accdb0d71fcacf9a916d1186ba15bc31a,2025-02,South Yorkshire Police,South Yorkshire Police,-1.380130,53.342630,On or near Redbrook Grove,E01008038,Sheffield 061C,Criminal damage and arson,Investigation complete; no suspect identified,
e90b3933d9c6d5d8f5a6071e4c67df3c624a738338cdf5e100dbcf67cb0f2705,2025-02,South Yorkshire Police,South Yorkshire Police,-1.378667,53.340995,On or near Wooldale Drive,E01008038,Sheffield 061C,Public order,Investigation complete; no suspect identified,
,2025-02,South Yorkshire Police,South Yorkshire Police,-1.368568,53.340358,On or near Edenthorpe Grove,E01008040,Sheffield 061D,Anti-social behaviour,,
5b173fa9f7565c6d6ee8f4cf325aa867112fbb94bcce24ce08662b5d523c50da,2025-02,South Yorkshire Police,South Yorkshire Police,-1.362143,53.341160,On or near Pentland Gardens,E01008040,Sheffield 061D,Criminal damage and arson,Investigation complete; no suspect identified,
b53bab741b63bc651f20b94498257cc0f5fcf8dd5de51d563fbffb7f5d9fee9f,2025-02,South Yorkshire Police,South Yorkshire Police,-1.365765,53.340011,On or near Lundwood Grove,E01008040,Sheffield 061D,Vehicle crime,Investigation complete; no suspect identified,
fd612544e010fb8f07ac2c8bbcd4229149457e6ad4c49efbc974f9d5c9e678dc,2025-02,South Yorkshire Police,South Yorkshire Police,-1.367524,53.340910,On or near Lindholme Gardens,E01008040,Sheffield 061D,Other crime,Awaiting court outcome,
,2025-02,South Yorkshire Police,South Yorkshire Police,-1.421052,53.337586,On or near Arnold Avenue,E01007835,Sheffield 062A,Anti-social behaviour,,
bf0475613c095c20d32c99b9eab3dc0154e8a36a9a64b066e63680da344ddd00,2025-02,South Yorkshire Police,South Yorkshire Police,-1.428763,53.342747,On or near Briarfield Crescent,E01007835,Sheffield 062A,Possession of weapons,Unable to prosecute suspect,
062599f16e0b050b7f3b9ff1ef77e8b4dc70069b5930beb072221cb82358f4a8,2025-02,South Yorkshire Police,South Yorkshire Police,-1.433359,53.341609,On or near Bowman Close,E01007835,Sheffield 062A,Public order,Local resolution,
5c7bab6cd6b1a0bd5c0103c378e82148924946bf92e395bc38d97d76dc3c31c8,2025-02,South Yorkshire Police,South Yorkshire Police,-1.428763,53.342747,On or near Briarfield Crescent,E01007835,Sheffield 062A,Vehicle crime,Investigation complete; no suspect identified,
e6c5e511e4cf8cfbce0556c8df21d8c3d4c43ce9f60b859d193d3b9f89fa1c81,2025-02,South Yorkshire Police,South Yorkshire Police,-1.419302,53.340418,On or near Carterhall Lane,E01007836,Sheffield 062B,Possession of weapons,Action to be taken by another organisation,
76afe68510c74bb83e6d6996413288bb1a0416b32d451eb5b862d02bdd5ead9b,2025-02,South Yorkshire Police,South Yorkshire Police,-1.419302,53.340418,On or near Carterhall Lane,E01007836,Sheffield 062B,Public order,Unable to prosecute suspect,
,2025-02,South Yorkshire Police,South Yorkshire Police,-1.414999,53.348658,On or near Jaunty Crescent,E01007843,Sheffield 062C,Anti-social behaviour,,
,2025-02,South Yorkshire Police,South Yorkshire Police,-1.417745,53.347781,On or near Jaunty Way,E01007843,Sheffield 062C,Anti-social behaviour,,
72d4a3cf455fc40a0f7d2b3c61a8449d77d305092e5afe1e974c248c20591156,2025-02,South Yorkshire Police,South Yorkshire Police,-1.419223,53.346215,On or near Lister Way,E01007843,Sheffield 062C,Drugs,Unable to prosecute suspect,
bd8cba358be8e6bf4c0dd1c7687869fe6a8f341660ba4a90679bea724828f110,2025-02,South Yorkshire Police,South Yorkshire Police,-1.417745,53.347781,On or near Jaunty Way,E01007843,Sheffield 062C,Public order,Unable to prosecute suspect,
b6fd8d23f152a386d361253199ec5e0f7bc9f53d4bf59abf07baae152c6717c2,2025-02,South Yorkshire Police,South Yorkshire Police,-1.410675,53.344079,On or near Jaunty Mount,E01007843,Sheffield 062C,Violence and sexual offences,Unable to prosecute suspect,
702e977e2622a57e35e45d9f456dc9fd68fff35dc0016606d5f4fe5a2e329276,2025-02,South Yorkshire Police,South Yorkshire Police,-1.414999,53.348658,On or near Jaunty Crescent,E01007843,Sheffield 062C,Violence and sexual offences,Unable to prosecute suspect,
cdd803b21f7d55eedfa8ea6846152b1b282b16dd7e0af4abdb040093cf73be7c,2025-02,South Yorkshire Police,South Yorkshire Police,-1.415845,53.347188,On or near Jaunty Avenue,E01007843,Sheffield 062C,Violence and sexual offences,Awaiting court outcome,
f74f1719951fbcbe5a8a6ee7c20b2f7b41a6c3e7b389781f45fea114f51e400c,2025-02,South Yorkshire Police,South Yorkshire Police,-1.417889,53.347663,On or near Supermarket,E01007843,Sheffield 062C,Violence and sexual offences,Unable to prosecute suspect,
8df896bea2422f01f9c302cd6f7ba6ceb4f968f5e10924abd9e6f2bdcec1f9db,2025-02,South Yorkshire Police,South Yorkshire Police,-1.414999,53.348658,On or near Jaunty Crescent,E01007843,Sheffield 062C,Other crime,Unable to prosecute suspect,
7b5b4b60e391eac2ae59fe67c852146df9b76fbd9c5ad21c7217a17a2adb7e61,2025-02,South Yorkshire Police,South Yorkshire Police,-1.410675,53.344079,On or near Jaunty Mount,E01007843,Sheffield 062C,Other crime,Unable to prosecute suspect,
,2025-02,South Yorkshire Police,South Yorkshire Police,-1.424852,53.343141,On or near Charnock Crescent,E01007846,Sheffield 062D,Anti-social behaviour,,
459e7ef334651f6fa50405e855992b6c75a28cad62e2beacb41c6fb163f476e5,2025-02,South Yorkshire Police,South Yorkshire Police,-1.425710,53.340763,On or near Parkstone Delph,E01007846,Sheffield 062D,Burglary,Investigation complete; no suspect identified,
975b6d1667d5d052e31d6804b2e2edb4cd153e99c81da9c105e5bfe3ae81e76c,2025-02,South Yorkshire Police,South Yorkshire Police,-1.425710,53.340763,On or near Parkstone Delph,E01007846,Sheffield 062D,Burglary,Unable to prosecute suspect,
2baad2f5c01efbed45507c654cb647dfd9c2146077960e8ee360f5ceeeee0b4d,2025-02,South Yorkshire Police,South Yorkshire Police,-1.427888,53.342976,On or near Briarfield Avenue,E01007846,Sheffield 062D,Criminal damage and arson,Investigation complete; no suspect identified,
b6afc54dd5de777f1ce5497a8be9c0331686d25185bc8919a3c3ba4e3e3144b4,2025-02,South Yorkshire Police,South Yorkshire Police,-1.426941,53.344149,On or near Brierfield Road,E01007846,Sheffield 062D,Shoplifting,Investigation complete; no suspect identified,
0e0b573026e60a176d0fbd466f246fd11d38715e80591767bb3fdd52c0e79df4,2025-02,South Yorkshire Police,South Yorkshire Police,-1.424457,53.344578,On or near Petrol Station,E01007846,Sheffield 062D,Violence and sexual offences,Unable to prosecute suspect,
390a5109538e6642a92e343d8020492b41cc7e461230bde2785e42c56b29efec,2025-02,South Yorkshire Police,South Yorkshire Police,-1.422266,53.343354,On or near Blossom Crescent,E01007846,Sheffield 062D,Violence and sexual offences,Unable to prosecute suspect,
b7679f9ebdc7934288af3ad70adbcebacbfcc8b251a894ea59d6560ae2856df2,2025-02,South Yorkshire Police,South Yorkshire Police,-1.420133,53.345599,On or near Lister Drive,E01007846,Sheffield 062D,Violence and sexual offences,Unable to prosecute suspect,
18a0f2a67a9b030f20805cbc859a6504dff43173476663c28568f2c78b019152,2025-02,South Yorkshire Police,South Yorkshire Police,-1.424457,53.344578,On or near Petrol Station,E01007846,Sheffield 062D,Violence and sexual offences,Unable to prosecute suspect,
dc5656c132e469786b973d94a78758d379075d142e11de3e5d3f37d3da4944c6,2025-02,South Yorkshire Police,South Yorkshire Police,-1.425710,53.340763,On or near Parkstone Delph,E01007846,Sheffield 062D,Violence and sexual offences,Unable to prosecute suspect,
,2025-02,South Yorkshire Police,South Yorkshire Police,-1.335365,53.346892,On or near High Street,E01008030,Sheffield 063A,Anti-social behaviour,,
,2025-02,South Yorkshire Police,South Yorkshire Police,-1.336359,53.347671,On or near Ivy Lane,E01008030,Sheffield 063A,Anti-social behaviour,,
893c2710edaaee633d0108c87022ffca1dbf04d85da7b1dc489e4ec8a09c9ce9,2025-02,South Yorkshire Police,South Yorkshire Police,-1.339645,53.342071,On or near Portland Road,E01008030,Sheffield 063A,Burglary,Investigation complete; no suspect identified,
d0bb46006cf96833a73a8f0a23a8f59aa9bbefe886edc1da2d1a16451ff2d26f,2025-02,South Yorkshire Police,South Yorkshire Police,-1.334241,53.345763,On or near Garden Walk,E01008030,Sheffield 063A,Criminal damage and arson,Status update unavailable,
717191b9f349635a10a63433758c275c294ffd4de6f024861b566b44746620c1,2025-02,South Yorkshire Police,South Yorkshire Police,-1.336464,53.345748,On or near Tye Road,E01008030,Sheffield 063A,Criminal damage and arson,Investigation complete; no suspect identified,
98badbee9bce935065376386bb8f93a1df4f73f41394e6721734fa5f30c8ffb2,2025-02,South Yorkshire Police,South Yorkshire Police,-1.336464,53.345748,On or near Tye Road,E01008030,Sheffield 063A,Criminal damage and arson,Investigation complete; no suspect identified,
1df89c233e2e271f2554e9088553319960ffa59cf78b286758759c01a6de1c29,2025-02,South Yorkshire Police,South Yorkshire Police,-1.333030,53.346367,On or near Broadcroft Close,E01008030,Sheffield 063A,Criminal damage and arson,Investigation complete; no suspect identified,
f333fc62c7f6c4a309e3d28cd6a43fe7e2de4e1c385098bdff223937b86f1351,2025-02,South Yorkshire Police,South Yorkshire Police,-1.339645,53.342071,On or near Portland Road,E01008030,Sheffield 063A,Possession of weapons,Unable to prosecute suspect,
453d820318841c203b86eea82887e987a58fc19fa38d402ed6e56a972abf44b7,2025-02,South Yorkshire Police,South Yorkshire Police,-1.335365,53.346892,On or near High Street,E01008030,Sheffield 063A,Shoplifting,Investigation complete; no suspect identified,
78fd1c069c18312cfcc81d099215f91ea55c4b8acea97ec1309b1fee79322e71,2025-02,South Yorkshire Police,South Yorkshire Police,-1.336046,53.341701,On or near Stainmore Avenue,E01008030,Sheffield 063A,Vehicle crime,Investigation complete; no suspect identified,
,2025-02,South Yorkshire Police,South Yorkshire Police,-1.330086,53.339645,On or near Meadow Gate Avenue,E01008035,Sheffield 063B,Anti-social behaviour,,
a775d67dd11a7d1f7a8b3d322bfd46c5c55ad9a5327c19e536c4bb0e93417792,2025-02,South Yorkshire Police,South Yorkshire Police,-1.331785,53.336598,On or near Pendle Croft,E01008035,Sheffield 063B,Burglary,Investigation complete; no suspect identified,
c16473c5ea9f253559d5c03e087722c5d27857cb6e493e646a0467a4239be2e3,2025-02,South Yorkshire Police,South Yorkshire Police,-1.331634,53.335681,On or near Bedgebury Close,E01008035,Sheffield 063B,Burglary,Investigation complete; no suspect identified,
cdf15439f1f6f26a9f26d237062e47825a29be664c2d6732f821a0037b5856b6,2025-02,South Yorkshire Police,South Yorkshire Police,-1.330086,53.339645,On or near Meadow Gate Avenue,E01008035,Sheffield 063B,Criminal damage and arson,Investigation complete; no suspect identified,
afaa808c4ac6c9453bf9efb9969f5f716a47a451eb63892688f4cfbbb0cf6094,2025-02,South Yorkshire Police,South Yorkshire Police,-1.330681,53.340008,On or near Calner Croft,E01008035,Sheffield 063B,Criminal damage and arson,Status update unavailable,
8d2e385e88a0b029ef5243a8b3e5d440eee0d67e4835f47928983d26d720749e,2025-02,South Yorkshire Police,South Yorkshire Police,-1.330086,53.339645,On or near Meadow Gate Avenue,E01008035,Sheffield 063B,Violence and sexual offences,Unable to prosecute suspect,
83d481455222638e127db14e140bae21512dbb4321c6c214c721fdd46bc30a03,2025-02,South Yorkshire Police,South Yorkshire Police,-1.330681,53.340008,On or near Calner Croft,E01008035,Sheffield 063B,Violence and sexual offences,Unable to prosecute suspect,
,2025-02,South Yorkshire Police,South Yorkshire Police,-1.335939,53.337961,On or near Hartland Court,E01008036,Sheffield 063C,Anti-social behaviour,,
4218a8a2318cad210e3f91de096db4dca878b4481fb6c724d3fbebe7dc417514,2025-02,South Yorkshire Police,South Yorkshire Police,-1.335939,53.337961,On or near Hartland Court,E01008036,Sheffield 063C,Criminal damage and arson,Investigation complete; no suspect identified,
d9da8aa20f95c89fb6e7360ce02540a48e3bfc286f9e2c96d317bab98f0f342c,2025-02,South Yorkshire Police,South Yorkshire Police,-1.336421,53.338817,On or near Rothbury Close,E01008036,Sheffield 063C,Violence and sexual offences,Unable to prosecute suspect,
a63fbc9680dbac0666f87bb00f37ca26ac8b0ceb29a82150b12074c34ca1c363,2025-02,South Yorkshire Police,South Yorkshire Police,-1.332673,53.342248,On or near School Road,E01008036,Sheffield 063C,Violence and sexual offences,Unable to prosecute suspect,
,2025-02,South Yorkshire Police,South Yorkshire Police,-1.329274,53.335883,On or near Mill Meadow Close,E01008041,Sheffield 063D,Anti-social behaviour,,
6b9d0fa3e2730f5cbf98af5e7d8c4d04c99e6c740cacd8f7df690b5f9030cfd7,2025-02,South Yorkshire Police,South Yorkshire Police,-1.338406,53.335745,On or near Bramshill Close,E01008041,Sheffield 063D,Criminal damage and arson,Status update unavailable,
c8bb2701b0967feac434f3f695ffe39bbf1e09a3148496fa62f9f121b015e9f2,2025-02,South Yorkshire Police,South Yorkshire Police,-1.329269,53.332341,On or near Bus/Coach Station,E01008041,Sheffield 063D,Criminal damage and arson,Investigation complete; no suspect identified,
b14f8be0efba91a1e6e9857b2049b685bd84bcf11b51de147ba3808e295d607b,2025-02,South Yorkshire Police,South Yorkshire Police,-1.333329,53.337784,On or near Dalby Grove,E01008041,Sheffield 063D,Other theft,Investigation complete; no suspect identified,
bab647a879d3d2a1a06f29c2a05e5590186741751cc9a493870bbdc437fe0368,2025-02,South Yorkshire Police,South Yorkshire Police,-1.333818,53.328556,On or near Meadowbrook Park,E01008041,Sheffield 063D,Vehicle crime,Investigation complete; no suspect identified,
5c606b9803b42c70927438713551cf1dea4dbd5181ad2a69647e464d37d0e78f,2025-02,South Yorkshire Police,South Yorkshire Police,-1.339625,53.337568,On or near Willingham Gardens,E01008041,Sheffield 063D,Violence and sexual offences,Local resolution,
21c16c8528add04412234ed8be4719f23c45c952c86cab5fa30fd638bb2ced34,2025-02,South Yorkshire Police,South Yorkshire Police,-1.339625,53.337568,On or near Willingham Gardens,E01008041,Sheffield 063D,Violence and sexual offences,Status update unavailable,
8922cb0e0a9bdc08f7b2526955be57f44efb65948c866683197c56eb570bdb26,2025-02,South Yorkshire Police,South Yorkshire Police,-1.339625,53.337568,On or near Willingham Gardens,E01008041,Sheffield 063D,Violence and sexual offences,Status update unavailable,
af9fa5cfc60af4e92a6d4fef82a3b76e6b5c5380c8b6addc6538fcc81dce30c7,2025-02,South Yorkshire Police,South Yorkshire Police,-1.339625,53.337568,On or near Willingham Gardens,E01008041,Sheffield 063D,Violence and sexual offences,Investigation complete; no suspect identified,
bbd153ab9261b81393909c0f6e7f925fd303149e438130bf64bac6acf5e89688,2025-02,South Yorkshire Police,South Yorkshire Police,-1.339625,53.337568,On or near Willingham Gardens,E01008041,Sheffield 063D,Violence and sexual offences,Status update unavailable,
16d8a3bffa945fe6cdfeb8581ebb6919b6b6179e904071d79d30c76b857f5c8c,2025-02,South Yorkshire Police,South Yorkshire Police,-1.339625,53.337568,On or near Willingham Gardens,E01008041,Sheffield 063D,Violence and sexual offences,Status update unavailable,
,2025-02,South Yorkshire Police,South Yorkshire Police,-1.467990,53.339198,On or near Sports/Recreation Area,E01007827,Sheffield 064A,Anti-social behaviour,,
,2025-02,South Yorkshire Police,South Yorkshire Police,-1.468196,53.340996,On or near Haysden Lane,E01007827,Sheffield 064A,Anti-social behaviour,,
,2025-02,South Yorkshire Police,South Yorkshire Police,-1.466842,53.341161,On or near Shibden Close,E01007827,Sheffield 064A,Anti-social behaviour,,
,2025-02,South Yorkshire Police,South Yorkshire Police,-1.472466,53.339451,On or near Bole Hill,E01007827,Sheffield 064A,Anti-social behaviour,,
0d8b20d7e57e747b8b527c421494af3ba42f3f3a96421a99e082484feedde04a,2025-02,South Yorkshire Police,South Yorkshire Police,-1.472466,53.339451,On or near Bole Hill,E01007827,Sheffield 064A,Public order,Status update unavailable,
be7aba4915653037627ef2935d019679c58257e2aff0baf5ce705028d562fc8e,2025-02,South Yorkshire Police,South Yorkshire Police,-1.466842,53.341161,On or near Shibden Close,E01007827,Sheffield 064A,Public order,Unable to prosecute suspect,
3e59e33cf90898b30a5d0651375a5f5356498189d9b2770c47b7a9ea9dc8b3ca,2025-02,South Yorkshire Police,South Yorkshire Police,-1.471188,53.343194,On or near Supermarket,E01007827,Sheffield 064A,Vehicle crime,Investigation complete; no suspect identified,
4fa2718fe5c6ef7a67ad1bfccc6fa9cf7154d18d750856a8780784713a93da8d,2025-02,South Yorkshire Police,South Yorkshire Police,-1.463716,53.344940,On or near Woodland Road,E01007827,Sheffield 064A,Violence and sexual offences,Status update unavailable,
ee481a7fd868d42aebcce6e37a584e759b5b7cc0025e4e2db942de860c9252bc,2025-02,South Yorkshire Police,South Yorkshire Police,-1.472466,53.339451,On or near Bole Hill,E01007827,Sheffield 064A,Violence and sexual offences,Unable to prosecute suspect,
14726ca146e28b643a2d5e372fac1c29da7a8af63757dd27f6545e9a9245f565,2025-02,South Yorkshire Police,South Yorkshire Police,-1.472466,53.339451,On or near Bole Hill,E01007827,Sheffield 064A,Violence and sexual offences,Unable to prosecute suspect,
85e160fece414767b71436be0a6550934ef00750f1c2d205db7d604cb546876f,2025-02,South Yorkshire Police,South Yorkshire Police,-1.463716,53.344940,On or near Woodland Road,E01007827,Sheffield 064A,Violence and sexual offences,Action to be taken by another organisation,
129e03bee72b0b87f9abfd53642e24d295a2ec7161e59cb91512a796d5be7cda,2025-02,South Yorkshire Police,South Yorkshire Police,-1.471844,53.347224,On or near Norton Lees Crescent,E01007830,Sheffield 064B,Burglary,Investigation complete; no suspect identified,
6c18f966540864db615cbc820313880bcdd6027ec464eb03412302288edb92f9,2025-02,South Yorkshire Police,South Yorkshire Police,-1.473361,53.348480,On or near Chessel Close,E01007830,Sheffield 064B,Burglary,Investigation complete; no suspect identified,
efcf79fe0e819ab458421ee8c1136d906ceff29bb2e4695b58c48e9b942a8016,2025-02,South Yorkshire Police,South Yorkshire Police,-1.471535,53.345532,On or near Norton Lees Close,E01007830,Sheffield 064B,Robbery,Investigation complete; no suspect identified,
60c0a6f20dce99e276e6a25af0ddbc93fdf52dca26186ef73be0ea7d29ec0b12,2025-02,South Yorkshire Police,South Yorkshire Police,-1.471535,53.345532,On or near Norton Lees Close,E01007830,Sheffield 064B,Shoplifting,Investigation complete; no suspect identified,
aa5dc5f69d6d9dd849ecc774c31e73f82f3cbf0e39b5d7d8668a8660d8f3d3b0,2025-02,South Yorkshire Police,South Yorkshire Police,-1.471535,53.345532,On or near Norton Lees Close,E01007830,Sheffield 064B,Shoplifting,Investigation complete; no suspect identified,
505ab1b99da2cdd7cd2b137afa47ef4c8bf9d5ff7b371cfe50fdac8f648f980a,2025-02,South Yorkshire Police,South Yorkshire Police,-1.471535,53.345532,On or near Norton Lees Close,E01007830,Sheffield 064B,Shoplifting,Awaiting court outcome,
2cf52510f27e333bce1cff3755b19dee7178363e187fa3caa95b07c0d9bee1c4,2025-02,South Yorkshire Police,South Yorkshire Police,-1.471535,53.345532,On or near Norton Lees Close,E01007830,Sheffield 064B,Shoplifting,Investigation complete; no suspect identified,
56ee50eb74e2354e8ea2d912d97256e1082b3ff51895324da8f97feca87f1086,2025-02,South Yorkshire Police,South Yorkshire Police,-1.471535,53.345532,On or near Norton Lees Close,E01007830,Sheffield 064B,Shoplifting,Investigation complete; no suspect identified,
4e609350a1e7c6f61ac62964a29659fefddaa3a27035b6852a13d3e7a0dc0c4b,2025-02,South Yorkshire Police,South Yorkshire Police,-1.471535,53.345532,On or near Norton Lees Close,E01007830,Sheffield 064B,Shoplifting,Investigation complete; no suspect identified,
bca0f46e6b170a39487e2c17f7aba6aec40bcad026d46872dad6f3e2e834f729,2025-02,South Yorkshire Police,South Yorkshire Police,-1.471535,53.345532,On or near Norton Lees Close,E01007830,Sheffield 064B,Shoplifting,Investigation complete; no suspect identified,
a16fe19b666ae78ab09b39ed3b1812491c7d77c7e1a4fc532e460e41f012f8b0,2025-02,South Yorkshire Police,South Yorkshire Police,-1.471535,53.345532,On or near Norton Lees Close,E01007830,Sheffield 064B,Shoplifting,Awaiting court outcome,
8fdd96998abcf516f44226b06df9d53fc0dd4e56f8b730aa875e921a4ba6a780,2025-02,South Yorkshire Police,South Yorkshire Police,-1.471535,53.345532,On or near Norton Lees Close,E01007830,Sheffield 064B,Shoplifting,Investigation complete; no suspect identified,
eb7f62b85ad15c62db4a926b58a54c09aa0b25b5b8c23210947140d9bbf259ef,2025-02,South Yorkshire Police,South Yorkshire Police,-1.471535,53.345532,On or near Norton Lees Close,E01007830,Sheffield 064B,Shoplifting,Investigation complete; no suspect identified,
09efd76e122fac81ae5439a6f584b7951e4af486432699cc5c7054d34410b513,2025-02,South Yorkshire Police,South Yorkshire Police,-1.471535,53.345532,On or near Norton Lees Close,E01007830,Sheffield 064B,Shoplifting,Investigation complete; no suspect identified,
a9e42c6c0e2b0652838c0e01f094bf7475dba47d97de649bd6b04f965fdf82e9,2025-02,South Yorkshire Police,South Yorkshire Police,-1.471535,53.345532,On or near Norton Lees Close,E01007830,Sheffield 064B,Shoplifting,Investigation complete; no suspect identified,
564e1eeff34d0a0f9f97bf9c61fb64d4e611cb8aa447bb1c032a315e1cf12641,2025-02,South Yorkshire Police,South Yorkshire Police,-1.471535,53.345532,On or near Norton Lees Close,E01007830,Sheffield 064B,Shoplifting,Investigation complete; no suspect identified,
f95f8632044d2b272aeee23a5e2d4542eb1d3a57fda48a8f04efdf3495bd326b,2025-02,South Yorkshire Police,South Yorkshire Police,-1.471535,53.345532,On or near Norton Lees Close,E01007830,Sheffield 064B,Shoplifting,Investigation complete; no suspect identified,
3bd16091132c6b0a67f2bf1cd5fe7fdea4ab83e24a9b1ef0c4679626031845b2,2025-02,South Yorkshire Police,South Yorkshire Police,-1.471535,53.345532,On or near Norton Lees Close,E01007830,Sheffield 064B,Shoplifting,Investigation complete; no suspect identified,
5992bf43e8fc4aa75b3b01eee9cbc6c980ac397038b03dbd99a56c726ab43775,2025-02,South Yorkshire Police,South Yorkshire Police,-1.471535,53.345532,On or near Norton Lees Close,E01007830,Sheffield 064B,Shoplifting,Investigation complete; no suspect identified,
a9a5b284b8363027d66129617252ec48e51e9d1e5e9736f1db55287a4adfae1b,2025-02,South Yorkshire Police,South Yorkshire Police,-1.471535,53.345532,On or near Norton Lees Close,E01007830,Sheffield 064B,Shoplifting,Investigation complete; no suspect identified,
aa35b12d42ae970a073b79717a308d09d1588e56a52342ef5ee6ede81ddd4d62,2025-02,South Yorkshire Police,South Yorkshire Police,-1.471535,53.345532,On or near Norton Lees Close,E01007830,Sheffield 064B,Shoplifting,Investigation complete; no suspect identified,
eb2f131cdf314399293e347d8fcdad27c0063b6acafcf552af11fa6429efadac,2025-02,South Yorkshire Police,South Yorkshire Police,-1.472523,53.345752,On or near Abbey View Drive,E01007830,Sheffield 064B,Vehicle crime,Investigation complete; no suspect identified,
,2025-02,South Yorkshire Police,South Yorkshire Police,-1.472128,53.329077,On or near Little Norton Way,E01007833,Sheffield 064C,Anti-social behaviour,,
900fa7a0ac3db92fe7392203d8c5912cb79bd5087574c23b8c95b9ce3f57bce9,2025-02,South Yorkshire Police,South Yorkshire Police,-1.477641,53.332606,On or near Meadowhead,E01007833,Sheffield 064C,Violence and sexual offences,Investigation complete; no suspect identified,
2fda713e4b7f4204bae6a8b15279d9569a3b8468f4360da7158b560ad28c407b,2025-02,South Yorkshire Police,South Yorkshire Police,-1.472395,53.329374,On or near Little Norton Avenue,E01007833,Sheffield 064C,Violence and sexual offences,Awaiting court outcome,
151e6d2ec86c705e13594a704f86b8dc538786910ccfc2950197640fcfb98cb1,2025-02,South Yorkshire Police,South Yorkshire Police,-1.470103,53.330155,On or near Norton Park Crescent,E01007833,Sheffield 064C,Other crime,Unable to prosecute suspect,
,2025-02,South Yorkshire Police,South Yorkshire Police,-1.464724,53.349619,On or near Lees Hall Road,E01007984,Sheffield 064D,Anti-social behaviour,,
1d4da9c097e8c55e34f666d8e095437ceb57219a9ee9613be6ec9fe5662106e8,2025-02,South Yorkshire Police,South Yorkshire Police,-1.468293,53.348898,On or near Thorpe House Rise,E01007984,Sheffield 064D,Burglary,Investigation complete; no suspect identified,
479401315457fc505ccb24b2e6c0682d8e42558471bae5f8da9e1c8896900da2,2025-02,South Yorkshire Police,South Yorkshire Police,-1.466788,53.351908,On or near Supermarket,E01007984,Sheffield 064D,Criminal damage and arson,Investigation complete; no suspect identified,
1e1606b1d62ac0aef697204aef63620c5491482a6ba588205b7b5cadfb2747a5,2025-02,South Yorkshire Police,South Yorkshire Police,-1.464685,53.349124,On or near Thorpe House Avenue,E01007984,Sheffield 064D,Criminal damage and arson,Investigation complete; no suspect identified,
8c6621acae98290c4a152a1a11aabeb614c19a7a3c75a26277d7af2f5376dd01,2025-02,South Yorkshire Police,South Yorkshire Police,-1.468293,53.348898,On or near Thorpe House Rise,E01007984,Sheffield 064D,Criminal damage and arson,Investigation complete; no suspect identified,
304c52e9f4546e0820f8a361a7919462728d6368c1a16b3071a84a341e8bc320,2025-02,South Yorkshire Police,South Yorkshire Police,-1.464685,53.349124,On or near Thorpe House Avenue,E01007984,Sheffield 064D,Criminal damage and arson,Investigation complete; no suspect identified,
2ed4cda49688aa660d7645035298aeaeeeda7c81f6886e28172cdac5b1ab600f,2025-02,South Yorkshire Police,South Yorkshire Police,-1.464724,53.349619,On or near Lees Hall Road,E01007984,Sheffield 064D,Other theft,Investigation complete; no suspect identified,
4fbe073a84c3f23743a05fca205c8f30d6f83a6ab5a8a6ee688bfb140283231f,2025-02,South Yorkshire Police,South Yorkshire Police,-1.464046,53.353337,On or near Carfield Place,E01007984,Sheffield 064D,Public order,Investigation complete; no suspect identified,
aff0c32debc5aa61393153dc8615d12ba7ae798fb90c022eda15debf988b030c,2025-02,South Yorkshire Police,South Yorkshire Police,-1.464482,53.350984,On or near Hollythorpe Road,E01007984,Sheffield 064D,Violence and sexual offences,Unable to prosecute suspect,
,2025-02,South Yorkshire Police,South Yorkshire Police,-1.456435,53.335217,On or near School Lane Close,E01008078,Sheffield 064E,Anti-social behaviour,,
,2025-02,South Yorkshire Police,South Yorkshire Police,-1.458434,53.339802,On or near Ivy Court,E01008078,Sheffield 064E,Anti-social behaviour,,
03c9f6a5a7cd8fc7c3d3dc071daae2f99f92922868f533fe03ccc29a578de6bb,2025-02,South Yorkshire Police,South Yorkshire Police,-1.449663,53.340363,On or near Supermarket,E01008078,Sheffield 064E,Public order,Awaiting court outcome,
a5036dfa82157edb27533245a4aa0e79463969bb6463ff24f989da88c3221415,2025-02,South Yorkshire Police,South Yorkshire Police,-1.449663,53.340363,On or near Supermarket,E01008078,Sheffield 064E,Shoplifting,Investigation complete; no suspect identified,
820c7923afc072e390f40db7be58a13743a2680bfd5443669b77f849995b12b1,2025-02,South Yorkshire Police,South Yorkshire Police,-1.449663,53.340363,On or near Supermarket,E01008078,Sheffield 064E,Shoplifting,Awaiting court outcome,
0051129448ca19906a4d60bb420489fa8454c00e52620ec4b68fe1445d6eed4d,2025-02,South Yorkshire Police,South Yorkshire Police,-1.449663,53.340363,On or near Supermarket,E01008078,Sheffield 064E,Shoplifting,Unable to prosecute suspect,
a6927f2da83573c2c88ca2191829180c0f0d73445ec843c3c6bb8f4c70ed313f,2025-02,South Yorkshire Police,South Yorkshire Police,-1.449663,53.340363,On or near Supermarket,E01008078,Sheffield 064E,Shoplifting,Unable to prosecute suspect,
ff829bf543956cf17e9bb4aac533dcb3191457b73154e49a126ab597c6f83fba,2025-02,South Yorkshire Police,South Yorkshire Police,-1.449663,53.340363,On or near Supermarket,E01008078,Sheffield 064E,Shoplifting,Unable to prosecute suspect,
39be29f580603b045eaa8e1d049c4900a08709ab52e549cdbe1f7ed4bfb6f6c6,2025-02,South Yorkshire Police,South Yorkshire Police,-1.449663,53.340363,On or near Supermarket,E01008078,Sheffield 064E,Violence and sexual offences,Unable to prosecute suspect,
5ec9fa7484dddf14f6fe6a79c2f9b86474ab961e0747a86a7722567033f5f189,2025-02,South Yorkshire Police,South Yorkshire Police,-1.449663,53.340363,On or near Supermarket,E01008078,Sheffield 064E,Violence and sexual offences,Unable to prosecute suspect,
0b17f738db57968fa8b9a3fad3f0f660e66508d6c3b008fd15ea9dd670bc2e9a,2025-02,South Yorkshire Police,South Yorkshire Police,-1.449663,53.340363,On or near Supermarket,E01008078,Sheffield 064E,Violence and sexual offences,Unable to prosecute suspect,
f3e119533a7327db7666b0d805413631c9abadffe65375e81ddc441d1e4bfd3f,2025-02,South Yorkshire Police,South Yorkshire Police,-1.449663,53.340363,On or near Supermarket,E01008078,Sheffield 064E,Other crime,Unable to prosecute suspect,
,2025-02,South Yorkshire Police,South Yorkshire Police,-1.467567,53.327724,On or near Shopping Area,E01008079,Sheffield 064F,Anti-social behaviour,,
,2025-02,South Yorkshire Police,South Yorkshire Police,-1.467567,53.327724,On or near Shopping Area,E01008079,Sheffield 064F,Anti-social behaviour,,
,2025-02,South Yorkshire Police,South Yorkshire Police,-1.467567,53.327724,On or near Shopping Area,E01008079,Sheffield 064F,Anti-social behaviour,,
,2025-02,South Yorkshire Police,South Yorkshire Police,-1.467567,53.327724,On or near Shopping Area,E01008079,Sheffield 064F,Anti-social behaviour,,
,2025-02,South Yorkshire Police,South Yorkshire Police,-1.467567,53.327724,On or near Shopping Area,E01008079,Sheffield 064F,Anti-social behaviour,,
,2025-02,South Yorkshire Police,South Yorkshire Police,-1.467567,53.327724,On or near Shopping Area,E01008079,Sheffield 064F,Anti-social behaviour,,
,2025-02,South Yorkshire Police,South Yorkshire Police,-1.467064,53.331787,On or near Norton Park View,E01008079,Sheffield 064F,Anti-social behaviour,,
,2025-02,South Yorkshire Police,South Yorkshire Police,-1.467567,53.327724,On or near Shopping Area,E01008079,Sheffield 064F,Anti-social behaviour,,
,2025-02,South Yorkshire Police,South Yorkshire Police,-1.467567,53.327724,On or near Shopping Area,E01008079,Sheffield 064F,Anti-social behaviour,,
,2025-02,South Yorkshire Police,South Yorkshire Police,-1.467567,53.327724,On or near Shopping Area,E01008079,Sheffield 064F,Anti-social behaviour,,
,2025-02,South Yorkshire Police,South Yorkshire Police,-1.467567,53.327724,On or near Shopping Area,E01008079,Sheffield 064F,Anti-social behaviour,,
,2025-02,South Yorkshire Police,South Yorkshire Police,-1.474764,53.327210,On or near Petrol Station,E01008079,Sheffield 064F,Anti-social behaviour,,
,2025-02,South Yorkshire Police,South Yorkshire Police,-1.474764,53.327210,On or near Petrol Station,E01008079,Sheffield 064F,Anti-social behaviour,,
cfd51c7ddff2421a75f3b3363446894e5e996019418e624a168a76f8c1e01c3f,2025-02,South Yorkshire Police,South Yorkshire Police,-1.467567,53.327724,On or near Shopping Area,E01008079,Sheffield 064F,Bicycle theft,Investigation complete; no suspect identified,
c8da9d65aeb40de3a1028742daad79383364cf2b682f30cddfd64ff4d1685d6f,2025-02,South Yorkshire Police,South Yorkshire Police,-1.467567,53.327724,On or near Shopping Area,E01008079,Sheffield 064F,Bicycle theft,Investigation complete; no suspect identified,
bd8885b166917ec7c4f05c9adf42f9b7600331c554082e0b7a7be5b9387fcd29,2025-02,South Yorkshire Police,South Yorkshire Police,-1.467567,53.327724,On or near Shopping Area,E01008079,Sheffield 064F,Other theft,Investigation complete; no suspect identified,
b7099923f0f7a74711e015bd82e56e41057ed5897bb2f7cadd1c04ee6e829843,2025-02,South Yorkshire Police,South Yorkshire Police,-1.467567,53.327724,On or near Shopping Area,E01008079,Sheffield 064F,Public order,Investigation complete; no suspect identified,
1db8731ea23538782c417fcd053934d45551bf40b58dab443209b0d377147264,2025-02,South Yorkshire Police,South Yorkshire Police,-1.467567,53.327724,On or near Shopping Area,E01008079,Sheffield 064F,Public order,Unable to prosecute suspect,
d3ca40f6a6415060520c2694aa4c72b698f014505a7146c6f2af0b0eeb181ea3,2025-02,South Yorkshire Police,South Yorkshire Police,-1.467567,53.327724,On or near Shopping Area,E01008079,Sheffield 064F,Robbery,Investigation complete; no suspect identified,
e58272e97a44c592411ef5e8ca6dd3e66eb73172eb352471d8c23393b317e83b,2025-02,South Yorkshire Police,South Yorkshire Police,-1.467567,53.327724,On or near Shopping Area,E01008079,Sheffield 064F,Shoplifting,Unable to prosecute suspect,
e2ff40d175e3c78c4d4d5361e5efe0376f4ebcb20e3506c3ac54384020983a6e,2025-02,South Yorkshire Police,South Yorkshire Police,-1.467567,53.327724,On or near Shopping Area,E01008079,Sheffield 064F,Shoplifting,Awaiting court outcome,
00f075bbba5297701ef6c39e4d09c3eb2a1bc83f98214a7f575922c7034fb9d2,2025-02,South Yorkshire Police,South Yorkshire Police,-1.467567,53.327724,On or near Shopping Area,E01008079,Sheffield 064F,Shoplifting,Investigation complete; no suspect identified,
8be44a8a306f570c1d67d67c9d524c8856337541401c316c2de0377b8be2d890,2025-02,South Yorkshire Police,South Yorkshire Police,-1.467567,53.327724,On or near Shopping Area,E01008079,Sheffield 064F,Shoplifting,Awaiting court outcome,
2173c0fcdee45e7e9d2cb5131ca4b03cb801391d9855a89a463e63cf353df90e,2025-02,South Yorkshire Police,South Yorkshire Police,-1.467567,53.327724,On or near Shopping Area,E01008079,Sheffield 064F,Shoplifting,Awaiting court outcome,
e8683270cfe1a03adf2cc812c7d634597e620eca3bfce9aa8f0d5acf606e722f,2025-02,South Yorkshire Police,South Yorkshire Police,-1.474764,53.327210,On or near Petrol Station,E01008079,Sheffield 064F,Shoplifting,Awaiting court outcome,
679d8bc73cd775856b756fabaff0576e38339a5e665f322aa473bd6069813daf,2025-02,South Yorkshire Police,South Yorkshire Police,-1.467567,53.327724,On or near Shopping Area,E01008079,Sheffield 064F,Shoplifting,Investigation complete; no suspect identified,
19ad5a2e92d851c007e60036bbd68d5c90a33b3288181a7dc5b5360c7ea57c6a,2025-02,South Yorkshire Police,South Yorkshire Police,-1.467567,53.327724,On or near Shopping Area,E01008079,Sheffield 064F,Shoplifting,Investigation complete; no suspect identified,
6bf25d4523b26a7a4c051a1847f009ce7bceedfdf85a5cf6d6986356631aa7f5,2025-02,South Yorkshire Police,South Yorkshire Police,-1.472380,53.328170,On or near Hunstone Avenue,E01008079,Sheffield 064F,Vehicle crime,Unable to prosecute suspect,
49182e743dca4bdab639c3885336d0a966125caac2aeec614bb652e8b84809ae,2025-02,South Yorkshire Police,South Yorkshire Police,-1.464733,53.329736,On or near Bochum Parkway,E01008079,Sheffield 064F,Violence and sexual offences,Unable to prosecute suspect,
d3d8e34f895a7743c1c57c89bad01da65a2b366511d919ccca9181d0c617ad5d,2025-02,South Yorkshire Police,South Yorkshire Police,-1.467567,53.327724,On or near Shopping Area,E01008079,Sheffield 064F,Violence and sexual offences,Unable to prosecute suspect,
ce288c0c6607b03141eb84fe1dd75ce5191b553d784f07c5dc1c52171dbdcb3c,2025-02,South Yorkshire Police,South Yorkshire Police,-1.467064,53.331787,On or near Norton Park View,E01008079,Sheffield 064F,Violence and sexual offences,Unable to prosecute suspect,
0b792c8620e8fd28aa2b74e6f079c8e88b075584c1f59104caf10a8052f1bbc0,2025-02,South Yorkshire Police,South Yorkshire Police,-1.467567,53.327724,On or near Shopping Area,E01008079,Sheffield 064F,Violence and sexual offences,Unable to prosecute suspect,
a461c12294f591b7852b2716bbf5c9ac5cdd7a5b013895022990f9232788aec5,2025-02,South Yorkshire Police,South Yorkshire Police,-1.464733,53.329736,On or near Bochum Parkway,E01008079,Sheffield 064F,Violence and sexual offences,Unable to prosecute suspect,
605b434f7fcb99ef9e4af2b4badb6bab8ea43403472fd84836377b5608fc3b22,2025-02,South Yorkshire Police,South Yorkshire Police,-1.474764,53.327210,On or near Petrol Station,E01008079,Sheffield 064F,Other crime,Unable to prosecute suspect,
,2025-02,South Yorkshire Police,South Yorkshire Police,-1.342696,53.327301,On or near James Walton Court,E01008019,Sheffield 065A,Anti-social behaviour,,
,2025-02,South Yorkshire Police,South Yorkshire Police,-1.343849,53.328476,On or near Parking Area,E01008019,Sheffield 065A,Anti-social behaviour,,
10866996bd98fa4014a0231d5c897b529689aa569c86057799c4893a51128731,2025-02,South Yorkshire Police,South Yorkshire Police,-1.351746,53.328511,On or near Garland Close,E01008019,Sheffield 065A,Burglary,Unable to prosecute suspect,
cadb3ffe1926bef65d4e0fe9694da2e703422453e7da67c8376a4e9c9c406df1,2025-02,South Yorkshire Police,South Yorkshire Police,-1.340759,53.332208,On or near Holbrook Avenue,E01008019,Sheffield 065A,Burglary,Investigation complete; no suspect identified,
324dc2cc6a3e55ef6fe412f30e3f1e5aeb62a3b5c8cd94bef683770db2d1887b,2025-02,South Yorkshire Police,South Yorkshire Police,-1.349367,53.328992,On or near Shortbrook Way,E01008019,Sheffield 065A,Criminal damage and arson,Investigation complete; no suspect identified,
bad1373a4278f33782504371d0eddfaac23389b5572eb2386cb8cb7c062ec4e4,2025-02,South Yorkshire Police,South Yorkshire Police,-1.345410,53.328503,On or near Halfway Close,E01008019,Sheffield 065A,Criminal damage and arson,Investigation complete; no suspect identified,
9601c67561ac9cad9bd99081e0e4bda2f4558f868ff0d7924c187352471c2e1b,2025-02,South Yorkshire Police,South Yorkshire Police,-1.337982,53.327293,On or near Petrol Station,E01008019,Sheffield 065A,Other theft,Local resolution,
19ac208b5ecd25b34f37484a597ae4cdf26b46da9cfe9580b082f23226262f1e,2025-02,South Yorkshire Police,South Yorkshire Police,-1.333174,53.327491,On or near B6058,E01008019,Sheffield 065A,Other theft,Investigation complete; no suspect identified,
4be7f279c9b50f53937230981b8832848bd42f5dde1af8377292792b460485ab,2025-02,South Yorkshire Police,South Yorkshire Police,-1.340733,53.327992,On or near South View,E01008019,Sheffield 065A,Possession of weapons,Unable to prosecute suspect,
4f62ecb48ea4a241123b88a2e90d7f1c69afbd6706e341434f4934ffedce8df3,2025-02,South Yorkshire Police,South Yorkshire Police,-1.345410,53.328503,On or near Halfway Close,E01008019,Sheffield 065A,Public order,Local resolution,
0af237d8a9139d4c8080038d4c65753bbd03517d1110631e179ae30a6bfc4d0b,2025-02,South Yorkshire Police,South Yorkshire Police,-1.346509,53.329291,On or near Eastcroft Close,E01008019,Sheffield 065A,Vehicle crime,Investigation complete; no suspect identified,
e5827de58ea09599ac8b99ca169926baa24c0fab926cfe1f827bf82c4a8f5d64,2025-02,South Yorkshire Police,South Yorkshire Police,-1.350166,53.329715,On or near Shortbrook Bank,E01008019,Sheffield 065A,Violence and sexual offences,Investigation complete; no suspect identified,
43d1c342568cad2d36a06b33d62f0b10383c0ebaf96f539c619aa303daa466b1,2025-02,South Yorkshire Police,South Yorkshire Police,-1.349879,53.329876,On or near Shortbrook Drive,E01008019,Sheffield 065A,Violence and sexual offences,Unable to prosecute suspect,
87a1a29eaf8a291a3803199a6392c81ace2597d873874ae429cae13018c2a263,2025-02,South Yorkshire Police,South Yorkshire Police,-1.349879,53.329876,On or near Shortbrook Drive,E01008019,Sheffield 065A,Violence and sexual offences,Unable to prosecute suspect,
8bcaeb146102161fe9880488b73b31916f118c63b23199c33739b07e7070fba5,2025-02,South Yorkshire Police,South Yorkshire Police,-1.349367,53.328992,On or near Shortbrook Way,E01008019,Sheffield 065A,Violence and sexual offences,Unable to prosecute suspect,
665268b119277eae908376a3bf121a20bb95b67d58ec19de41ab86315aa6eeb1,2025-02,South Yorkshire Police,South Yorkshire Police,-1.347962,53.329560,On or near Shortbrook Close,E01008019,Sheffield 065A,Violence and sexual offences,Unable to prosecute suspect,
951d7b96e6dc1020e6beaba87d45bb2f02fa6351a277360d5ad8f6e5d90faf95,2025-02,South Yorkshire Police,South Yorkshire Police,-1.349367,53.328992,On or near Shortbrook Way,E01008019,Sheffield 065A,Violence and sexual offences,Unable to prosecute suspect,
4b75e7a969e2ca1d4cc1435869d3fcf4ef3cd9f382549723894b038b0e29528b,2025-02,South Yorkshire Police,South Yorkshire Police,-1.345493,53.327038,On or near Station Road,E01008019,Sheffield 065A,Violence and sexual offences,Unable to prosecute suspect,
26e4a2c9deee47a6ce1bec34acea312755993542f2e4cc3df774f1eb9095813d,2025-02,South Yorkshire Police,South Yorkshire Police,-1.349367,53.328992,On or near Shortbrook Way,E01008019,Sheffield 065A,Violence and sexual offences,Investigation complete; no suspect identified,
a83047ea3dac66a3226897762f30cea0a358ca1810bf92922fe94e5be40bfb61,2025-02,South Yorkshire Police,South Yorkshire Police,-1.349879,53.329876,On or near Shortbrook Drive,E01008019,Sheffield 065A,Violence and sexual offences,Unable to prosecute suspect,
7aff751693a4b36a3466937358295ec3f7585f058f73b960b84529ecbb89d4e7,2025-02,South Yorkshire Police,South Yorkshire Police,-1.340733,53.327992,On or near South View,E01008019,Sheffield 065A,Violence and sexual offences,Unable to prosecute suspect,
b80702e22fc3f337f15614e9634b5080fc5979a1542c21a9534a880cdde9cb4a,2025-02,South Yorkshire Police,South Yorkshire Police,-1.348196,53.328959,On or near Shortbrook Croft,E01008019,Sheffield 065A,Other crime,Unable to prosecute suspect,
22c17acbfd7d9af00b3f2f0818bbeb0168d404b4c293167f566bed9682b9b392,2025-02,South Yorkshire Police,South Yorkshire Police,-1.349879,53.329876,On or near Shortbrook Drive,E01008019,Sheffield 065A,Other crime,Unable to prosecute suspect,
8949f49b2a9b518207efffc757c6f431f19a0dc06a60dad82ed73162e420d862,2025-02,South Yorkshire Police,South Yorkshire Police,-1.349879,53.329876,On or near Shortbrook Drive,E01008019,Sheffield 065A,Other crime,Awaiting court outcome,
61ee91e41e8718000a1b749df9d0c0929783371f92da1e92b4e5f4b9f119bc40,2025-02,South Yorkshire Police,South Yorkshire Police,-1.357294,53.336028,On or near Hawthorn Avenue,E01008020,Sheffield 065B,Violence and sexual offences,Unable to prosecute suspect,
,2025-02,South Yorkshire Police,South Yorkshire Police,-1.352366,53.333197,On or near Pedley Avenue,E01008022,Sheffield 065C,Anti-social behaviour,,
,2025-02,South Yorkshire Police,South Yorkshire Police,-1.350476,53.332072,On or near Inkersall Drive,E01008022,Sheffield 065C,Anti-social behaviour,,
,2025-02,South Yorkshire Police,South Yorkshire Police,-1.352071,53.334858,On or near May Tree Lane,E01008022,Sheffield 065C,Anti-social behaviour,,
98a93131d575eab3cb7b45cb6c239ddd00c8938325647a286c3bf7abbe1fd4d5,2025-02,South Yorkshire Police,South Yorkshire Police,-1.352012,53.332764,On or near Pedley Drive,E01008022,Sheffield 065C,Criminal damage and arson,Investigation complete; no suspect identified,
da324de103da068504e73f4d0346f37ad6e04d95fe032363ad1b8a7d7c8dd5c4,2025-02,South Yorkshire Police,South Yorkshire Police,-1.352012,53.332764,On or near Pedley Drive,E01008022,Sheffield 065C,Criminal damage and arson,Unable to prosecute suspect,
91a26a2a750bd1ce0913659a1276b8a23de4b2322452c1a65ba912aa59635a20,2025-02,South Yorkshire Police,South Yorkshire Police,-1.351373,53.331340,On or near Cowley Gardens,E01008022,Sheffield 065C,Criminal damage and arson,Awaiting court outcome,
2f59fd1553792933245d2adbe1fa369c8df7fc915b6c5a6b7204058b10e2b59b,2025-02,South Yorkshire Police,South Yorkshire Police,-1.349195,53.332362,On or near Challoner Green,E01008022,Sheffield 065C,Possession of weapons,Unable to prosecute suspect,
d5b34d04110d5a1af706557461a8ae6abaaf020840ebd831e546c7c038f421f9,2025-02,South Yorkshire Police,South Yorkshire Police,-1.350476,53.332072,On or near Inkersall Drive,E01008022,Sheffield 065C,Violence and sexual offences,Unable to prosecute suspect,
0e0de56faf4ff0881a1032da476d5ee0b41d03294ad3b859437d3cab00015dfa,2025-02,South Yorkshire Police,South Yorkshire Police,-1.349195,53.332362,On or near Challoner Green,E01008022,Sheffield 065C,Violence and sexual offences,Investigation complete; no suspect identified,
caf23a1d318c0c39dd8b04b7f5c021b0721f743f7fc92dfc8fd3a7bbc84b2d95,2025-02,South Yorkshire Police,South Yorkshire Police,-1.349996,53.331036,On or near Westfield Centre,E01008022,Sheffield 065C,Violence and sexual offences,Awaiting court outcome,
153893a40c45030485205e7e0a822f830ef0e9b1adfa2b32c96e693bd4ea51cc,2025-02,South Yorkshire Police,South Yorkshire Police,-1.351373,53.331340,On or near Cowley Gardens,E01008022,Sheffield 065C,Violence and sexual offences,Unable to prosecute suspect,
a39be4a522c28ef805246f4b1f7eea53f14dc78ae0c3807ccf62aaab9490de27,2025-02,South Yorkshire Police,South Yorkshire Police,-1.351373,53.331340,On or near Cowley Gardens,E01008022,Sheffield 065C,Violence and sexual offences,Unable to prosecute suspect,
a793fb0a07485869db089e6e9016b149292dd1379dceaefa7c589fa67ed0a455,2025-02,South Yorkshire Police,South Yorkshire Police,-1.351373,53.331340,On or near Cowley Gardens,E01008022,Sheffield 065C,Violence and sexual offences,Unable to prosecute suspect,
76058dfb91640c3d34fa5f61289022b2f7d8d4d5196486d6d05b10d335effcef,2025-02,South Yorkshire Police,South Yorkshire Police,-1.349996,53.331036,On or near Westfield Centre,E01008022,Sheffield 065C,Violence and sexual offences,Awaiting court outcome,
a9b3b38d44652295f39911c29c3cc7125e1e3d51dba9e698d83f3899044c2ba0,2025-02,South Yorkshire Police,South Yorkshire Police,-1.351373,53.331340,On or near Cowley Gardens,E01008022,Sheffield 065C,Violence and sexual offences,Unable to prosecute suspect,
,2025-02,South Yorkshire Police,South Yorkshire Police,-1.349325,53.325837,On or near Park View Avenue,E01008027,Sheffield 065D,Anti-social behaviour,,
,2025-02,South Yorkshire Police,South Yorkshire Police,-1.360061,53.324762,On or near Olive Road,E01008027,Sheffield 065D,Anti-social behaviour,,
,2025-02,South Yorkshire Police,South Yorkshire Police,-1.353738,53.323892,On or near Streetfields,E01008027,Sheffield 065D,Anti-social behaviour,,
90240825a285ff0584489c845df908ec34870d038772924165c263005843824c,2025-02,South Yorkshire Police,South Yorkshire Police,-1.353612,53.325258,On or near Knowle Top,E01008027,Sheffield 065D,Public order,Unable to prosecute suspect,
9a20d29146fec3afd044cc0a44321df07f795382dc38c443a2effba7315ae31a,2025-02,South Yorkshire Police,South Yorkshire Police,-1.353612,53.325258,On or near Knowle Top,E01008027,Sheffield 065D,Violence and sexual offences,Unable to prosecute suspect,
61ae336a4801e2ce1ae890aa667ab0ed020af46fc18d41438d593af0a4a9808a,2025-02,South Yorkshire Police,South Yorkshire Police,-1.353738,53.323892,On or near Streetfields,E01008027,Sheffield 065D,Violence and sexual offences,Unable to prosecute suspect,
98cc4870f0d560e89922a92e9d7a30813be3ef1ad3aab2d03ed5c25dec0660e2,2025-02,South Yorkshire Police,South Yorkshire Police,-1.355888,53.324668,On or near Malham Gardens,E01008027,Sheffield 065D,Violence and sexual offences,Unable to prosecute suspect,
5aae11bea097b2bd4177809551008fffaacc258e2271e8952c32bd3f23b3be41,2025-02,South Yorkshire Police,South Yorkshire Police,-1.362055,53.325896,On or near Stone Street,E01008027,Sheffield 065D,Other crime,Unable to prosecute suspect,
751e1e670e8e38d9223811646179c4eb5e129f91aace017b3058bb93c665bbbb,2025-02,South Yorkshire Police,South Yorkshire Police,-1.349546,53.326063,On or near Manor View,E01008027,Sheffield 065D,Other crime,Status update unavailable,
,2025-02,South Yorkshire Police,South Yorkshire Police,-1.356794,53.343315,On or near Waterthorpe Greenway,E01008037,Sheffield 065E,Anti-social behaviour,,
,2025-02,South Yorkshire Police,South Yorkshire Police,-1.355910,53.341144,On or near Purbeck Court,E01008037,Sheffield 065E,Anti-social behaviour,,
6b37d3ac888d1378d127c9a16a509b8aa76ebc45ede9da1df4302cdf679c6c93,2025-02,South Yorkshire Police,South Yorkshire Police,-1.353625,53.338354,On or near Raseby Close,E01008037,Sheffield 065E,Criminal damage and arson,Unable to prosecute suspect,
116a0b15f295b2d85381ad2f38507e06525ba5a2ea7df466ca5197145214a7a5,2025-02,South Yorkshire Police,South Yorkshire Police,-1.348156,53.339448,On or near Beckton Avenue,E01008037,Sheffield 065E,Criminal damage and arson,Investigation complete; no suspect identified,
c4509b0fe0c49d2899ac99d37859172039ac587e1fda283e1f79a9469bd5dd22,2025-02,South Yorkshire Police,South Yorkshire Police,-1.353625,53.338354,On or near Raseby Close,E01008037,Sheffield 065E,Criminal damage and arson,Status update unavailable,
bab70d5f5b0eb19afe1f5b23e08cf886b66ac9f71d1db9bcacb55bd98bdadf10,2025-02,South Yorkshire Police,South Yorkshire Police,-1.350120,53.341652,On or near Supermarket,E01008037,Sheffield 065E,Other theft,Investigation complete; no suspect identified,
6305f57ba090f9a6b8569096ce04ae80b275859380681d9f93fa8f34e46c5041,2025-02,South Yorkshire Police,South Yorkshire Police,-1.350120,53.341652,On or near Supermarket,E01008037,Sheffield 065E,Other theft,Investigation complete; no suspect identified,
0b61be7af76fc2d4df302c6e16e22d6daa84a6f5b64796f452b9b04dfe480a06,2025-02,South Yorkshire Police,South Yorkshire Police,-1.356719,53.338326,On or near Booth Close,E01008037,Sheffield 065E,Public order,Status update unavailable,
57e63d9985e02b1335d15c74a511946fbf500b2ca1b3138b376095b46249642d,2025-02,South Yorkshire Police,South Yorkshire Police,-1.355308,53.338247,On or near Thorpe Green,E01008037,Sheffield 065E,Robbery,Investigation complete; no suspect identified,
7fd1194b20e728126672bfb154bb87d5d965ca1d8cbaff26157b17467ca0eafe,2025-02,South Yorkshire Police,South Yorkshire Police,-1.350825,53.342690,On or near Shopping Area,E01008037,Sheffield 065E,Shoplifting,Investigation complete; no suspect identified,
77af274917378e23f5772a7e910a7b9cee520cf0b159bd045f89fe9aaa5f22e6,2025-02,South Yorkshire Police,South Yorkshire Police,-1.350825,53.342690,On or near Shopping Area,E01008037,Sheffield 065E,Shoplifting,Awaiting court outcome,
cfa4354335132accdacc653e14ced42dedc6161997534eaa4afb8262f1716f34,2025-02,South Yorkshire Police,South Yorkshire Police,-1.350825,53.342690,On or near Shopping Area,E01008037,Sheffield 065E,Shoplifting,Awaiting court outcome,
a6bc82eece6b210052d2a7a48e8de6161dc95aedaf381847ecfff5b01cb8705c,2025-02,South Yorkshire Police,South Yorkshire Police,-1.350825,53.342690,On or near Shopping Area,E01008037,Sheffield 065E,Shoplifting,Awaiting court outcome,
f5e31a8b7e0189adaf3eee16d1e808e14994ca88fe48706f32b7b7730ecfc6f8,2025-02,South Yorkshire Police,South Yorkshire Police,-1.350825,53.342690,On or near Shopping Area,E01008037,Sheffield 065E,Shoplifting,Investigation complete; no suspect identified,
49b004f7477a88074276b016aa5f845c2fe6a5872af1c838e90b47946a1eaa69,2025-02,South Yorkshire Police,South Yorkshire Police,-1.350825,53.342690,On or near Shopping Area,E01008037,Sheffield 065E,Shoplifting,Local resolution,
e678878398095010948e2dd11aeb46e4a44d03c8db408ac8e2a2d398bdcd640f,2025-02,South Yorkshire Police,South Yorkshire Police,-1.350825,53.342690,On or near Shopping Area,E01008037,Sheffield 065E,Shoplifting,Investigation complete; no suspect identified,
fa3609d4d2ae453a4188464ef3fcc4eefcc6e18ed69b89d865c0ca91db41568d,2025-02,South Yorkshire Police,South Yorkshire Police,-1.350825,53.342690,On or near Shopping Area,E01008037,Sheffield 065E,Shoplifting,Local resolution,
b77b6722ae471a1fd9732708b69a97996dcc0e397ab8df4bc21fa55bf75d7c14,2025-02,South Yorkshire Police,South Yorkshire Police,-1.350825,53.342690,On or near Shopping Area,E01008037,Sheffield 065E,Shoplifting,Local resolution,
9b473ac77f751f13ac977b9f4560421d73ebf5b301d9ec5fdd93978fc9f81ca7,2025-02,South Yorkshire Police,South Yorkshire Police,-1.350825,53.342690,On or near Shopping Area,E01008037,Sheffield 065E,Shoplifting,Investigation complete; no suspect identified,
30393f2e46f315bfd20f46fd437afd48ea832c12ac66c8bc465947245b643736,2025-02,South Yorkshire Police,South Yorkshire Police,-1.350825,53.342690,On or near Shopping Area,E01008037,Sheffield 065E,Shoplifting,Investigation complete; no suspect identified,
b2d8931544ddd59147c18c258c1ab654487380bad957474e0ce319813c71bd94,2025-02,South Yorkshire Police,South Yorkshire Police,-1.350825,53.342690,On or near Shopping Area,E01008037,Sheffield 065E,Shoplifting,Local resolution,
5436eea65a8089275a8168557a9e474245b88fffe2fd8c966801a6dc9d714d94,2025-02,South Yorkshire Police,South Yorkshire Police,-1.350825,53.342690,On or near Shopping Area,E01008037,Sheffield 065E,Shoplifting,Investigation complete; no suspect identified,
ce48c050eba6d107acdf630f5fda21e70060b4523055360a4cdb31b5b4ec31eb,2025-02,South Yorkshire Police,South Yorkshire Police,-1.350120,53.341652,On or near Supermarket,E01008037,Sheffield 065E,Shoplifting,Investigation complete; no suspect identified,
d13b457d7e854325824860caa189ef646ba40d4e132c43c9fa1348a5034bf459,2025-02,South Yorkshire Police,South Yorkshire Police,-1.350825,53.342690,On or near Shopping Area,E01008037,Sheffield 065E,Shoplifting,Awaiting court outcome,
d6cbd15ae017abe5e1f2505bd421d2d445a6bb135e5301fe483b0da933aa0173,2025-02,South Yorkshire Police,South Yorkshire Police,-1.350825,53.342690,On or near Shopping Area,E01008037,Sheffield 065E,Shoplifting,Awaiting court outcome,
ebeb7384da01e4c6c1d7354568cde6b971baeb4e80044202ef13d9af76d8cf8f,2025-02,South Yorkshire Police,South Yorkshire Police,-1.350825,53.342690,On or near Shopping Area,E01008037,Sheffield 065E,Shoplifting,Awaiting court outcome,
be411bc0a09c138c9516c545b738088795b370b3f19eb22aeae2353d834c3de9,2025-02,South Yorkshire Police,South Yorkshire Police,-1.350825,53.342690,On or near Shopping Area,E01008037,Sheffield 065E,Shoplifting,Local resolution,
2a7c2b64dfb57a922d872580185f1f6ba4d4d5d33585cf4f495f6b03ac8d1c04,2025-02,South Yorkshire Police,South Yorkshire Police,-1.350825,53.342690,On or near Shopping Area,E01008037,Sheffield 065E,Shoplifting,Local resolution,
cbacadd57fcb94afa0f8eeffbc904273c2974439f9fd6143bacd2965758877ae,2025-02,South Yorkshire Police,South Yorkshire Police,-1.356719,53.338326,On or near Booth Close,E01008037,Sheffield 065E,Violence and sexual offences,Status update unavailable,
,2025-02,South Yorkshire Police,South Yorkshire Police,-1.340627,53.340728,On or near Orchard Lane,E01008039,Sheffield 065F,Anti-social behaviour,,
,2025-02,South Yorkshire Police,South Yorkshire Police,-1.346763,53.340187,On or near Beckton Court,E01008039,Sheffield 065F,Anti-social behaviour,,
8f645fe9e707c8f767dd4067ade7105ca1a38dff7570f0b893c4dc70d87ae33c,2025-02,South Yorkshire Police,South Yorkshire Police,-1.346763,53.340187,On or near Beckton Court,E01008039,Sheffield 065F,Criminal damage and arson,Unable to prosecute suspect,
6193fac7a41dd457234f80a6b30bce67c667914f76004bd9e101d5d5059aace5,2025-02,South Yorkshire Police,South Yorkshire Police,-1.342424,53.342087,On or near Allen Road,E01008039,Sheffield 065F,Criminal damage and arson,Investigation complete; no suspect identified,
bedb555dd6473bae7eafddcd2f3fc00a6b8566cbc015f62d2a6380a68c1d6629,2025-02,South Yorkshire Police,South Yorkshire Police,-1.348387,53.335162,On or near Sandy Acres Drive,E01008039,Sheffield 065F,Vehicle crime,Investigation complete; no suspect identified,
9b1273af4866c7bf30a5f1a85a5b11061bdc2ed50da4c9ed5bda042ce9c70984,2025-02,South Yorkshire Police,South Yorkshire Police,-1.341729,53.341346,On or near Cross Allen Road,E01008039,Sheffield 065F,Vehicle crime,Investigation complete; no suspect identified,
f9ea990772bf48d557a5f78f8f58363a5d376971a1b2484beb37393b4df4924e,2025-02,South Yorkshire Police,South Yorkshire Police,-1.341729,53.341346,On or near Cross Allen Road,E01008039,Sheffield 065F,Violence and sexual offences,Unable to prosecute suspect,
2f2cbf98ce1f69d85f5edf7cb0df6b907b0332bcf51985cb09054d49e9e322d5,2025-02,South Yorkshire Police,South Yorkshire Police,-1.487379,53.329458,On or near Bocking Rise,E01007824,Sheffield 066A,Burglary,Investigation complete; no suspect identified,
2028e9245da07066c154d3232fdec8e4e9353efca2a331f8aac78b288f4c15f9,2025-02,South Yorkshire Police,South Yorkshire Police,-1.488592,53.331000,On or near Bocking Lane,E01007824,Sheffield 066A,Other theft,Investigation complete; no suspect identified,
3f205f0b17bb67db9c60ed2ccdec85766f709531bb8bd81428b1541466705085,2025-02,South Yorkshire Police,South Yorkshire Police,-1.488592,53.331000,On or near Bocking Lane,E01007824,Sheffield 066A,Public order,Investigation complete; no suspect identified,
8a847c5d3596c9f19003fe264d4e73d3dbad050c29e3bb5190e935c5ad917c82,2025-02,South Yorkshire Police,South Yorkshire Police,-1.487379,53.329458,On or near Bocking Rise,E01007824,Sheffield 066A,Vehicle crime,Investigation complete; no suspect identified,
23328f06444224fe20f7f892786af4625883737a25182cdfeab6ce9f9d6b7a5d,2025-02,South Yorkshire Police,South Yorkshire Police,-1.492342,53.330072,On or near Cockshutt Avenue,E01007824,Sheffield 066A,Other crime,Investigation complete; no suspect identified,
522c47a6588d413dbff4a901705a7babdd02fc1e99480e077fe4a6ae493552e2,2025-02,South Yorkshire Police,South Yorkshire Police,-1.498375,53.336713,On or near Folds Crescent,E01007825,Sheffield 066B,Burglary,Investigation complete; no suspect identified,
c8a1f4f4d2e08a5c31a525cb1ee33a8679a5a0dd2012308e9f57ddda7b157956,2025-02,South Yorkshire Police,South Yorkshire Police,-1.496821,53.338576,On or near Daleview Road,E01007825,Sheffield 066B,Other theft,Unable to prosecute suspect,
147570a86b94753dbcc496ebda8eb4a3715f30667c486d0ecbefc6698212da1c,2025-02,South Yorkshire Police,South Yorkshire Police,-1.491148,53.326903,On or near Westwick Road,E01007826,Sheffield 066C,Burglary,Investigation complete; no suspect identified,
f721481e9e8a7b572697972c0c8e6c31983f30332b83f1da69949cd66837a29c,2025-02,South Yorkshire Police,South Yorkshire Police,-1.490958,53.328952,On or near Old Park Avenue,E01007826,Sheffield 066C,Vehicle crime,Investigation complete; no suspect identified,
,2025-02,South Yorkshire Police,South Yorkshire Police,-1.481628,53.335680,On or near Petrol Station,E01007834,Sheffield 066D,Anti-social behaviour,,
ad4ff15dfa6863b924f914c52b702b04bd5a2607d8671951e1c80ebdd7fc9237,2025-02,South Yorkshire Police,South Yorkshire Police,-1.481628,53.335680,On or near Petrol Station,E01007834,Sheffield 066D,Criminal damage and arson,Investigation complete; no suspect identified,
d3ae798282974f3cf5517429af7e6e8aaa3c0421cf70414ce2960446b9dae555,2025-02,South Yorkshire Police,South Yorkshire Police,-1.481628,53.335680,On or near Petrol Station,E01007834,Sheffield 066D,Other theft,Investigation complete; no suspect identified,
3d57c9c84d17408d2bffd24b9d9c93c05ea79afea2b747c5a8e99b0524ea0b35,2025-02,South Yorkshire Police,South Yorkshire Police,-1.481628,53.335680,On or near Petrol Station,E01007834,Sheffield 066D,Other theft,Investigation complete; no suspect identified,
cbb22c773a0973599cd80868eb8eeacd21763e5a6eac5b68e40fcf22b74fd5b6,2025-02,South Yorkshire Police,South Yorkshire Police,-1.481628,53.335680,On or near Petrol Station,E01007834,Sheffield 066D,Public order,Investigation complete; no suspect identified,
b9ea0cf4519a37f5f20d393227268d6510e6ff1e4a792598da99bcdd53851d78,2025-02,South Yorkshire Police,South Yorkshire Police,-1.481628,53.335680,On or near Petrol Station,E01007834,Sheffield 066D,Shoplifting,Investigation complete; no suspect identified,
57ce6e1dc2c79bd93c18c212b23d7a740d0432d150e844064bedff57d1407d43,2025-02,South Yorkshire Police,South Yorkshire Police,-1.482858,53.338283,On or near Greenhill Road,E01007834,Sheffield 066D,Shoplifting,Awaiting court outcome,
20421df86cf4296528c9a17c9197861211c879aaeed083f95e807c8cc05e7084,2025-02,South Yorkshire Police,South Yorkshire Police,-1.481628,53.335680,On or near Petrol Station,E01007834,Sheffield 066D,Shoplifting,Unable to prosecute suspect,
b57b539dc9534a918e3fe163993a12f26e117870fc5cabfe7a7fab0183476ee8,2025-02,South Yorkshire Police,South Yorkshire Police,-1.482858,53.338283,On or near Greenhill Road,E01007834,Sheffield 066D,Shoplifting,Investigation complete; no suspect identified,
0ef4ec01873d23839340f1be18c5ec79d088a77791a746043d8cff1abb3bc443,2025-02,South Yorkshire Police,South Yorkshire Police,-1.481628,53.335680,On or near Petrol Station,E01007834,Sheffield 066D,Vehicle crime,Investigation complete; no suspect identified,
9747aabb91298fad1bd4c65da8618e965f6b2832f297faa5b19048b9479db91e,2025-02,South Yorkshire Police,South Yorkshire Police,-1.482858,53.338283,On or near Greenhill Road,E01007834,Sheffield 066D,Vehicle crime,Investigation complete; no suspect identified,
55dca58417023b76eefb0cdda2f2f11c00220e5525fa2b26751dcc5f03129d83,2025-02,South Yorkshire Police,South Yorkshire Police,-1.486740,53.337653,On or near Roxton Road,E01007834,Sheffield 066D,Violence and sexual offences,Awaiting court outcome,
c29de3619313e6933044d2e0f082f593a9fde3c27ae9a2dd4d7260f531b38561,2025-02,South Yorkshire Police,South Yorkshire Police,-1.486659,53.335603,On or near Abbey Brook Close,E01007834,Sheffield 066D,Other crime,Status update unavailable,
,2025-02,South Yorkshire Police,South Yorkshire Police,-1.515763,53.327671,On or near Parking Area,E01007920,Sheffield 068A,Anti-social behaviour,,
,2025-02,South Yorkshire Police,South Yorkshire Police,-1.540348,53.327022,On or near Devonshire Terrace Road,E01007921,Sheffield 068B,Anti-social behaviour,,
d3f64cabf1294a66a77f34eb7496b74c37417caabca9f5e26a44dd57bcc97769,2025-02,South Yorkshire Police,South Yorkshire Police,-1.541201,53.324463,On or near Church Lane,E01007921,Sheffield 068B,Burglary,Investigation complete; no suspect identified,
69babd125eb07dbc10ce571d93fb91bf8faec1dbd716060abd14584459470595,2025-02,South Yorkshire Police,South Yorkshire Police,-1.539237,53.327080,On or near High Street,E01007921,Sheffield 068B,Drugs,Awaiting court outcome,
9dd3ad02bf7d6b24edca25dfd137f203bc19803bc895bd24894d013e3571ad4a,2025-02,South Yorkshire Police,South Yorkshire Police,-1.541362,53.326262,On or near High Trees,E01007921,Sheffield 068B,Violence and sexual offences,Unable to prosecute suspect,
a1ba9ad1506c60acf293dc9d6f8dfa1e13c13ce29335764458feea5b2b4e80f3,2025-02,South Yorkshire Police,South Yorkshire Police,-1.541201,53.324463,On or near Church Lane,E01007921,Sheffield 068B,Violence and sexual offences,Investigation complete; no suspect identified,
786c0bb00fcaff8c6752996fd9113782bda63a7e5bb7d0aeb300a0dcb03865dc,2025-02,South Yorkshire Police,South Yorkshire Police,-1.540091,53.327227,On or near Supermarket,E01007921,Sheffield 068B,Violence and sexual offences,Unable to prosecute suspect,
39eaf860c3b3827afd07d6b8a4f58cc05379c7d44ea610b6e3b5455486499c17,2025-02,South Yorkshire Police,South Yorkshire Police,-1.540091,53.327227,On or near Supermarket,E01007921,Sheffield 068B,Violence and sexual offences,Unable to prosecute suspect,
,2025-02,South Yorkshire Police,South Yorkshire Police,-1.530054,53.315575,On or near Laverdene Close,E01007923,Sheffield 068C,Anti-social behaviour,,
e7b173643c73c1d22836982dadf5a548b4f1d4c2285d816ff0937ab48fab7a23,2025-02,South Yorkshire Police,South Yorkshire Police,-1.532704,53.314857,On or near Lemont Road,E01007923,Sheffield 068C,Criminal damage and arson,Investigation complete; no suspect identified,
cb3834d767944f180989f935d207b23cb2cd3fedf49b5ce39cadb15046f6dcc6,2025-02,South Yorkshire Police,South Yorkshire Police,-1.530054,53.315575,On or near Laverdene Close,E01007923,Sheffield 068C,Public order,Investigation complete; no suspect identified,
c91ec25434dac1537347fff2399201cb0ff2b4ce5773cf8a0180b44509e1b19b,2025-02,South Yorkshire Police,South Yorkshire Police,-1.538865,53.319798,On or near Totley Brook Way,E01007923,Sheffield 068C,Violence and sexual offences,Unable to prosecute suspect,
96d6e05e47e2b2ba00183e2deaf806572aa76a89b13aff1acfba81a7e4b53d31,2025-02,South Yorkshire Police,South Yorkshire Police,-1.538865,53.319798,On or near Totley Brook Way,E01007923,Sheffield 068C,Violence and sexual offences,Unable to prosecute suspect,
6b06f7ad52d5b45e2e332210352603edc14d5094d4bb9c5d8e70b1c154dfe7f9,2025-02,South Yorkshire Police,South Yorkshire Police,-1.538865,53.319798,On or near Totley Brook Way,E01007923,Sheffield 068C,Violence and sexual offences,Unable to prosecute suspect,
f2fd71c49698ff760ec84b23d59c2dae036ff8e0a7759e9237014f5a68dfb79b,2025-02,South Yorkshire Police,South Yorkshire Police,-1.533288,53.321799,On or near Durvale Court,E01007923,Sheffield 068C,Violence and sexual offences,Unable to prosecute suspect,
aac71e28151694bd8bd65a021de9004e354967e40484a90a7647fc2c2439a2d6,2025-02,South Yorkshire Police,South Yorkshire Police,-1.538865,53.319798,On or near Totley Brook Way,E01007923,Sheffield 068C,Violence and sexual offences,Unable to prosecute suspect,
f6060b7cc67cf3dfdf9f17d386e68c70d0800ba0f276cff6430dadb8d41db40c,2025-02,South Yorkshire Police,South Yorkshire Police,-1.536078,53.322016,On or near Furniss Avenue,E01007923,Sheffield 068C,Other crime,Further action is not in the public interest,
,2025-02,South Yorkshire Police,South Yorkshire Police,-1.533278,53.313134,On or near Green Oak Avenue,E01007925,Sheffield 068D,Anti-social behaviour,,
aefaba70f3edd7079a2c2185c1fa7867b3caeca89892a8db8323e0cea599b667,2025-02,South Yorkshire Police,South Yorkshire Police,-1.536186,53.312048,On or near Sunnyvale Road,E01007925,Sheffield 068D,Burglary,Investigation complete; no suspect identified,
26faeda07b0459d0c8fd641e15fb05aed22f0d0bf3a7cf979db556f54bc2a350,2025-02,South Yorkshire Police,South Yorkshire Police,-1.533063,53.313537,On or near Green Oak Crescent,E01007925,Sheffield 068D,Public order,Unable to prosecute suspect,
138d09b311ed12e1e4412a38062464505924789208cb8010dbb2bb28f7cb110c,2025-02,South Yorkshire Police,South Yorkshire Police,-1.533278,53.313134,On or near Green Oak Avenue,E01007925,Sheffield 068D,Robbery,Awaiting court outcome,
055d6a26d90c5eb7e6d830937083a48e35361b186528eb76f207a96a9b9966d7,2025-02,South Yorkshire Police,South Yorkshire Police,-1.533063,53.313537,On or near Green Oak Crescent,E01007925,Sheffield 068D,Violence and sexual offences,Unable to prosecute suspect,
04ffbff69f4197043dd3c1057442aa540e67d648c0dabee75ccd434d7952dc24,2025-02,South Yorkshire Police,South Yorkshire Police,-1.533433,53.315462,On or near Baslow Road,E01007925,Sheffield 068D,Violence and sexual offences,Unable to prosecute suspect,
c42408665e9a414fde87fc17a254cbb00caf2cf3b33fad7248db1abea6a9f295,2025-02,South Yorkshire Police,South Yorkshire Police,-1.533278,53.313134,On or near Green Oak Avenue,E01007925,Sheffield 068D,Violence and sexual offences,Unable to prosecute suspect,
fddea9c4fe8a81b998494e7706fe7a95d27e722a63c9cefcac339f56c19c0d49,2025-02,South Yorkshire Police,South Yorkshire Police,-1.536621,53.313524,On or near Meadow Grove Road,E01007925,Sheffield 068D,Violence and sexual offences,Unable to prosecute suspect,
ce8ce23b8accfd71f8e8ce0f6f3851470c2066ab8333119de92dcb692db4ea88,2025-02,South Yorkshire Police,South Yorkshire Police,-1.541743,53.315989,On or near Hillfoot Road,E01007925,Sheffield 068D,Violence and sexual offences,Investigation complete; no suspect identified,
0a935c9e3de282be9c22b0141a41b07e86a3e6216beb451813c53b06628992fc,2025-02,South Yorkshire Police,South Yorkshire Police,-1.533063,53.313537,On or near Green Oak Crescent,E01007925,Sheffield 068D,Violence and sexual offences,Unable to prosecute suspect,
f4b10636328182c3b1ac64002b1c841239eac46b91b571cd4c149d54797614df,2025-02,South Yorkshire Police,South Yorkshire Police,-1.537196,53.335288,On or near Limb Lane,E01007926,Sheffield 068E,Violence and sexual offences,Unable to prosecute suspect,
7bf19f5a7fbdacf6c18884f4a9300925a5ab8b63b0d11d18d5b9bd6f7f79d707,2025-02,South Yorkshire Police,South Yorkshire Police,-1.540051,53.329528,On or near Rushley Road,E01007926,Sheffield 068E,Violence and sexual offences,Status update unavailable,
e2c4fbdc8348c0959e3305156d7098357b94a75c8a4a03ad927040f18fcf8a62,2025-02,South Yorkshire Police,South Yorkshire Police,-1.537196,53.335288,On or near Limb Lane,E01007926,Sheffield 068E,Violence and sexual offences,Unable to prosecute suspect,
0bf4e558a85e8bb7cef8fcf7bdc312c82df1132a789dc4971d196bcb83ef9bba,2025-02,South Yorkshire Police,South Yorkshire Police,-1.521077,53.341103,On or near Woburn Place,E01007933,Sheffield 068F,Violence and sexual offences,Status update unavailable,
d028ff98cddfde59dd5ba48bbc06b726c49b7aecc5583edd57ee1b83f7c35582,2025-02,South Yorkshire Police,South Yorkshire Police,-1.520410,53.337685,On or near Forest Edge,E01007933,Sheffield 068F,Violence and sexual offences,Local resolution,
,2025-02,South Yorkshire Police,South Yorkshire Police,-1.483260,53.326141,On or near James Andrew Crescent,E01007823,Sheffield 069A,Anti-social behaviour,,
,2025-02,South Yorkshire Police,South Yorkshire Police,-1.483260,53.326141,On or near James Andrew Crescent,E01007823,Sheffield 069A,Anti-social behaviour,,
,2025-02,South Yorkshire Police,South Yorkshire Police,-1.492488,53.324050,On or near Reney Avenue,E01007823,Sheffield 069A,Anti-social behaviour,,
c3451ce9ece6a7c87f470124279c2237ce5e560ed77c7ccd2dd28b3b8c2e769e,2025-02,South Yorkshire Police,South Yorkshire Police,-1.492488,53.324050,On or near Reney Avenue,E01007823,Sheffield 069A,Drugs,Investigation complete; no suspect identified,
555c0257c792ffc5d1f38a061c9fa387245142e1385445541bdd450dc448e0e6,2025-02,South Yorkshire Police,South Yorkshire Police,-1.486964,53.327748,On or near Allenby Close,E01007823,Sheffield 069A,Robbery,Investigation complete; no suspect identified,
fe9ab79821d6007d7a5e682bb8e2bffa524e64fbc809b796b56671430b21522e,2025-02,South Yorkshire Police,South Yorkshire Police,-1.492897,53.323728,On or near Reney Crescent,E01007823,Sheffield 069A,Vehicle crime,Investigation complete; no suspect identified,
3ff19072b0b9eae5d330d7bfcf2c92735706b3105342b4f0baee73baf5c06867,2025-02,South Yorkshire Police,South Yorkshire Police,-1.488203,53.325821,On or near Reney Road,E01007823,Sheffield 069A,Vehicle crime,Investigation complete; no suspect identified,
c93c5006b25ac162734a36a64821ba9502675db4496eb22156cc98019cd2b04f,2025-02,South Yorkshire Police,South Yorkshire Police,-1.492488,53.324050,On or near Reney Avenue,E01007823,Sheffield 069A,Violence and sexual offences,Unable to prosecute suspect,
84757ce8c5f0efe796db488eabea01bde256e2dc575cda98d3ea7e7bd5cc375f,2025-02,South Yorkshire Police,South Yorkshire Police,-1.486964,53.327748,On or near Allenby Close,E01007823,Sheffield 069A,Violence and sexual offences,Unable to prosecute suspect,
3a38000bf3406a351b8781a8c53af3f5b2f86825e042c3c073986ced0ac57192,2025-02,South Yorkshire Police,South Yorkshire Police,-1.492488,53.324050,On or near Reney Avenue,E01007823,Sheffield 069A,Violence and sexual offences,Unable to prosecute suspect,
8966f59f8f8e4d6024ce125e12447c24cfa3cf0cbaa1a1c8883bdce3f06a85c6,2025-02,South Yorkshire Police,South Yorkshire Police,-1.483260,53.326141,On or near James Andrew Crescent,E01007823,Sheffield 069A,Violence and sexual offences,Investigation complete; no suspect identified,
c887c01d143662ebfc99a6609435ff85e0c59ff87ea53c3af368d0ae7a6a76ad,2025-02,South Yorkshire Police,South Yorkshire Police,-1.492488,53.324050,On or near Reney Avenue,E01007823,Sheffield 069A,Other crime,Unable to prosecute suspect,
,2025-02,South Yorkshire Police,South Yorkshire Police,-1.487936,53.321802,On or near Atlantic Crescent,E01007916,Sheffield 069B,Anti-social behaviour,,
,2025-02,South Yorkshire Police,South Yorkshire Police,-1.486060,53.321731,On or near Lowedges Road,E01007916,Sheffield 069B,Anti-social behaviour,,
,2025-02,South Yorkshire Police,South Yorkshire Police,-1.487936,53.321802,On or near Atlantic Crescent,E01007916,Sheffield 069B,Anti-social behaviour,,
4972ad15a525b89c3daaec8fea791558cdc2b1e3e4e91910f08d87afc500a5e5,2025-02,South Yorkshire Police,South Yorkshire Police,-1.484590,53.322857,On or near Gervase Drive,E01007916,Sheffield 069B,Criminal damage and arson,Investigation complete; no suspect identified,
ebe4bd67c80ce60a73a2cdf70e1c38a0dee91d8b4800a2d8ec688da56cf20594,2025-02,South Yorkshire Police,South Yorkshire Police,-1.488661,53.320133,On or near Gresley Road,E01007916,Sheffield 069B,Criminal damage and arson,Investigation complete; no suspect identified,
8baeb450994d71886074e75b831e849eec6a6e38f7b778ffbc65b8d7e092fc8a,2025-02,South Yorkshire Police,South Yorkshire Police,-1.486060,53.321731,On or near Lowedges Road,E01007916,Sheffield 069B,Possession of weapons,Status update unavailable,
1c80b265ca752153f2b6aa4f57e969526053db64f134b15c720617801cf3f15b,2025-02,South Yorkshire Police,South Yorkshire Police,-1.487948,53.324525,On or near Greenhill Parkway,E01007916,Sheffield 069B,Public order,Awaiting court outcome,
311ec29546d26f2bb204d1c050a9a9f9434bcdd399ef9091e281674934080474,2025-02,South Yorkshire Police,South Yorkshire Police,-1.487783,53.322071,On or near Atlantic Drive,E01007916,Sheffield 069B,Vehicle crime,Investigation complete; no suspect identified,
2bed89458e34d4d05122463e863f2aa109beb6e908bc97bddacba1dc81b669e6,2025-02,South Yorkshire Police,South Yorkshire Police,-1.487948,53.324525,On or near Greenhill Parkway,E01007916,Sheffield 069B,Violence and sexual offences,Unable to prosecute suspect,
01b908730a89f9b1cd1b0de02f7151d184878edc604236b65b361172a5f1a021,2025-02,South Yorkshire Police,South Yorkshire Police,-1.485104,53.321376,On or near Lowedges Close,E01007916,Sheffield 069B,Violence and sexual offences,Unable to prosecute suspect,
793735d3842d14040aeabdbda454b0d0dd52f43583a141e8c1ca426991a20463,2025-02,South Yorkshire Police,South Yorkshire Police,-1.487948,53.324525,On or near Greenhill Parkway,E01007916,Sheffield 069B,Violence and sexual offences,Awaiting court outcome,
256645e69848886825eb1452a227ddbfa160644363048e2afc7f23641518f5a2,2025-02,South Yorkshire Police,South Yorkshire Police,-1.486060,53.321731,On or near Lowedges Road,E01007916,Sheffield 069B,Violence and sexual offences,Unable to prosecute suspect,
ab03f2c8f5af928ffe7fa27ca28a89a947927e5f9cd537e6971a10bf3058a401,2025-02,South Yorkshire Police,South Yorkshire Police,-1.486060,53.321731,On or near Lowedges Road,E01007916,Sheffield 069B,Violence and sexual offences,Awaiting court outcome,
e5c3d84411e2dc32831a7037daf7aae137e646cfcffa60a8c00496422ee4484a,2025-02,South Yorkshire Police,South Yorkshire Police,-1.487948,53.324525,On or near Greenhill Parkway,E01007916,Sheffield 069B,Violence and sexual offences,Investigation complete; no suspect identified,
ee1ec70bc3168e36d5c7cb9cb13b36e45e2f16a54871af16e67d9e2125130e47,2025-02,South Yorkshire Police,South Yorkshire Police,-1.488661,53.320133,On or near Gresley Road,E01007916,Sheffield 069B,Violence and sexual offences,Awaiting court outcome,
5da505d281fbb59c5716dfdfce27e107bd34a4c738065e660c60b9a279c24e73,2025-02,South Yorkshire Police,South Yorkshire Police,-1.487948,53.324525,On or near Greenhill Parkway,E01007916,Sheffield 069B,Violence and sexual offences,Awaiting court outcome,
92f44ef95b5c4dd672869c9ea086a279030f23b97df1911a6e662b2c6e20c826,2025-02,South Yorkshire Police,South Yorkshire Police,-1.484949,53.324234,On or near Gervase Avenue,E01007916,Sheffield 069B,Violence and sexual offences,Unable to prosecute suspect,
a73dc8ffe74e9be0b023f188f5182d788024f6d1313e41366675acc4db8feb60,2025-02,South Yorkshire Police,South Yorkshire Police,-1.488661,53.320133,On or near Gresley Road,E01007916,Sheffield 069B,Violence and sexual offences,Unable to prosecute suspect,
1b0ac0f89b5fb5e04fdad4a64dbded49a091638012c4fabdda798a2dba9d3cf1,2025-02,South Yorkshire Police,South Yorkshire Police,-1.484949,53.324234,On or near Gervase Avenue,E01007916,Sheffield 069B,Violence and sexual offences,Unable to prosecute suspect,
ff0fde7796e014afc5bfc9372e14e5d75e5579e7f69df626ed3ead083dcf8084,2025-02,South Yorkshire Police,South Yorkshire Police,-1.486060,53.321731,On or near Lowedges Road,E01007916,Sheffield 069B,Violence and sexual offences,Awaiting court outcome,
5eae42c84635f1522559419da1585e7a2d3d6377778ca5d3817875de2e073f27,2025-02,South Yorkshire Police,South Yorkshire Police,-1.487948,53.324525,On or near Greenhill Parkway,E01007916,Sheffield 069B,Violence and sexual offences,Unable to prosecute suspect,
0651ea00770f0eb153e68d320788371fa7b89b5ef83a1fb3cf44eb5eea40a655,2025-02,South Yorkshire Police,South Yorkshire Police,-1.488661,53.320133,On or near Gresley Road,E01007916,Sheffield 069B,Violence and sexual offences,Unable to prosecute suspect,
059729399d4041b2dc5bb69c31665972788f47458cacd379d91eb3aeb090b7c4,2025-02,South Yorkshire Police,South Yorkshire Police,-1.488661,53.320133,On or near Gresley Road,E01007916,Sheffield 069B,Violence and sexual offences,Unable to prosecute suspect,
3a451c5101d2edd083e78bb98f72945e2b661ccf40fbc669cc0dc077598aea30,2025-02,South Yorkshire Police,South Yorkshire Police,-1.484949,53.324234,On or near Gervase Avenue,E01007916,Sheffield 069B,Violence and sexual offences,Unable to prosecute suspect,
012b49cb4848a9a98253094acc8917e9c3ddb5ec51dae584d2915178fa9d7fd8,2025-02,South Yorkshire Police,South Yorkshire Police,-1.487948,53.324525,On or near Greenhill Parkway,E01007916,Sheffield 069B,Violence and sexual offences,Action to be taken by another organisation,
4e35a8bc555f7b0cb949e484c3a35f12b3cbe72d4be3ec6db8fb43bb3aac0a58,2025-02,South Yorkshire Police,South Yorkshire Police,-1.487948,53.324525,On or near Greenhill Parkway,E01007916,Sheffield 069B,Violence and sexual offences,Unable to prosecute suspect,
,2025-02,South Yorkshire Police,South Yorkshire Police,-1.492799,53.319377,On or near Boland Road,E01007919,Sheffield 069C,Anti-social behaviour,,
,2025-02,South Yorkshire Police,South Yorkshire Police,-1.488870,53.321554,On or near Becket Road,E01007919,Sheffield 069C,Anti-social behaviour,,
920cd6d11c25d1a19a857cfe0e2e1ba17aa97b8cde44f9c9ff4142432dba9aed,2025-02,South Yorkshire Police,South Yorkshire Police,-1.491570,53.321682,On or near Atlantic Road,E01007919,Sheffield 069C,Burglary,Investigation complete; no suspect identified,
94e34c0dd9e2861f767b669f254fec29c24ec793e00733e059f5cb16cadbb4f1,2025-02,South Yorkshire Police,South Yorkshire Police,-1.492799,53.319377,On or near Boland Road,E01007919,Sheffield 069C,Criminal damage and arson,Unable to prosecute suspect,
920cea39462e1a74d1a90cbf0136c7cc3403a14c9846c01cc8b129439013a277,2025-02,South Yorkshire Police,South Yorkshire Police,-1.492799,53.319377,On or near Boland Road,E01007919,Sheffield 069C,Other theft,Investigation complete; no suspect identified,
345f736d73aa0af4f1c5f1fd9fd132874ac6e2f26c3e093f417350717099f964,2025-02,South Yorkshire Police,South Yorkshire Police,-1.490865,53.322956,On or near Haslam Crescent,E01007919,Sheffield 069C,Possession of weapons,Unable to prosecute suspect,
0f43e5628dc338f98783a4f9608b296c0511159346724074cec516a1db1d0829,2025-02,South Yorkshire Police,South Yorkshire Police,-1.491570,53.321682,On or near Atlantic Road,E01007919,Sheffield 069C,Shoplifting,Investigation complete; no suspect identified,
d90b55cafafe079d00d2d3a4cd7b19e39585868b6bb894fab4699cc0554e40de,2025-02,South Yorkshire Police,South Yorkshire Police,-1.491570,53.321682,On or near Atlantic Road,E01007919,Sheffield 069C,Shoplifting,Investigation complete; no suspect identified,
b9dc7872a2d0d4803506a1e003d5a56706061cf18151a650ffd78f03bb7e2e0f,2025-02,South Yorkshire Police,South Yorkshire Police,-1.491570,53.321682,On or near Atlantic Road,E01007919,Sheffield 069C,Shoplifting,Investigation complete; no suspect identified,
45ab26d9e416d4d0923867fc5157623f4e42b37ca11104e17369942a34c5b2cc,2025-02,South Yorkshire Police,South Yorkshire Police,-1.492799,53.319377,On or near Boland Road,E01007919,Sheffield 069C,Violence and sexual offences,Investigation complete; no suspect identified,
67ec7b0329975360569963df8e91aada13c3d38cdb513f36bf9bf41c5f020575,2025-02,South Yorkshire Police,South Yorkshire Police,-1.492799,53.319377,On or near Boland Road,E01007919,Sheffield 069C,Violence and sexual offences,Unable to prosecute suspect,
45dd5d7e925742c553ed4efc22337f3508c22a73ed6bb1b5e5b9df9fe450f940,2025-02,South Yorkshire Police,South Yorkshire Police,-1.491570,53.321682,On or near Atlantic Road,E01007919,Sheffield 069C,Violence and sexual offences,Investigation complete; no suspect identified,
8ecbb5aaae09c7bc990cbfb20c0044deeda60e7090bb4554a9ddb87dfcef818b,2025-02,South Yorkshire Police,South Yorkshire Police,-1.486884,53.323181,On or near Gervase Road,E01007919,Sheffield 069C,Violence and sexual offences,Unable to prosecute suspect,
650c82c4184e1c3146fd0c215b073c53919d09925b62e3b49c976092a92aa5f7,2025-02,South Yorkshire Police,South Yorkshire Police,-1.492799,53.319377,On or near Boland Road,E01007919,Sheffield 069C,Violence and sexual offences,Unable to prosecute suspect,
4e3c43eadec4204d11e4ab0a157990daf6e0cf26b8b0a0ce98949b69379cc161,2025-02,South Yorkshire Police,South Yorkshire Police,-1.491570,53.321682,On or near Atlantic Road,E01007919,Sheffield 069C,Violence and sexual offences,Status update unavailable,
ecb6ac83d4cfe972656413e0a32cd0a5650e5ecdd6d192cbc524cbd95505b6d4,2025-02,South Yorkshire Police,South Yorkshire Police,-1.492799,53.319377,On or near Boland Road,E01007919,Sheffield 069C,Violence and sexual offences,Unable to prosecute suspect,
a76a22fa00d01ca490268d66d71482cdc085c3c3b20c3bc960ce53c506893fbb,2025-02,South Yorkshire Police,South Yorkshire Police,-1.488870,53.321554,On or near Becket Road,E01007919,Sheffield 069C,Violence and sexual offences,Unable to prosecute suspect,
3989982820e8bb27236d9086ac4c5014a6260dd28c94a99c5ad694bee3d4b424,2025-02,South Yorkshire Police,South Yorkshire Police,-1.492799,53.319377,On or near Boland Road,E01007919,Sheffield 069C,Violence and sexual offences,Unable to prosecute suspect,
85dcaa24cc4dcc543546ce620addc3bc2213628c462f1a5d85742ef3d6c37a1f,2025-02,South Yorkshire Police,South Yorkshire Police,-1.486884,53.323181,On or near Gervase Road,E01007919,Sheffield 069C,Other crime,Unable to prosecute suspect,
bfcf96039b6eaa336920705ecbdd4cd2203c0f2eb087fd703410e4aed7afdedf,2025-02,South Yorkshire Police,South Yorkshire Police,-1.478732,53.326849,On or near Stenton Road,E01008080,Sheffield 069D,Public order,Investigation complete; no suspect identified,
54cfa48cb21936c6013a6cc2b7b86e9a4b3205acdc296dd2b5d1fcf5f3e4f0a7,2025-02,South Yorkshire Police,South Yorkshire Police,-1.477159,53.330258,On or near Meadow View Road,E01008080,Sheffield 069D,Vehicle crime,Investigation complete; no suspect identified,
bfd495452d79b90be261531ac3aa15bc201659e3006a736c9298b4ac6b7d4de1,2025-02,South Yorkshire Police,South Yorkshire Police,-1.478732,53.326849,On or near Stenton Road,E01008080,Sheffield 069D,Violence and sexual offences,Investigation complete; no suspect identified,
,2025-02,South Yorkshire Police,South Yorkshire Police,-1.460274,53.326066,On or near Hazlebarrow Grove,E01008081,Sheffield 070A,Anti-social behaviour,,
be4d39b4d6abf713efddb207db59a052f8cefc5d0df9b7f141c2f9deaae54ed3,2025-02,South Yorkshire Police,South Yorkshire Police,-1.461843,53.321894,On or near Lingfoot Avenue,E01008081,Sheffield 070A,Criminal damage and arson,Investigation complete; no suspect identified,
cc3eed03e140a57e42ca0350044b64b212f8fb13d47137e94960536798467bd4,2025-02,South Yorkshire Police,South Yorkshire Police,-1.461843,53.321894,On or near Lingfoot Avenue,E01008081,Sheffield 070A,Drugs,Status update unavailable,
0987180ca118915c8a233d51ec1dc8c3f6f51276c019a33564f62c7f261cb8f4,2025-02,South Yorkshire Police,South Yorkshire Police,-1.458689,53.325619,On or near Jordanthorpe View,E01008081,Sheffield 070A,Public order,Investigation complete; no suspect identified,
5ab7f0d263d9c6385b3f2ebafad5ae7a9a0f25cf3b745d01a61d52f13eba6e18,2025-02,South Yorkshire Police,South Yorkshire Police,-1.459758,53.322954,On or near Selly Oak Road,E01008081,Sheffield 070A,Violence and sexual offences,Unable to prosecute suspect,
1c62599ed4b8f29cac9c51f46e0f638fc211ffa2273b22afa53d9136b2d4c5cd,2025-02,South Yorkshire Police,South Yorkshire Police,-1.459259,53.323212,On or near Selly Oak Grove,E01008081,Sheffield 070A,Violence and sexual offences,Investigation complete; no suspect identified,
423583364d05f443a3b2db3a749f72a799daf4be3f5339f1c380bb2de26e8836,2025-02,South Yorkshire Police,South Yorkshire Police,-1.461843,53.321894,On or near Lingfoot Avenue,E01008081,Sheffield 070A,Violence and sexual offences,Unable to prosecute suspect,
783e5bb60bd77aac5560d3ff4229e39b19bdd0ecbb8a128480ddaaed06216a7c,2025-02,South Yorkshire Police,South Yorkshire Police,-1.460180,53.325203,On or near Hazlebarrow Crescent,E01008081,Sheffield 070A,Violence and sexual offences,Awaiting court outcome,
897747c2ac1f60138de3437fb81e7eca138da62d00dd88801cd7de3d3aa33868,2025-02,South Yorkshire Police,South Yorkshire Police,-1.460180,53.325203,On or near Hazlebarrow Crescent,E01008081,Sheffield 070A,Violence and sexual offences,Awaiting court outcome,
88c67e70e4ad5c35dc1ef1781ad5474580576e01c0c7d88aff07b15f4cb56325,2025-02,South Yorkshire Police,South Yorkshire Police,-1.461600,53.320976,On or near Lingfoot Crescent,E01008081,Sheffield 070A,Violence and sexual offences,Unable to prosecute suspect,
56b8e9fbba82975e5a2b1fd0601b6cf48d6647e9476dbc7c8f387549166497b3,2025-02,South Yorkshire Police,South Yorkshire Police,-1.460659,53.322967,On or near Lingfoot Drive,E01008081,Sheffield 070A,Violence and sexual offences,Unable to prosecute suspect,
bf94c7f9490c451f44822526ef7df880af8306b7386424555b9e5376a0916a5a,2025-02,South Yorkshire Police,South Yorkshire Police,-1.460659,53.322967,On or near Lingfoot Drive,E01008081,Sheffield 070A,Violence and sexual offences,Status update unavailable,
,2025-02,South Yorkshire Police,South Yorkshire Police,-1.467237,53.321567,On or near Whinacre Close,E01008082,Sheffield 070B,Anti-social behaviour,,
,2025-02,South Yorkshire Police,South Yorkshire Police,-1.467237,53.321567,On or near Whinacre Close,E01008082,Sheffield 070B,Anti-social behaviour,,
,2025-02,South Yorkshire Police,South Yorkshire Police,-1.464647,53.323353,On or near Dyche Close,E01008082,Sheffield 070B,Anti-social behaviour,,
,2025-02,South Yorkshire Police,South Yorkshire Police,-1.462508,53.327506,On or near Hazlebarrow Drive,E01008082,Sheffield 070B,Anti-social behaviour,,
b6cccf9938f4369f3e8a67add3d02be3ac77a6e0e806a99de088f5f7c68e501f,2025-02,South Yorkshire Police,South Yorkshire Police,-1.462461,53.325267,On or near Hazlebarrow Road,E01008082,Sheffield 070B,Criminal damage and arson,Awaiting court outcome,
d9a2239e116ab1ff4e539eefac898dc074f6d1c8850cec2aec5c0673b7c42a74,2025-02,South Yorkshire Police,South Yorkshire Police,-1.462461,53.325267,On or near Hazlebarrow Road,E01008082,Sheffield 070B,Criminal damage and arson,Awaiting court outcome,
7a45ce1fa55e412b9bdd5f1090f14bbee6a3b134e50e6d19afd0b0b0f8d995ed,2025-02,South Yorkshire Police,South Yorkshire Police,-1.473049,53.322555,On or near Chesterfield Road South,E01008082,Sheffield 070B,Criminal damage and arson,Investigation complete; no suspect identified,
b2b86ac6133f5b18a24f996e5f1d0187fc99119adf01e924e210a2d045412152,2025-02,South Yorkshire Police,South Yorkshire Police,-1.462461,53.325267,On or near Hazlebarrow Road,E01008082,Sheffield 070B,Drugs,Investigation complete; no suspect identified,
9582f54ad557a35964f2f2065671b2722729cad60de33dfff725948d2278a0a3,2025-02,South Yorkshire Police,South Yorkshire Police,-1.473049,53.322555,On or near Chesterfield Road South,E01008082,Sheffield 070B,Other theft,Investigation complete; no suspect identified,
692e180162711b330895e368404b6e4d18f4230612829f974d3df75082b236b8,2025-02,South Yorkshire Police,South Yorkshire Police,-1.463732,53.322100,On or near Dyche Road,E01008082,Sheffield 070B,Possession of weapons,Investigation complete; no suspect identified,
6ed7819d2e22a5a3ae2e8000bd6e05902a2479432400dbb8b0f715af45a4ae88,2025-02,South Yorkshire Police,South Yorkshire Police,-1.462461,53.325267,On or near Hazlebarrow Road,E01008082,Sheffield 070B,Public order,Awaiting court outcome,
554d16f1771a28f26a7b4729691c3d9f57270309363edf120d10745d187da986,2025-02,South Yorkshire Police,South Yorkshire Police,-1.468785,53.321430,On or near Whinacre Place,E01008082,Sheffield 070B,Public order,Unable to prosecute suspect,
3fe9cf21244d1cb329c4a09d7a26aec12dc29c59e3b4c765fc6d9b38adafd0bf,2025-02,South Yorkshire Police,South Yorkshire Police,-1.463732,53.322100,On or near Dyche Road,E01008082,Sheffield 070B,Public order,Unable to prosecute suspect,
e066944e9beb3a3260052043ac930129e74fe155c123c27ed13f338b7f50e018,2025-02,South Yorkshire Police,South Yorkshire Police,-1.468785,53.321430,On or near Whinacre Place,E01008082,Sheffield 070B,Public order,Unable to prosecute suspect,
7d5ce86218f9389e8db2c533e97fccc6db0a3ebf6eea75dde69937b10264c5cc,2025-02,South Yorkshire Police,South Yorkshire Police,-1.473049,53.322555,On or near Chesterfield Road South,E01008082,Sheffield 070B,Public order,Unable to prosecute suspect,
985f6cedc24f44e8008f1797666ebebe3208c2777f53e894d5a167314374c963,2025-02,South Yorkshire Police,South Yorkshire Police,-1.473049,53.322555,On or near Chesterfield Road South,E01008082,Sheffield 070B,Public order,Investigation complete; no suspect identified,
ee2689783aad3d050c5ea01bbd1d44551a9b0f5d42156f3fb327adef9cd5e3fd,2025-02,South Yorkshire Police,South Yorkshire Police,-1.473049,53.322555,On or near Chesterfield Road South,E01008082,Sheffield 070B,Robbery,Status update unavailable,
2a7799b0654349eb6a1a792251b0dc7c227d770fd5f9f2bbf68afebfc23563e6,2025-02,South Yorkshire Police,South Yorkshire Police,-1.464647,53.323353,On or near Dyche Close,E01008082,Sheffield 070B,Shoplifting,Investigation complete; no suspect identified,
5d64ebcc57e524aec7042a675e98bb35eab70187be9e13b2e16fd973603151d7,2025-02,South Yorkshire Police,South Yorkshire Police,-1.464647,53.323353,On or near Dyche Close,E01008082,Sheffield 070B,Shoplifting,Investigation complete; no suspect identified,
af4f43d4d3d28e88d97fa9677b86618f45b270cb035ff9927c34ab6b870eea3f,2025-02,South Yorkshire Police,South Yorkshire Police,-1.464647,53.323353,On or near Dyche Close,E01008082,Sheffield 070B,Shoplifting,Awaiting court outcome,
3139cb849fe4db4e64fd636225eea866d9af53641e448ce5274fe124c8ba6b3d,2025-02,South Yorkshire Police,South Yorkshire Police,-1.473049,53.322555,On or near Chesterfield Road South,E01008082,Sheffield 070B,Vehicle crime,Investigation complete; no suspect identified,
39ede62f3d4165b3435171bb06c5edcdea602c8a52884a328b8bdc0d687a79af,2025-02,South Yorkshire Police,South Yorkshire Police,-1.462508,53.327506,On or near Hazlebarrow Drive,E01008082,Sheffield 070B,Vehicle crime,Investigation complete; no suspect identified,
de151149be525057752d671d64b9a3ec7312ae7acd5b0e70cae470c26170ba9f,2025-02,South Yorkshire Police,South Yorkshire Police,-1.463345,53.325469,On or near Ormond Way,E01008082,Sheffield 070B,Violence and sexual offences,Local resolution,
7ee7ba1b76703a47c92ca73bbef83995f311ab3f82ceabf4f39040da5652b281,2025-02,South Yorkshire Police,South Yorkshire Police,-1.462461,53.325267,On or near Hazlebarrow Road,E01008082,Sheffield 070B,Violence and sexual offences,Awaiting court outcome,
7873dfe93c5c9b574474f3379a808ad04c0e89400729f533c36f1fa9e43c23a1,2025-02,South Yorkshire Police,South Yorkshire Police,-1.473049,53.322555,On or near Chesterfield Road South,E01008082,Sheffield 070B,Violence and sexual offences,Unable to prosecute suspect,
729488536efeacc08e4464d04b609be436cdba17d65aa4717b02da7771745fb5,2025-02,South Yorkshire Police,South Yorkshire Police,-1.473049,53.322555,On or near Chesterfield Road South,E01008082,Sheffield 070B,Violence and sexual offences,Investigation complete; no suspect identified,
af9e7ee7e7b168c89704e1a4b481d12fc74053a7d3d600eced4830333844ea44,2025-02,South Yorkshire Police,South Yorkshire Police,-1.462946,53.322573,On or near Dyche Drive,E01008082,Sheffield 070B,Violence and sexual offences,Unable to prosecute suspect,
47f79f90262d0a9488f5a2714655c37ee04a5968847e34d274110f54d5c45d71,2025-02,South Yorkshire Police,South Yorkshire Police,-1.463732,53.322100,On or near Dyche Road,E01008082,Sheffield 070B,Violence and sexual offences,Unable to prosecute suspect,
827c485983416c2b16f6e4b4e91ab3685b0cc8d00980e115478bee32a60de257,2025-02,South Yorkshire Police,South Yorkshire Police,-1.462461,53.325267,On or near Hazlebarrow Road,E01008082,Sheffield 070B,Violence and sexual offences,Awaiting court outcome,
bb6d831724d4c0f5ee4e05d9fb4598346ab5a2b34eae345ee0173908e1c28e67,2025-02,South Yorkshire Police,South Yorkshire Police,-1.464226,53.324637,On or near Ormond Drive,E01008082,Sheffield 070B,Violence and sexual offences,Unable to prosecute suspect,
4340000b1df260521fb29349a4bc9902ee35ce391022fe44eaf3e5f1256eed47,2025-02,South Yorkshire Police,South Yorkshire Police,-1.467237,53.321567,On or near Whinacre Close,E01008082,Sheffield 070B,Violence and sexual offences,Unable to prosecute suspect,
4a341afd4877d457be3936ee097d84397596fba9cce51e97f048e9ac1ccb2368,2025-02,South Yorkshire Police,South Yorkshire Police,-1.464226,53.324637,On or near Ormond Drive,E01008082,Sheffield 070B,Violence and sexual offences,Status update unavailable,
71dd37e1488b3723f1dc16491019333cc91f8493e71915913901c8cbdbe650ec,2025-02,South Yorkshire Police,South Yorkshire Police,-1.467237,53.321567,On or near Whinacre Close,E01008082,Sheffield 070B,Other crime,Unable to prosecute suspect,
17c851f2968726ff7ebf9efecfe160462beb21a0cf4443a125ea9bbe20ad4a58,2025-02,South Yorkshire Police,South Yorkshire Police,-1.468785,53.321430,On or near Whinacre Place,E01008082,Sheffield 070B,Other crime,Unable to prosecute suspect,
,2025-02,South Yorkshire Police,South Yorkshire Police,-1.476855,53.323156,On or near Lupton Crescent,E01008083,Sheffield 070C,Anti-social behaviour,,
,2025-02,South Yorkshire Police,South Yorkshire Police,-1.481714,53.320237,On or near Sports/Recreation Area,E01008083,Sheffield 070C,Anti-social behaviour,,
c3b38583c0053600b88b49b69beb92ab5199290f7f036c94cac8c1e1691a4f64,2025-02,South Yorkshire Police,South Yorkshire Police,-1.478228,53.323863,On or near Lupton Road,E01008083,Sheffield 070C,Burglary,Investigation complete; no suspect identified,
e4a0ba77f29f39874ced2f18afa7d757a038054dcfda021118bd3b3e31277a3a,2025-02,South Yorkshire Police,South Yorkshire Police,-1.478515,53.321221,On or near Lowedges Crescent,E01008083,Sheffield 070C,Burglary,Investigation complete; no suspect identified,
81f93309ee8ffcedb9ef5676d950583aba319101b34541389c60d56d130f092b,2025-02,South Yorkshire Police,South Yorkshire Police,-1.475662,53.321308,On or near Lowedges Place,E01008083,Sheffield 070C,Criminal damage and arson,Investigation complete; no suspect identified,
4acd20532b08d12a8b8ab01aa82f63dfa9a503ba503ae1f851c07266154edd7a,2025-02,South Yorkshire Police,South Yorkshire Police,-1.477298,53.322538,On or near Lupton Drive,E01008083,Sheffield 070C,Criminal damage and arson,Investigation complete; no suspect identified,
46ecd470f757a7d7abb47649f71ec5a36ac3be06ec55d09c4a66a22d5b356a5a,2025-02,South Yorkshire Police,South Yorkshire Police,-1.475662,53.321308,On or near Lowedges Place,E01008083,Sheffield 070C,Other theft,Investigation complete; no suspect identified,
e6887b9be01d4ce0e7963a0c081f597c54ec3fd7ee57745018ccccc3f8f53b64,2025-02,South Yorkshire Police,South Yorkshire Police,-1.478228,53.323863,On or near Lupton Road,E01008083,Sheffield 070C,Other theft,Unable to prosecute suspect,
b93fde83ab925c59be050b68728e08092523fab4a6391217ae3927a0b5e626fe,2025-02,South Yorkshire Police,South Yorkshire Police,-1.479664,53.323033,On or near Toppham Road,E01008083,Sheffield 070C,Public order,Unable to prosecute suspect,
d1ff773095d789fef60d74fbe56498f3e0b5653d22917f8521d3c6ee401afbcb,2025-02,South Yorkshire Police,South Yorkshire Police,-1.479664,53.323033,On or near Toppham Road,E01008083,Sheffield 070C,Public order,Unable to prosecute suspect,
b7ba83021bdbad074ea4a3b0b1571eca4b2f4b0f27fe387612896c8b7b35c01d,2025-02,South Yorkshire Police,South Yorkshire Police,-1.479664,53.323033,On or near Toppham Road,E01008083,Sheffield 070C,Shoplifting,Unable to prosecute suspect,
0b85b27d8455c95198f8a10553e7e00b4276846dcd9b7506b202d1fe63ec6fbd,2025-02,South Yorkshire Police,South Yorkshire Police,-1.475662,53.321308,On or near Lowedges Place,E01008083,Sheffield 070C,Vehicle crime,Investigation complete; no suspect identified,
b1488e475010e8a1d14ec72f72cc1f8d57ee6158310cb50dd49f71929efbe8df,2025-02,South Yorkshire Police,South Yorkshire Police,-1.479822,53.323609,On or near Toppham Drive,E01008083,Sheffield 070C,Violence and sexual offences,Unable to prosecute suspect,
4f3248893283e42fe1be23df0309bb736610b934a506f9904e13d60196868dd9,2025-02,South Yorkshire Police,South Yorkshire Police,-1.475662,53.321308,On or near Lowedges Place,E01008083,Sheffield 070C,Violence and sexual offences,Unable to prosecute suspect,
5296d08afea8a1e38d796fcbc3e7e2886a30b5a13aa0a1236f3c4717cde07422,2025-02,South Yorkshire Police,South Yorkshire Police,-1.479664,53.323033,On or near Toppham Road,E01008083,Sheffield 070C,Violence and sexual offences,Unable to prosecute suspect,
2c52a1c4d5d857ec4d0e9a236a406400dcd18b30b6dc877bebea8fa54690afc9,2025-02,South Yorkshire Police,South Yorkshire Police,-1.479822,53.323609,On or near Toppham Drive,E01008083,Sheffield 070C,Violence and sexual offences,Unable to prosecute suspect,
c826bfccb340b9a3a95d50475f052532ca779046bf7bbe16311d522301597bbc,2025-02,South Yorkshire Police,South Yorkshire Police,-1.479664,53.323033,On or near Toppham Road,E01008083,Sheffield 070C,Violence and sexual offences,Unable to prosecute suspect,
e007971d1b621500666976b40a3f6f87d3e56d21aff75d523267cc1f23756dd2,2025-02,South Yorkshire Police,South Yorkshire Police,-1.478515,53.321221,On or near Lowedges Crescent,E01008083,Sheffield 070C,Violence and sexual offences,Action to be taken by another organisation,
591a8c5d889664c04b8602e8eefdeb9f5f99da09096fbac062f960657c05e2c0,2025-02,South Yorkshire Police,South Yorkshire Police,-1.480958,53.322805,On or near Toppham Way,E01008083,Sheffield 070C,Violence and sexual offences,Unable to prosecute suspect,
841d998cd71dfaf8d3cf4e2dcf83f117a2553f8bccc4293f9fbed607d9ebae1a,2025-02,South Yorkshire Police,South Yorkshire Police,-1.477704,53.321227,On or near Lowedges Drive,E01008083,Sheffield 070C,Violence and sexual offences,Unable to prosecute suspect,
3382a18f8cfdab9b75fbe64d82eb97ad4e7ebf1420c492e45cb8aa31cf6dc365,2025-02,South Yorkshire Police,South Yorkshire Police,-1.478228,53.323863,On or near Lupton Road,E01008083,Sheffield 070C,Violence and sexual offences,Unable to prosecute suspect,
ac0beb9cdafcade2cc58b4a317c1deb95b71ef5e2a3ae0efa9cd56f53ac9a1b0,2025-02,South Yorkshire Police,South Yorkshire Police,-1.479664,53.323033,On or near Toppham Road,E01008083,Sheffield 070C,Violence and sexual offences,Unable to prosecute suspect,
0a3c7576c6365339f24f12576f31af1694869ab294d2f292ea7c37fb211de690,2025-02,South Yorkshire Police,South Yorkshire Police,-1.477704,53.321227,On or near Lowedges Drive,E01008083,Sheffield 070C,Violence and sexual offences,Unable to prosecute suspect,
581e22e4ef93f9afd116395f46ea7466b48077266471c194dd82c2c5f331dcf6,2025-02,South Yorkshire Police,South Yorkshire Police,-1.478228,53.323863,On or near Lupton Road,E01008083,Sheffield 070C,Violence and sexual offences,Awaiting court outcome,
21c60bb1d7f616ac775318664049826c1eadd26a79b315f5eaa708149f461adb,2025-02,South Yorkshire Police,South Yorkshire Police,-1.480958,53.322805,On or near Toppham Way,E01008083,Sheffield 070C,Other crime,Investigation complete; no suspect identified,
,2025-02,South Yorkshire Police,South Yorkshire Police,-1.466218,53.320232,On or near White Thorns Close,E01008084,Sheffield 070D,Anti-social behaviour,,
7e8c401dd50d6924877b59df8b5a0baec668cf98e13799c080715d4d1f062d33,2025-02,South Yorkshire Police,South Yorkshire Police,-1.469957,53.318901,On or near Bowshaw Avenue,E01008084,Sheffield 070D,Criminal damage and arson,Unable to prosecute suspect,
4071ef6fac57bc510d34d3a9019f3d5a2d9e38511d3b097b4e0b63fb50718405,2025-02,South Yorkshire Police,South Yorkshire Police,-1.471502,53.321451,On or near Batemoor Place,E01008084,Sheffield 070D,Criminal damage and arson,Unable to prosecute suspect,
6de51d20bd39ef38f7f0459b9a609bf77c91a56e3a1153005579859b08989aef,2025-02,South Yorkshire Police,South Yorkshire Police,-1.465327,53.320651,On or near White Thorns View,E01008084,Sheffield 070D,Public order,Unable to prosecute suspect,
60db4e505215b467cce9d3c6be0556ac8d04645a348b4fe0a32a7932361a27a6,2025-02,South Yorkshire Police,South Yorkshire Police,-1.466218,53.320232,On or near White Thorns Close,E01008084,Sheffield 070D,Public order,Investigation complete; no suspect identified,
0bebd910872f661714966394d58be126f3d7cbaa960fc86ab17f0446aee67174,2025-02,South Yorkshire Police,South Yorkshire Police,-1.466218,53.320232,On or near White Thorns Close,E01008084,Sheffield 070D,Public order,Status update unavailable,
e1fbcd16831a2d2490e959c65b8ef0c5bdd3530d9d819c08870196cd84dad03c,2025-02,South Yorkshire Police,South Yorkshire Police,-1.469957,53.318901,On or near Bowshaw Avenue,E01008084,Sheffield 070D,Vehicle crime,Unable to prosecute suspect,
89d8ce762c457a4c950eeaedc6c67018afdd5f40cfb7a97b869e46c349d186d4,2025-02,South Yorkshire Police,South Yorkshire Police,-1.466844,53.319363,On or near White Thorns Drive,E01008084,Sheffield 070D,Vehicle crime,Unable to prosecute suspect,
31c2f3b8cb00a8cd96b058d88023ea54c813f4491c2f39531627f91cc3a2e819,2025-02,South Yorkshire Police,South Yorkshire Police,-1.466844,53.319363,On or near White Thorns Drive,E01008084,Sheffield 070D,Violence and sexual offences,Status update unavailable,
9856aadffa8990791a200dc7cd503289a7178570309d216b338735ccaeedbd0e,2025-02,South Yorkshire Police,South Yorkshire Police,-1.468652,53.318841,On or near Bowshaw Close,E01008084,Sheffield 070D,Violence and sexual offences,Unable to prosecute suspect,
11e15b1d076dd250454962ad6a2097e030cdcd5800aed0e31b249caad59c6159,2025-02,South Yorkshire Police,South Yorkshire Police,-1.471353,53.318916,On or near Bowshaw View,E01008084,Sheffield 070D,Violence and sexual offences,Investigation complete; no suspect identified,
998123d1946c379137de4787e9854de6cdf1e3dac2dea9f4ace734f6378bbb77,2025-02,South Yorkshire Police,South Yorkshire Police,-1.473212,53.321504,On or near Chesterfield Road South,E01008084,Sheffield 070D,Violence and sexual offences,Unable to prosecute suspect,
a8f75a0465f6df5372ea801f07d3cc24b49f71d9712f58df1e5f213bf59f860d,2025-02,South Yorkshire Police,South Yorkshire Police,-1.468652,53.318841,On or near Bowshaw Close,E01008084,Sheffield 070D,Violence and sexual offences,Unable to prosecute suspect,
990d585e15c698becf5e2f6e186312d38b8db47560449bb4e9437a795c230787,2025-02,South Yorkshire Police,South Yorkshire Police,-1.466844,53.319363,On or near White Thorns Drive,E01008084,Sheffield 070D,Violence and sexual offences,Unable to prosecute suspect,
2fd852e05fb0eff914c398c5adba0a3585db00c6c6e4ff088a1a952a4d7279a3,2025-02,South Yorkshire Police,South Yorkshire Police,-1.469957,53.318901,On or near Bowshaw Avenue,E01008084,Sheffield 070D,Violence and sexual offences,Unable to prosecute suspect,
f09e134c2df3b085b5e1e9578aa844fd50dd1a88112a2bb1e51475734d2bbf65,2025-02,South Yorkshire Police,South Yorkshire Police,-1.469957,53.318901,On or near Bowshaw Avenue,E01008084,Sheffield 070D,Violence and sexual offences,Unable to prosecute suspect,
8ec74396b7a37df53717ff45c83feca56df16fdb977bf379a0292773f75079b5,2025-02,South Yorkshire Police,South Yorkshire Police,-1.468652,53.318841,On or near Bowshaw Close,E01008084,Sheffield 070D,Violence and sexual offences,Awaiting court outcome,
5865557068874126f0c751646425b271f66025ecd4a87dffd98dab85b9f383b6,2025-02,South Yorkshire Police,South Yorkshire Police,-1.466218,53.320232,On or near White Thorns Close,E01008084,Sheffield 070D,Violence and sexual offences,Unable to prosecute suspect,
b3e7640f999aa97421aeba89fbba896c859a0982bc17259a941adf583d03078a,2025-02,South Yorkshire Police,South Yorkshire Police,-1.471502,53.321451,On or near Batemoor Place,E01008084,Sheffield 070D,Violence and sexual offences,Unable to prosecute suspect,
1006a94e6a04ce2d23c74fa8fe6d90875b1af27811b969b53b090b41d44d5e44,2025-02,South Yorkshire Police,South Yorkshire Police,-1.469957,53.318901,On or near Bowshaw Avenue,E01008084,Sheffield 070D,Violence and sexual offences,Unable to prosecute suspect,
11c5afc17c48cdbbe55ae7a277f439a0006de8b429cb15fd908b7ac3fd8435d3,2025-02,South Yorkshire Police,South Yorkshire Police,-1.466218,53.320232,On or near White Thorns Close,E01008084,Sheffield 070D,Violence and sexual offences,Unable to prosecute suspect,
f36f2d035263a45e123a01dd4d64bb8b6f4c2a438f846a7028f4d461416d9579,2025-02,South Yorkshire Police,South Yorkshire Police,-1.466218,53.320232,On or near White Thorns Close,E01008084,Sheffield 070D,Other crime,Unable to prosecute suspect,
a150e8b41a152c55bca1d890864e364c038d3d3bf8b72667aa758854ffc4f7a8,2025-02,South Yorkshire Police,South Yorkshire Police,-1.525030,53.319267,On or near Mill Lane,E01007915,Sheffield 071A,Vehicle crime,Investigation complete; no suspect identified,
86cc7a8118839ad974a8f0ff12c1c5ed5204777df6f49545099f659091061517,2025-02,South Yorkshire Police,South Yorkshire Police,-1.521804,53.317735,On or near Prospect Drive,E01007915,Sheffield 071A,Vehicle crime,Investigation complete; no suspect identified,
ef00c25c847c05b0cbaf80880f5cdfedf80bdcfbead057e8269553c49cdd5832,2025-02,South Yorkshire Police,South Yorkshire Police,-1.507764,53.316833,On or near Conalan Avenue,E01007915,Sheffield 071A,Vehicle crime,Unable to prosecute suspect,
0a52057f18ed274c4e4aa2bddb8540a88acaf551440eff768c0ba25566d33954,2025-02,South Yorkshire Police,South Yorkshire Police,-1.519564,53.316720,On or near Longford Crescent,E01007915,Sheffield 071A,Violence and sexual offences,Unable to prosecute suspect,
6b982d15a157037d3fda4f353bd9197dd08e4c49892d63602f24dd24764fdf47,2025-02,South Yorkshire Police,South Yorkshire Police,-1.519564,53.316720,On or near Longford Crescent,E01007915,Sheffield 071A,Violence and sexual offences,Unable to prosecute suspect,
,2025-02,South Yorkshire Police,South Yorkshire Police,-1.498188,53.321935,On or near Edmund Drive,E01007917,Sheffield 071B,Anti-social behaviour,,
,2025-02,South Yorkshire Police,South Yorkshire Police,-1.498188,53.321935,On or near Edmund Drive,E01007917,Sheffield 071B,Anti-social behaviour,,
7a6c233020cd787c48af3e968f08b4da5e1a46a934bd270e99171107ca2e07e0,2025-02,South Yorkshire Police,South Yorkshire Police,-1.496924,53.322190,On or near Fox Lane,E01007917,Sheffield 071B,Burglary,Investigation complete; no suspect identified,
4d02c1da893525ad5a2e5540fd3e9341f02b8cf4fcc2bcbd13c91cc239696485,2025-02,South Yorkshire Police,South Yorkshire Police,-1.498188,53.321935,On or near Edmund Drive,E01007917,Sheffield 071B,Burglary,Investigation complete; no suspect identified,
5b96d14a8ceff23855f046da46ebf8312c2d9ff18d78fade4141c4d59c92ca82,2025-02,South Yorkshire Police,South Yorkshire Police,-1.511491,53.317828,On or near Bradway Close,E01007917,Sheffield 071B,Burglary,Investigation complete; no suspect identified,
9198291fc8ac74007d2231ddf746697a7489b07f4ce34daa1d992a4338124d1e,2025-02,South Yorkshire Police,South Yorkshire Police,-1.501968,53.319341,On or near Petrol Station,E01007917,Sheffield 071B,Criminal damage and arson,Investigation complete; no suspect identified,
0f291a50ab7fedf52d764991001a7e51b7f273d6dd3221cfa5e24cd61fa0b767,2025-02,South Yorkshire Police,South Yorkshire Police,-1.496812,53.321516,On or near Edmund Close,E01007917,Sheffield 071B,Criminal damage and arson,Unable to prosecute suspect,
9ce2100f250cd2051c133e3a0b645042db4482090853c32b2e9c0f5ffd24a1dc,2025-02,South Yorkshire Police,South Yorkshire Police,-1.496812,53.321516,On or near Edmund Close,E01007917,Sheffield 071B,Criminal damage and arson,Investigation complete; no suspect identified,
51c9c2aa748ec928d975e4780f75fa2a661b5aa678f11178dd5fcd35dfdda51f,2025-02,South Yorkshire Police,South Yorkshire Police,-1.498558,53.321110,On or near Edmund Avenue,E01007917,Sheffield 071B,Criminal damage and arson,Unable to prosecute suspect,
83c9bcdcab608eb03f1bb2fb6417f1da5114011dbbf3173e65cc4e8409a995d7,2025-02,South Yorkshire Police,South Yorkshire Police,-1.498188,53.321935,On or near Edmund Drive,E01007917,Sheffield 071B,Public order,Unable to prosecute suspect,
c11791ff5b847d98c77402e7247e541d3583b359b5564087226b6791c679a4fa,2025-02,South Yorkshire Police,South Yorkshire Police,-1.496924,53.322190,On or near Fox Lane,E01007917,Sheffield 071B,Vehicle crime,Investigation complete; no suspect identified,
994ba40dfe6ee5be059b0345e05c853a32b2d58526edaf57f366eb07becde34a,2025-02,South Yorkshire Police,South Yorkshire Police,-1.504055,53.318283,On or near Bradway Road,E01007917,Sheffield 071B,Violence and sexual offences,Unable to prosecute suspect,
5d196af88d22a1d312e44c4c3124b2907a0833bf6b48267bec78816fc2aee05e,2025-02,South Yorkshire Police,South Yorkshire Police,-1.504055,53.318283,On or near Bradway Road,E01007917,Sheffield 071B,Violence and sexual offences,Unable to prosecute suspect,
b8959adc76eac32135bab6fae41ab9c08b137d02e6f14aff52183edcc27c25cb,2025-02,South Yorkshire Police,South Yorkshire Police,-1.504055,53.318283,On or near Bradway Road,E01007917,Sheffield 071B,Violence and sexual offences,Unable to prosecute suspect,
b63d02c5ffcfe18804e560948467a083bba9fb44ad857e2619bd9f1b1c3b864a,2025-02,South Yorkshire Police,South Yorkshire Police,-1.496812,53.321516,On or near Edmund Close,E01007917,Sheffield 071B,Other crime,Unable to prosecute suspect,
50fdee516c80eb61b2e9bf1b03c91f90d3079e2e428ca7c22710a7214d406888,2025-02,South Yorkshire Police,South Yorkshire Police,-1.527705,53.321678,On or near Vernon Road,E01007918,Sheffield 071C,Burglary,Investigation complete; no suspect identified,
20ad566f4ff1c2545d5653ddccf73cdfc8bc9bb8f0da724c427668f28148c848,2025-02,South Yorkshire Police,South Yorkshire Police,-1.522329,53.324515,On or near Abbeydale Park Crescent,E01007918,Sheffield 071C,Other theft,Awaiting court outcome,
974fddf32293632c9d29dd4d84a13d15e5d022d9984a66bf4d76e52731de42d5,2025-02,South Yorkshire Police,South Yorkshire Police,-1.523257,53.322065,On or near Brinkburn Close,E01007918,Sheffield 071C,Shoplifting,Investigation complete; no suspect identified,
618da93532d6aee3ed6e94b875dbec9828b2ffcc8a8f99672a2b4f237af30e14,2025-02,South Yorkshire Police,South Yorkshire Police,-1.523257,53.322065,On or near Brinkburn Close,E01007918,Sheffield 071C,Shoplifting,Investigation complete; no suspect identified,
f5e252e5af122f46e937639a0c87098c19108caf15ae1dfeb83e46695998813c,2025-02,South Yorkshire Police,South Yorkshire Police,-1.521060,53.322505,On or near Brinkburn Drive,E01007918,Sheffield 071C,Vehicle crime,Investigation complete; no suspect identified,
fe33753f639041abba62435aa5ed44c64c040b6de3d2a0ba2fa669103b937a64,2025-02,South Yorkshire Police,South Yorkshire Police,-1.527854,53.324474,On or near Devonshire Road,E01007918,Sheffield 071C,Violence and sexual offences,Unable to prosecute suspect,
02159efee17da9abad579d40459c2f5b1a9c053723bf1fb3cf5846c5dc6550ff,2025-02,South Yorkshire Police,South Yorkshire Police,-1.515423,53.323211,On or near Poynton Wood Crescent,E01007922,Sheffield 071D,Burglary,Investigation complete; no suspect identified,
7b68a68ca1142c0b221513bce2c154ace978e93f70c0b38df8b935708493e9f2,2025-02,South Yorkshire Police,South Yorkshire Police,-1.528661,53.313915,On or near Aldam Road,E01007924,Sheffield 071E,Criminal damage and arson,Investigation complete; no suspect identified,
7fb08d909030cdec125638a156293e62b3a77e0c297c72af9c8a94b97c85788a,2025-02,South Yorkshire Police,South Yorkshire Police,-1.524384,53.316541,On or near Laverdene Avenue,E01007924,Sheffield 071E,Criminal damage and arson,Investigation complete; no suspect identified,
,2025-02,South Yorkshire Police,South Yorkshire Police,-1.380207,53.333201,On or near Parkgate Croft,E01008021,Sheffield 072A,Anti-social behaviour,,
9413df9293d8f7ac2557835a4808857d5550455cd617c44b61983d13f9c8e585,2025-02,South Yorkshire Police,South Yorkshire Police,-1.376329,53.330331,On or near Rose Hill Avenue,E01008021,Sheffield 072A,Public order,Unable to prosecute suspect,
,2025-02,South Yorkshire Police,South Yorkshire Police,-1.342894,53.325127,On or near Supermarket,E01008023,Sheffield 072B,Anti-social behaviour,,
,2025-02,South Yorkshire Police,South Yorkshire Police,-1.342894,53.325127,On or near Supermarket,E01008023,Sheffield 072B,Anti-social behaviour,,
b38bd45a7b2b6c2c4ce313d71a5a8a420dadf274760258eccfbaeea061f696bf,2025-02,South Yorkshire Police,South Yorkshire Police,-1.343288,53.322972,On or near Oxclose Park Gardens,E01008023,Sheffield 072B,Other theft,Unable to prosecute suspect,
d90138dbe86dc24d9263d678010b7342c66e98c1997ab4ca7d021b1e3f6864af,2025-02,South Yorkshire Police,South Yorkshire Police,-1.342894,53.325127,On or near Supermarket,E01008023,Sheffield 072B,Public order,Investigation complete; no suspect identified,
a7b68b0999bd461f7573e2971cac35cdc22031117b49c9c2f1c339c367cc9be2,2025-02,South Yorkshire Police,South Yorkshire Police,-1.342894,53.325127,On or near Supermarket,E01008023,Sheffield 072B,Shoplifting,Investigation complete; no suspect identified,
905c1727a55ebbfc1c7138f0323b35273b0b32e0d12b2ea47952573c02a91cc0,2025-02,South Yorkshire Police,South Yorkshire Police,-1.342894,53.325127,On or near Supermarket,E01008023,Sheffield 072B,Shoplifting,Investigation complete; no suspect identified,
2e6d7545e2fddeb69bcaf128dd73d4e5a927cbd2bf783712526431ceac64bbf6,2025-02,South Yorkshire Police,South Yorkshire Police,-1.343288,53.322972,On or near Oxclose Park Gardens,E01008023,Sheffield 072B,Shoplifting,Investigation complete; no suspect identified,
fa73b2a41be0f9ab2d6adf3bf509eff13330a121a3ea27fdbc5878bcf5bbcd3c,2025-02,South Yorkshire Police,South Yorkshire Police,-1.342894,53.325127,On or near Supermarket,E01008023,Sheffield 072B,Shoplifting,Investigation complete; no suspect identified,
e42d5e5425ad9d0e543173f7602bce31717a25d857350d321def5c52cd472bc3,2025-02,South Yorkshire Police,South Yorkshire Police,-1.343288,53.322972,On or near Oxclose Park Gardens,E01008023,Sheffield 072B,Violence and sexual offences,Unable to prosecute suspect,
780ac6b1dfdb91ca06940687ddd557bb514c81b9a88cbb0d6c7fb150871a675b,2025-02,South Yorkshire Police,South Yorkshire Police,-1.342671,53.319148,On or near Hall Meadow Grove,E01008023,Sheffield 072B,Violence and sexual offences,Unable to prosecute suspect,
ca737042f6f9ddf7fcbdfe7afc0f6e663247d98cc0a7da6a9fff040434ce1ae7,2025-02,South Yorkshire Police,South Yorkshire Police,-1.343288,53.322972,On or near Oxclose Park Gardens,E01008023,Sheffield 072B,Violence and sexual offences,Unable to prosecute suspect,
00770d1b785abd3d8ec54258633a350eb21323a773c3dbd8699168d354a7f162,2025-02,South Yorkshire Police,South Yorkshire Police,-1.368710,53.328745,On or near Moor Crescent,E01008024,Sheffield 072C,Violence and sexual offences,Unable to prosecute suspect,
53233a909868086b1c52c86ea81e0e8eff8a361c4fc55f78c383daa20f45d5c6,2025-02,South Yorkshire Police,South Yorkshire Police,-1.371272,53.325046,On or near Bridle Stile Gardens,E01008025,Sheffield 072D,Burglary,Investigation complete; no suspect identified,
f43968ecb5d8035789d1b293a4471b26fbd674801692b88a8a1c1bccb6671790,2025-02,South Yorkshire Police,South Yorkshire Police,-1.367386,53.323857,On or near Farm Crescent,E01008025,Sheffield 072D,Drugs,Local resolution,
,2025-02,South Yorkshire Police,South Yorkshire Police,-1.350927,53.323113,On or near Borrowdale Avenue,E01032585,Sheffield 072E,Anti-social behaviour,,
13325922395783799b4173e2c5713e46a9609ff2eef6301f802fd099bd4a9a94,2025-02,South Yorkshire Police,South Yorkshire Police,-1.356676,53.322209,On or near Ralston Court,E01032585,Sheffield 072E,Vehicle crime,Investigation complete; no suspect identified,
3ab0b8951260ff768f7cb9023acecc07c90d1cc12f0e0a74169c705dfaf0ebaf,2025-02,South Yorkshire Police,South Yorkshire Police,-1.356676,53.322209,On or near Ralston Court,E01032585,Sheffield 072E,Violence and sexual offences,Unable to prosecute suspect,
55f18c048fe8ee5cce5402f13250869c2ee46c8ff8b3c83c6890afb971e7aa56,2025-02,South Yorkshire Police,South Yorkshire Police,-1.356676,53.322209,On or near Ralston Court,E01032585,Sheffield 072E,Violence and sexual offences,Unable to prosecute suspect,
b880e3b0090c50be0f6fdf903e9e41406727af637be5b6759a7e5c574569226f,2025-02,South Yorkshire Police,South Yorkshire Police,-1.355872,53.322771,On or near Ralston Croft,E01032585,Sheffield 072E,Violence and sexual offences,Unable to prosecute suspect,
1c6430c4130893227276c7686633408f0d33b53ddf841764b868e79178e0e5e7,2025-02,South Yorkshire Police,South Yorkshire Police,-1.352189,53.321079,On or near Dunedin Glen,E01032585,Sheffield 072E,Other crime,Unable to prosecute suspect,
5a6723ee69f8d9452b9b9519b1792a09b0fac4bd00b105e86e141facb562a9ff,2025-02,South Yorkshire Police,South Yorkshire Police,-1.352189,53.321079,On or near Dunedin Glen,E01032585,Sheffield 072E,Other crime,Unable to prosecute suspect,
38027a312c17c369739be5fc86f55befa89062010f4a884f8dc0b751d5f82816,2025-02,South Yorkshire Police,South Yorkshire Police,-1.476896,53.383632,On or near Garden Street,E01033261,Sheffield 073A,Bicycle theft,Investigation complete; no suspect identified,
4c033d3d1b6d8344f8ee04731aafd0c164eea3f71612547eb35cf4a777f60cca,2025-02,South Yorkshire Police,South Yorkshire Police,-1.477656,53.382970,On or near Broad Lane,E01033261,Sheffield 073A,Burglary,Unable to prosecute suspect,
19c9bba891ea387ee81055f7c731e1df4d62722f4987f3003971f8879108cf60,2025-02,South Yorkshire Police,South Yorkshire Police,-1.475274,53.384722,On or near Bakers Lane,E01033261,Sheffield 073A,Other theft,Unable to prosecute suspect,
c5b23b0a965645df9f4a808937d1201bcecee928a2363e5cf84f936ce9cb0e71,2025-02,South Yorkshire Police,South Yorkshire Police,-1.480275,53.382766,On or near Broad Lane Court,E01033261,Sheffield 073A,Possession of weapons,Unable to prosecute suspect,
f4ac8f05ae5324b01f4a7f240494438f9bb2919b986d890051297fdaab827f80,2025-02,South Yorkshire Police,South Yorkshire Police,-1.480275,53.382766,On or near Broad Lane Court,E01033261,Sheffield 073A,Possession of weapons,Unable to prosecute suspect,
7acc891befce94fa2bf08782adb2bdda9d9e0e7a87ff9370c51272ba10e6a305,2025-02,South Yorkshire Police,South Yorkshire Police,-1.475087,53.384065,On or near Hollis Croft,E01033261,Sheffield 073A,Public order,Unable to prosecute suspect,
cd05dc03a986be0e8fc3814bfcb50f0bde79319965ff1d1059b617a61fdbdd40,2025-02,South Yorkshire Police,South Yorkshire Police,-1.473403,53.384102,On or near White Croft,E01033261,Sheffield 073A,Public order,Investigation complete; no suspect identified,
f6fa2787e221e27bd3b91aee5d237fea888033b34790869d391bf6a302e6469b,2025-02,South Yorkshire Police,South Yorkshire Police,-1.482802,53.382651,On or near Brook Lane,E01033261,Sheffield 073A,Vehicle crime,Investigation complete; no suspect identified,
3721e705bea62a388c5d43bb77d651dd9ae4705bc3f8b43daeea169706370cdd,2025-02,South Yorkshire Police,South Yorkshire Police,-1.478303,53.382964,On or near Red Hill,E01033261,Sheffield 073A,Vehicle crime,Investigation complete; no suspect identified,
b3c4fe6eb183e24ed3502f68ae5b68997872f47888b13eed7dc117c20ecb1755,2025-02,South Yorkshire Police,South Yorkshire Police,-1.481089,53.382536,On or near Siddall Street,E01033261,Sheffield 073A,Violence and sexual offences,Investigation complete; no suspect identified,
52aa2e7e9bf1cbae868f647c117cf7a90313e362def1192bfbfefb2e4b9ba32a,2025-02,South Yorkshire Police,South Yorkshire Police,-1.473403,53.384102,On or near White Croft,E01033261,Sheffield 073A,Violence and sexual offences,Unable to prosecute suspect,
6b93707f6f15b25036ef64243767c86937b482b450e731383c10b0434368bb4b,2025-02,South Yorkshire Police,South Yorkshire Police,-1.476379,53.382893,On or near Boden Lane,E01033261,Sheffield 073A,Violence and sexual offences,Unable to prosecute suspect,
c93b5c40d022d8e356f8c02330d9fbdd57a20bd3b027c73acff3a4b01f8e3e2f,2025-02,South Yorkshire Police,South Yorkshire Police,-1.473403,53.384102,On or near White Croft,E01033261,Sheffield 073A,Violence and sexual offences,Unable to prosecute suspect,
,2025-02,South Yorkshire Police,South Yorkshire Police,-1.470478,53.383505,On or near Campo Lane,E01033262,Sheffield 073B,Anti-social behaviour,,
,2025-02,South Yorkshire Police,South Yorkshire Police,-1.470686,53.388612,On or near Alma Street,E01033262,Sheffield 073B,Anti-social behaviour,,
,2025-02,South Yorkshire Police,South Yorkshire Police,-1.468305,53.384170,On or near Fig Tree Lane,E01033262,Sheffield 073B,Anti-social behaviour,,
,2025-02,South Yorkshire Police,South Yorkshire Police,-1.470686,53.388612,On or near Alma Street,E01033262,Sheffield 073B,Anti-social behaviour,,
,2025-02,South Yorkshire Police,South Yorkshire Police,-1.471643,53.384130,On or near Silver Street Head,E01033262,Sheffield 073B,Anti-social behaviour,,
,2025-02,South Yorkshire Police,South Yorkshire Police,-1.470016,53.384393,On or near Paradise Street,E01033262,Sheffield 073B,Anti-social behaviour,,
,2025-02,South Yorkshire Police,South Yorkshire Police,-1.472976,53.386986,On or near Parking Area,E01033262,Sheffield 073B,Anti-social behaviour,,
,2025-02,South Yorkshire Police,South Yorkshire Police,-1.470771,53.382958,On or near Conference/Exhibition Centre,E01033262,Sheffield 073B,Anti-social behaviour,,
,2025-02,South Yorkshire Police,South Yorkshire Police,-1.470771,53.382958,On or near Conference/Exhibition Centre,E01033262,Sheffield 073B,Anti-social behaviour,,
,2025-02,South Yorkshire Police,South Yorkshire Police,-1.470771,53.382958,On or near Conference/Exhibition Centre,E01033262,Sheffield 073B,Anti-social behaviour,,
5195b6bc1829880164063541dea15d47fc20ffb5ab0b4e287764ec864c2d7a6a,2025-02,South Yorkshire Police,South Yorkshire Police,-1.470016,53.384393,On or near Paradise Street,E01033262,Sheffield 073B,Burglary,Investigation complete; no suspect identified,
11d5f064cc36d5fc2d85d5c21419c96f1f4932b62e300352d1c98d7aa86b2f9e,2025-02,South Yorkshire Police,South Yorkshire Police,-1.468804,53.383992,On or near St Peter'S Close,E01033262,Sheffield 073B,Burglary,Investigation complete; no suspect identified,
d18107679476e36f24631a0651a3a1a4f3e1e1e8e6e60deff133cd28a633dce1,2025-02,South Yorkshire Police,South Yorkshire Police,-1.468804,53.383992,On or near St Peter'S Close,E01033262,Sheffield 073B,Burglary,Investigation complete; no suspect identified,
d819ab28b9210fc84d286be5cc3d621fc52308e35ea0fc2b5873948cb2f97433,2025-02,South Yorkshire Police,South Yorkshire Police,-1.469340,53.384399,On or near North Church Street,E01033262,Sheffield 073B,Burglary,Investigation complete; no suspect identified,
bf6c651e027f6dc8ea4a8cff77fe11f367979e97bb53e3915334b197a369af4f,2025-02,South Yorkshire Police,South Yorkshire Police,-1.473403,53.382880,On or near Townhead Street,E01033262,Sheffield 073B,Burglary,Investigation complete; no suspect identified,
a0d2e377282e5163034ad4f477dd16ca1def576a7bb8c9d9eeacd70a6212c868,2025-02,South Yorkshire Police,South Yorkshire Police,-1.469340,53.384399,On or near North Church Street,E01033262,Sheffield 073B,Burglary,Investigation complete; no suspect identified,
769acfc9d133cf721c05eef7e153312c280461238f0c14bb0ca5ff9bd36c2d45,2025-02,South Yorkshire Police,South Yorkshire Police,-1.470016,53.384393,On or near Paradise Street,E01033262,Sheffield 073B,Criminal damage and arson,Investigation complete; no suspect identified,
ed5af74f235c4008abc7949e91476bf8b3d054912df0718c08354e481c3dd50e,2025-02,South Yorkshire Police,South Yorkshire Police,-1.471238,53.386547,On or near Bower Spring,E01033262,Sheffield 073B,Other theft,Investigation complete; no suspect identified,
9c2c9bc822a4345fc33943741da0b1e049517be67c9a27fb0bd280b52937c408,2025-02,South Yorkshire Police,South Yorkshire Police,-1.470478,53.383505,On or near Campo Lane,E01033262,Sheffield 073B,Possession of weapons,Awaiting court outcome,
54f12861b9eb05711df1ff97395ce12bb3d94a91c77dddf5b69e63e13a3c7dd6,2025-02,South Yorkshire Police,South Yorkshire Police,-1.473403,53.382880,On or near Townhead Street,E01033262,Sheffield 073B,Public order,Investigation complete; no suspect identified,
6db47ec970fb1b47a7efb5108c4b84bce6d273880af312e3e98510b512957d7a,2025-02,South Yorkshire Police,South Yorkshire Police,-1.472286,53.384448,On or near Tenter Street,E01033262,Sheffield 073B,Public order,Investigation complete; no suspect identified,
6d3c5f14a03daedab5fb9ba9ac09ae046112ef71400beda425a13a31fdfeced2,2025-02,South Yorkshire Police,South Yorkshire Police,-1.470538,53.386004,On or near Steelhouse Lane,E01033262,Sheffield 073B,Robbery,Investigation complete; no suspect identified,
2701a63a88e1b9131454ff2e0753d7edda37c8adf4e6b2f05a9e87c3de5db55b,2025-02,South Yorkshire Police,South Yorkshire Police,-1.470016,53.384393,On or near Paradise Street,E01033262,Sheffield 073B,Robbery,Awaiting court outcome,
5bcaf8db44617be7b2f38716de69cb0f7b2e0dcfac2040af39fabe1bf7a78757,2025-02,South Yorkshire Police,South Yorkshire Police,-1.472621,53.388971,On or near Cotton Mill Walk,E01033262,Sheffield 073B,Vehicle crime,Investigation complete; no suspect identified,
b278ca7e75637a90c56b0ce447addc5973ccfcf6710c0897c39ebef28e522921,2025-02,South Yorkshire Police,South Yorkshire Police,-1.472286,53.384448,On or near Tenter Street,E01033262,Sheffield 073B,Vehicle crime,Investigation complete; no suspect identified,
81aed782e3169b9488a1e4e9defad11bce76e2db4a0b82aaf99d9a42d7c9a027,2025-02,South Yorkshire Police,South Yorkshire Police,-1.471643,53.384130,On or near Silver Street Head,E01033262,Sheffield 073B,Vehicle crime,Investigation complete; no suspect identified,
4a644ada432cd1bd091bd9fdcbe0edf3b3d1535dbbd59f0f384b370df1fafc34,2025-02,South Yorkshire Police,South Yorkshire Police,-1.470016,53.384393,On or near Paradise Street,E01033262,Sheffield 073B,Violence and sexual offences,Awaiting court outcome,
c174c1d1e8e3ac363b6b0d90e9b67599a721bfaf1f6bb7bc7e4c93dce1e1a4eb,2025-02,South Yorkshire Police,South Yorkshire Police,-1.470478,53.383505,On or near Campo Lane,E01033262,Sheffield 073B,Violence and sexual offences,Investigation complete; no suspect identified,
e034a6ff9feb8eb51d74b97eec6b265339cbca52890e76d1ca679e2010ef0b66,2025-02,South Yorkshire Police,South Yorkshire Police,-1.471643,53.384130,On or near Silver Street Head,E01033262,Sheffield 073B,Violence and sexual offences,Unable to prosecute suspect,
8be371c281b5db91290bc5a29fb47a2f6246ab192ed7ae173806f17ff60c0d4c,2025-02,South Yorkshire Police,South Yorkshire Police,-1.470538,53.386004,On or near Steelhouse Lane,E01033262,Sheffield 073B,Violence and sexual offences,Unable to prosecute suspect,
9d2f7ee6c0b4278a507fb3e2c36f46fdbd83c3f8106bc3fd97ba62910a3cdd10,2025-02,South Yorkshire Police,South Yorkshire Police,-1.469494,53.385280,On or near West Bar,E01033262,Sheffield 073B,Violence and sexual offences,Awaiting court outcome,
d7558f2c4ad52e089a30a2bb39ddb599b9f711626d807d516938192cc8272735,2025-02,South Yorkshire Police,South Yorkshire Police,-1.467660,53.384104,On or near Meetinghouse Lane,E01033262,Sheffield 073B,Violence and sexual offences,Investigation complete; no suspect identified,
ac5f03102ffbe8286df875339b3ee75ff14bcfe994ca308c4f0ff226d2b93f1a,2025-02,South Yorkshire Police,South Yorkshire Police,-1.469494,53.385280,On or near West Bar,E01033262,Sheffield 073B,Violence and sexual offences,Awaiting court outcome,
57fac33a0522bf839f7bc1b76836d596f1678db7407b00eb1ca175a46ffa5eb6,2025-02,South Yorkshire Police,South Yorkshire Police,-1.470478,53.383505,On or near Campo Lane,E01033262,Sheffield 073B,Violence and sexual offences,Unable to prosecute suspect,
909bbe63123fb6848059c0c8a538ab6728b178a8c7f23093b1ee3185347e6b64,2025-02,South Yorkshire Police,South Yorkshire Police,-1.469494,53.385280,On or near West Bar,E01033262,Sheffield 073B,Violence and sexual offences,Awaiting court outcome,
,2025-02,South Yorkshire Police,South Yorkshire Police,-1.477131,53.390258,On or near Cornish Street,E01033263,Sheffield 073C,Anti-social behaviour,,
,2025-02,South Yorkshire Police,South Yorkshire Police,-1.477131,53.390258,On or near Cornish Street,E01033263,Sheffield 073C,Anti-social behaviour,,
2c844e671d3c7f5cc2ea3daf11ab2497ecb2354b3001d04f0466c435399630cc,2025-02,South Yorkshire Police,South Yorkshire Police,-1.474095,53.387683,On or near Ward Street,E01033263,Sheffield 073C,Bicycle theft,Investigation complete; no suspect identified,
a92d91f900495aaec801acd835a99742d1b28dea99490948556536c11b052a28,2025-02,South Yorkshire Police,South Yorkshire Police,-1.481393,53.389674,On or near Montgomery Terrace Road,E01033263,Sheffield 073C,Bicycle theft,Awaiting court outcome,
a6a0a49b7529f9bb80622a14a74d69e3d49f545940de9700dcc5ef43e9be566c,2025-02,South Yorkshire Police,South Yorkshire Police,-1.481393,53.389674,On or near Montgomery Terrace Road,E01033263,Sheffield 073C,Burglary,Investigation complete; no suspect identified,
4bbea68891d96a4f0ca60e4e35c5b06b3b93dae3eb676b4b96a503638a3dfa10,2025-02,South Yorkshire Police,South Yorkshire Police,-1.476185,53.388959,On or near Dun Street,E01033263,Sheffield 073C,Burglary,Investigation complete; no suspect identified,
fcd5ac68013fac2f68659561219708b02387b019138d2b41c8f6a58413a92580,2025-02,South Yorkshire Police,South Yorkshire Police,-1.474393,53.385464,On or near Scotland Street,E01033263,Sheffield 073C,Other theft,Investigation complete; no suspect identified,
2d4c80ea6d48b51da04cf9f1d962162e6f5110ad63510be84da237450c2dba0d,2025-02,South Yorkshire Police,South Yorkshire Police,-1.481046,53.391048,On or near Bedford Street,E01033263,Sheffield 073C,Possession of weapons,Awaiting court outcome,
728646a9729219384916ccfd4f997bd532876eefddd8eba1015ffc13f537fe00,2025-02,South Yorkshire Police,South Yorkshire Police,-1.477131,53.390258,On or near Cornish Street,E01033263,Sheffield 073C,Vehicle crime,Investigation complete; no suspect identified,
65400de376d30402a2ddb254d27e208bb014211d68ad2f190493da975b09436c,2025-02,South Yorkshire Police,South Yorkshire Police,-1.479877,53.389461,On or near St Philip'S Lane,E01033263,Sheffield 073C,Violence and sexual offences,Local resolution,
10c979a53bec1063740ca4ec261416b02f1af77d51c2b6fa0096fcd8c8008d18,2025-02,South Yorkshire Police,South Yorkshire Police,-1.482391,53.391683,On or near Cross Bedford Street,E01033263,Sheffield 073C,Violence and sexual offences,Investigation complete; no suspect identified,
41aafbc7bbd7986fbaa4d7be98e04eb06ceeb2a4812499efde6c61d3ae1ae5fa,2025-02,South Yorkshire Police,South Yorkshire Police,-1.473492,53.387842,On or near Bowling Green Street,E01033263,Sheffield 073C,Violence and sexual offences,Investigation complete; no suspect identified,
7782d68bcfeef0b3cda285c13d7d0c8af9deae9e4d72b51c6b03275ddc2ff0d5,2025-02,South Yorkshire Police,South Yorkshire Police,-1.474095,53.387683,On or near Ward Street,E01033263,Sheffield 073C,Violence and sexual offences,Unable to prosecute suspect,
0a5fe46b4e5285976c0d79b89081bf431322ed857105350467bcb2700b1edc5c,2025-02,South Yorkshire Police,South Yorkshire Police,-1.474723,53.388018,On or near Ebenezer Street,E01033263,Sheffield 073C,Violence and sexual offences,Investigation complete; no suspect identified,
1ebd89e082c6fb4453118c86640eeb60b6562a7c04531a23a7a18df0773b968b,2025-02,South Yorkshire Police,South Yorkshire Police,-1.475230,53.387086,On or near Blue Boy Street,E01033263,Sheffield 073C,Violence and sexual offences,Unable to prosecute suspect,
2bb4bd8acf69bd42f3a91789a803ed1382d7300c3bf3923bc2691119c0d8bc07,2025-02,South Yorkshire Police,South Yorkshire Police,-1.477131,53.390258,On or near Cornish Street,E01033263,Sheffield 073C,Violence and sexual offences,Investigation complete; no suspect identified,
,2025-02,South Yorkshire Police,South Yorkshire Police,-1.466493,53.384800,On or near Snig Hill,E01033264,Sheffield 073D,Anti-social behaviour,,
,2025-02,South Yorkshire Police,South Yorkshire Police,-1.466241,53.379702,On or near Arundel Gate,E01033264,Sheffield 073D,Anti-social behaviour,,
,2025-02,South Yorkshire Police,South Yorkshire Police,-1.466381,53.382912,On or near High Street,E01033264,Sheffield 073D,Anti-social behaviour,,
,2025-02,South Yorkshire Police,South Yorkshire Police,-1.466381,53.382912,On or near High Street,E01033264,Sheffield 073D,Anti-social behaviour,,
,2025-02,South Yorkshire Police,South Yorkshire Police,-1.466603,53.378409,On or near Howard Lane,E01033264,Sheffield 073D,Anti-social behaviour,,
,2025-02,South Yorkshire Police,South Yorkshire Police,-1.467204,53.384443,On or near Bank Street,E01033264,Sheffield 073D,Anti-social behaviour,,
,2025-02,South Yorkshire Police,South Yorkshire Police,-1.464252,53.383711,On or near Haymarket,E01033264,Sheffield 073D,Anti-social behaviour,,
,2025-02,South Yorkshire Police,South Yorkshire Police,-1.465225,53.384012,On or near Supermarket,E01033264,Sheffield 073D,Anti-social behaviour,,
,2025-02,South Yorkshire Police,South Yorkshire Police,-1.468581,53.381809,On or near Shopping Area,E01033264,Sheffield 073D,Anti-social behaviour,,
,2025-02,South Yorkshire Police,South Yorkshire Police,-1.464879,53.382869,On or near Fitzalan Square,E01033264,Sheffield 073D,Anti-social behaviour,,
,2025-02,South Yorkshire Police,South Yorkshire Police,-1.464879,53.382869,On or near Fitzalan Square,E01033264,Sheffield 073D,Anti-social behaviour,,
,2025-02,South Yorkshire Police,South Yorkshire Police,-1.466493,53.384800,On or near Snig Hill,E01033264,Sheffield 073D,Anti-social behaviour,,
,2025-02,South Yorkshire Police,South Yorkshire Police,-1.467204,53.384443,On or near Bank Street,E01033264,Sheffield 073D,Anti-social behaviour,,
,2025-02,South Yorkshire Police,South Yorkshire Police,-1.464319,53.385527,On or near Lady'S Bridge,E01033264,Sheffield 073D,Anti-social behaviour,,
,2025-02,South Yorkshire Police,South Yorkshire Police,-1.465186,53.382295,On or near Esperanto Place,E01033264,Sheffield 073D,Anti-social behaviour,,
,2025-02,South Yorkshire Police,South Yorkshire Police,-1.466241,53.379702,On or near Arundel Gate,E01033264,Sheffield 073D,Anti-social behaviour,,
,2025-02,South Yorkshire Police,South Yorkshire Police,-1.468624,53.382697,On or near East Parade,E01033264,Sheffield 073D,Anti-social behaviour,,
,2025-02,South Yorkshire Police,South Yorkshire Police,-1.464879,53.382869,On or near Fitzalan Square,E01033264,Sheffield 073D,Anti-social behaviour,,
,2025-02,South Yorkshire Police,South Yorkshire Police,-1.465186,53.382295,On or near Esperanto Place,E01033264,Sheffield 073D,Anti-social behaviour,,
,2025-02,South Yorkshire Police,South Yorkshire Police,-1.466623,53.380414,On or near Theatre/Concert Hall,E01033264,Sheffield 073D,Anti-social behaviour,,
,2025-02,South Yorkshire Police,South Yorkshire Police,-1.469066,53.378618,On or near Parking Area,E01033264,Sheffield 073D,Anti-social behaviour,,
,2025-02,South Yorkshire Police,South Yorkshire Police,-1.468682,53.376827,On or near Furnival Street,E01033264,Sheffield 073D,Anti-social behaviour,,
,2025-02,South Yorkshire Police,South Yorkshire Police,-1.466777,53.380136,On or near Theatre/Concert Hall,E01033264,Sheffield 073D,Anti-social behaviour,,
,2025-02,South Yorkshire Police,South Yorkshire Police,-1.466381,53.382912,On or near High Street,E01033264,Sheffield 073D,Anti-social behaviour,,
,2025-02,South Yorkshire Police,South Yorkshire Police,-1.469066,53.378618,On or near Parking Area,E01033264,Sheffield 073D,Anti-social behaviour,,
,2025-02,South Yorkshire Police,South Yorkshire Police,-1.469066,53.378618,On or near Parking Area,E01033264,Sheffield 073D,Anti-social behaviour,,
,2025-02,South Yorkshire Police,South Yorkshire Police,-1.469066,53.378618,On or near Parking Area,E01033264,Sheffield 073D,Anti-social behaviour,,
,2025-02,South Yorkshire Police,South Yorkshire Police,-1.470679,53.378230,On or near Union Street,E01033264,Sheffield 073D,Anti-social behaviour,,
,2025-02,South Yorkshire Police,South Yorkshire Police,-1.468624,53.382697,On or near East Parade,E01033264,Sheffield 073D,Anti-social behaviour,,
,2025-02,South Yorkshire Police,South Yorkshire Police,-1.466381,53.382912,On or near High Street,E01033264,Sheffield 073D,Anti-social behaviour,,
,2025-02,South Yorkshire Police,South Yorkshire Police,-1.469066,53.378618,On or near Parking Area,E01033264,Sheffield 073D,Anti-social behaviour,,
,2025-02,South Yorkshire Police,South Yorkshire Police,-1.469066,53.378618,On or near Parking Area,E01033264,Sheffield 073D,Anti-social behaviour,,
,2025-02,South Yorkshire Police,South Yorkshire Police,-1.466623,53.380414,On or near Theatre/Concert Hall,E01033264,Sheffield 073D,Anti-social behaviour,,
,2025-02,South Yorkshire Police,South Yorkshire Police,-1.465952,53.383629,On or near Angel Street,E01033264,Sheffield 073D,Anti-social behaviour,,
,2025-02,South Yorkshire Police,South Yorkshire Police,-1.465952,53.383629,On or near Angel Street,E01033264,Sheffield 073D,Anti-social behaviour,,
,2025-02,South Yorkshire Police,South Yorkshire Police,-1.470577,53.379191,On or near Pinstone Street,E01033264,Sheffield 073D,Anti-social behaviour,,
5be9fa8348964bf49e85b120bc905617db8d099ca0423c365b30cef82a66afd5,2025-02,South Yorkshire Police,South Yorkshire Police,-1.465952,53.383629,On or near Angel Street,E01033264,Sheffield 073D,Bicycle theft,Investigation complete; no suspect identified,
8c0f640249379f764ede22d48b5b9c9b0d5be8a227d71a8d8c3e5399bbba1b05,2025-02,South Yorkshire Police,South Yorkshire Police,-1.468624,53.382697,On or near East Parade,E01033264,Sheffield 073D,Bicycle theft,Investigation complete; no suspect identified,
f6570cd1753c01de80ea5865d59da6d47af4d96abfca27cc1af55d7a6103479a,2025-02,South Yorkshire Police,South Yorkshire Police,-1.467682,53.379861,On or near Cadman Lane,E01033264,Sheffield 073D,Bicycle theft,Investigation complete; no suspect identified,
ac07f916695d17494e981c9fde26cdd51864fa1124f7903a18c629ad703a38ad,2025-02,South Yorkshire Police,South Yorkshire Police,-1.468624,53.382697,On or near East Parade,E01033264,Sheffield 073D,Bicycle theft,Unable to prosecute suspect,
c255717528ea1f3ea9659e9983d78bcb31e52f9a84c24336f8da5735339401b8,2025-02,South Yorkshire Police,South Yorkshire Police,-1.468624,53.382697,On or near East Parade,E01033264,Sheffield 073D,Burglary,Investigation complete; no suspect identified,
86234af657e5bc8af070a06f3496d81cae0da49d9bd41bb69279c88ef08f68f0,2025-02,South Yorkshire Police,South Yorkshire Police,-1.467682,53.379861,On or near Cadman Lane,E01033264,Sheffield 073D,Burglary,Investigation complete; no suspect identified,
b3f443e76abee9396b3d8bc23edbc796d733e4a3c7d67e3c29e3fd06c070df21,2025-02,South Yorkshire Police,South Yorkshire Police,-1.467068,53.382133,On or near George Street,E01033264,Sheffield 073D,Criminal damage and arson,Investigation complete; no suspect identified,
f30cc60d6cf5510984d0538398ea8bbb4d7614b64e0411d3c12e6a3344e6580b,2025-02,South Yorkshire Police,South Yorkshire Police,-1.464319,53.385527,On or near Lady'S Bridge,E01033264,Sheffield 073D,Criminal damage and arson,Unable to prosecute suspect,
c4aba8b49e3c86e16b826fd0519ed46d526deb427616740e9a41c7b2baf694be,2025-02,South Yorkshire Police,South Yorkshire Police,-1.470843,53.381997,On or near Shopping Area,E01033264,Sheffield 073D,Criminal damage and arson,Investigation complete; no suspect identified,
0fceed75dab124f6d1d3e672f49b10b6f93bc21d0279ada398c25902e893615d,2025-02,South Yorkshire Police,South Yorkshire Police,-1.464980,53.384397,On or near Castle Green,E01033264,Sheffield 073D,Criminal damage and arson,Unable to prosecute suspect,
a8592a1db79990e96eec65bd5a4511582723a6b8dd379a1c5620b157e68a6522,2025-02,South Yorkshire Police,South Yorkshire Police,-1.467068,53.382133,On or near George Street,E01033264,Sheffield 073D,Criminal damage and arson,Unable to prosecute suspect,
528fae26f37c9b865b27ba899ce1a5a623231aefa77b7dc044104d6514acd5a1,2025-02,South Yorkshire Police,South Yorkshire Police,-1.464319,53.385527,On or near Lady'S Bridge,E01033264,Sheffield 073D,Criminal damage and arson,Unable to prosecute suspect,
9aa0b1bb57b3a7ff0f3edf8a7050bd7c64a0127ba7f246d67380f002d355b10c,2025-02,South Yorkshire Police,South Yorkshire Police,-1.468229,53.387864,On or near Parking Area,E01033264,Sheffield 073D,Criminal damage and arson,Investigation complete; no suspect identified,
98357b2962e77dc88ae0d2edd8e101007f0ad8fc16395624df20f654bd7fb749,2025-02,South Yorkshire Police,South Yorkshire Police,-1.467682,53.379861,On or near Cadman Lane,E01033264,Sheffield 073D,Criminal damage and arson,Status update unavailable,
7ebe0b5dac2650bb23507e44b9b134cb89ef7136f5c3cab5124396baee1d2c52,2025-02,South Yorkshire Police,South Yorkshire Police,-1.468624,53.382697,On or near East Parade,E01033264,Sheffield 073D,Criminal damage and arson,Investigation complete; no suspect identified,
dd8f6d7ae50f5d3821ef52cbde93d107de3f37cf0d4b1bd0ba64dfcf65e045e8,2025-02,South Yorkshire Police,South Yorkshire Police,-1.468624,53.382697,On or near East Parade,E01033264,Sheffield 073D,Criminal damage and arson,Awaiting court outcome,
b8b78e3ea31b4f731f6ca9c588ba3ba033393096702098707755f6be0571fa01,2025-02,South Yorkshire Police,South Yorkshire Police,-1.466381,53.382912,On or near High Street,E01033264,Sheffield 073D,Drugs,Further action is not in the public interest,
779b8e818fe9f99db1d8f6beb3fdd9b2997462caf8425ab92287cc9b9e7b98c0,2025-02,South Yorkshire Police,South Yorkshire Police,-1.465905,53.384968,On or near Police Station,E01033264,Sheffield 073D,Drugs,Status update unavailable,
93cc49d20f5b02c8afe823b8b02d1ec2d2950916eebe581c5d0be923a8647d25,2025-02,South Yorkshire Police,South Yorkshire Police,-1.466381,53.382912,On or near High Street,E01033264,Sheffield 073D,Drugs,Status update unavailable,
d901553089db298d432a61d6edb0c955263a22cc2556acc97d3994092d737a4c,2025-02,South Yorkshire Police,South Yorkshire Police,-1.465905,53.384968,On or near Police Station,E01033264,Sheffield 073D,Drugs,Local resolution,
123934ef49b451402c73b01fe0d8d50da007bcffdb1b9b77e3bb994fde59292f,2025-02,South Yorkshire Police,South Yorkshire Police,-1.466381,53.382912,On or near High Street,E01033264,Sheffield 073D,Drugs,Awaiting court outcome,
80240d8bda661a8d6894116bcc07b358f1f5b8a817231d2e4050f5b7f570db89,2025-02,South Yorkshire Police,South Yorkshire Police,-1.464879,53.382869,On or near Fitzalan Square,E01033264,Sheffield 073D,Drugs,Unable to prosecute suspect,
c08036e837c65055221cca5f49c6fae1bfbf39d3f5426b59fbfe0c95028b605c,2025-02,South Yorkshire Police,South Yorkshire Police,-1.468624,53.382697,On or near East Parade,E01033264,Sheffield 073D,Drugs,Local resolution,
35b7701cbec32db8a54454161f3b3d2017367775a9ef8d3656241f2c6ea1b887,2025-02,South Yorkshire Police,South Yorkshire Police,-1.466915,53.387130,On or near Millsands,E01033264,Sheffield 073D,Drugs,Local resolution,
56925c6247a1d32e7e07838f8a78c090e8efe63e0ae6f2c3a017f6c426d7adf9,2025-02,South Yorkshire Police,South Yorkshire Police,-1.465186,53.382295,On or near Esperanto Place,E01033264,Sheffield 073D,Drugs,Local resolution,
a7f94b6bd9c93b04b000ffaa78fb117a6126c2f1729fb1e3088b77a7ef99735a,2025-02,South Yorkshire Police,South Yorkshire Police,-1.470577,53.379191,On or near Pinstone Street,E01033264,Sheffield 073D,Drugs,Local resolution,
6bc243177b061dacb73ae5ca2edec028c5553b93b40a841f7a335e70186d015d,2025-02,South Yorkshire Police,South Yorkshire Police,-1.465905,53.384968,On or near Police Station,E01033264,Sheffield 073D,Drugs,Awaiting court outcome,
7ac1e6fd225e88de30c70147bea5777eaa8d3559ddb5e00ce0a1ca635290d1bc,2025-02,South Yorkshire Police,South Yorkshire Police,-1.465905,53.384968,On or near Police Station,E01033264,Sheffield 073D,Drugs,Unable to prosecute suspect,
4e8f19f1c50f85dc9a3ebf588b86eb080c75ebd4afc06f6f110f85d7406c4294,2025-02,South Yorkshire Police,South Yorkshire Police,-1.466381,53.382912,On or near High Street,E01033264,Sheffield 073D,Drugs,Local resolution,
ad1ee5c2db4215be9ebca4c7c38c576a30ff3380eebd46e64ade0286817d482d,2025-02,South Yorkshire Police,South Yorkshire Police,-1.466241,53.379702,On or near Arundel Gate,E01033264,Sheffield 073D,Other theft,Investigation complete; no suspect identified,
f36dd54543ac7845478a3fbb940c8171ddf32b9d72698bac4bef24f2d413ff56,2025-02,South Yorkshire Police,South Yorkshire Police,-1.466381,53.382912,On or near High Street,E01033264,Sheffield 073D,Other theft,Awaiting court outcome,
fb246147427c3de3cb65eca9e69bed83eff3b06dfc933d4cdc0a773ea649de1a,2025-02,South Yorkshire Police,South Yorkshire Police,-1.468624,53.382697,On or near East Parade,E01033264,Sheffield 073D,Other theft,Investigation complete; no suspect identified,
4808055f1bf6d327111b441d34ba09b51ffa33ce8062ce30113437f87c38aaa4,2025-02,South Yorkshire Police,South Yorkshire Police,-1.470577,53.379191,On or near Pinstone Street,E01033264,Sheffield 073D,Other theft,Investigation complete; no suspect identified,
7de8f228ac4857bbe3a8ec5b7df1aa578a03659ac0b430a38312ee44a7c99fed,2025-02,South Yorkshire Police,South Yorkshire Police,-1.468624,53.382697,On or near East Parade,E01033264,Sheffield 073D,Other theft,Investigation complete; no suspect identified,
584a62788fba06aae4ee0d28e41090c53212b6a9387b6f57174c2a38651a951d,2025-02,South Yorkshire Police,South Yorkshire Police,-1.466603,53.378409,On or near Howard Lane,E01033264,Sheffield 073D,Other theft,Investigation complete; no suspect identified,
3063b019284d3608b6e0128d4bb5b32bd4ee6bca2a0bb77c0059b66d9ee3e04e,2025-02,South Yorkshire Police,South Yorkshire Police,-1.466493,53.384800,On or near Snig Hill,E01033264,Sheffield 073D,Other theft,Investigation complete; no suspect identified,
5aeb0a55244c574afeeb3d69061a9997ff48c89535fbc197e041c63b034b9a8c,2025-02,South Yorkshire Police,South Yorkshire Police,-1.466241,53.379702,On or near Arundel Gate,E01033264,Sheffield 073D,Other theft,Investigation complete; no suspect identified,
8808f5c4ef9177913995cdd17d7535037e1a76187d614bfed27afcf0462adc1d,2025-02,South Yorkshire Police,South Yorkshire Police,-1.466381,53.382912,On or near High Street,E01033264,Sheffield 073D,Other theft,Investigation complete; no suspect identified,
a41ae66f97021a441208edb6b2f7335aeeed91f91ce950591403b822e114c63f,2025-02,South Yorkshire Police,South Yorkshire Police,-1.467630,53.378036,On or near Charles Lane,E01033264,Sheffield 073D,Other theft,Investigation complete; no suspect identified,
4954340ba8ca1bbf74cf0baceba25e61f374b9148d5cad1ca7ca2bebec856f53,2025-02,South Yorkshire Police,South Yorkshire Police,-1.466381,53.382912,On or near High Street,E01033264,Sheffield 073D,Other theft,Investigation complete; no suspect identified,
aed5a660d79e1eea2990c553452daae7cfa89c1b5d5ed379315da009f452447e,2025-02,South Yorkshire Police,South Yorkshire Police,-1.466623,53.380414,On or near Theatre/Concert Hall,E01033264,Sheffield 073D,Other theft,Investigation complete; no suspect identified,
9d63445b371b3405e44f422a1e9216e817821bc3a3ea80e03458e0add6cbd8fb,2025-02,South Yorkshire Police,South Yorkshire Police,-1.465952,53.383629,On or near Angel Street,E01033264,Sheffield 073D,Other theft,Investigation complete; no suspect identified,
3e927d62ff2d75f930ca05783dfadcb8d75a5d54ffbc8bbe62673b6837bcc04d,2025-02,South Yorkshire Police,South Yorkshire Police,-1.464319,53.385527,On or near Lady'S Bridge,E01033264,Sheffield 073D,Possession of weapons,Investigation complete; no suspect identified,
2f00befc0ba9bd029a4381f411ab419638e5e0c4b602ea3913dc32d6f1ae2802,2025-02,South Yorkshire Police,South Yorkshire Police,-1.466381,53.382912,On or near High Street,E01033264,Sheffield 073D,Possession of weapons,Investigation complete; no suspect identified,
b74d4433089ad55c88ac33f76423a873ee169546c2431c40d4acff5887f37b8b,2025-02,South Yorkshire Police,South Yorkshire Police,-1.468624,53.382697,On or near East Parade,E01033264,Sheffield 073D,Possession of weapons,Investigation complete; no suspect identified,
c15c012e66c3cd4651790cbab7a432a41c51bbf0a7062fca79f2d4f0499190f9,2025-02,South Yorkshire Police,South Yorkshire Police,-1.467162,53.386645,On or near Parking Area,E01033264,Sheffield 073D,Possession of weapons,Investigation complete; no suspect identified,
1f59e51cab6f34bd17cf3a07e4dfc740a846e082a7b06856abaf7405082eb585,2025-02,South Yorkshire Police,South Yorkshire Police,-1.468182,53.383162,On or near York Street,E01033264,Sheffield 073D,Public order,Unable to prosecute suspect,
400d4f635d260ef9302fb736444d306c864f4b928bdf8a2659bcc13efee5c34a,2025-02,South Yorkshire Police,South Yorkshire Police,-1.465186,53.382295,On or near Esperanto Place,E01033264,Sheffield 073D,Public order,Unable to prosecute suspect,
e51d6e4469c15f9669c7e7092ee34ff3829163e2609f5d3866897eaeb0533ccd,2025-02,South Yorkshire Police,South Yorkshire Police,-1.465905,53.384968,On or near Police Station,E01033264,Sheffield 073D,Public order,Awaiting court outcome,
27f4d64fc55a00db5cb5e0855e041ef9f02a66f40c0ffac5db38059843c661dd,2025-02,South Yorkshire Police,South Yorkshire Police,-1.466493,53.384800,On or near Snig Hill,E01033264,Sheffield 073D,Public order,Unable to prosecute suspect,
4e1cf5e1eb003e12d796dd383432e870e3dc1bcc3047ce9a01671b741b2a60aa,2025-02,South Yorkshire Police,South Yorkshire Police,-1.464879,53.382869,On or near Fitzalan Square,E01033264,Sheffield 073D,Public order,Investigation complete; no suspect identified,
7730fd4b7acf9bf6c831ea42d3d2f15ee44a69414feb7683baa8c4614d3842bb,2025-02,South Yorkshire Police,South Yorkshire Police,-1.466381,53.382912,On or near High Street,E01033264,Sheffield 073D,Public order,Investigation complete; no suspect identified,
46bcd43946b0c898d3de0a9c033f34c0cbdf0e65212ae29fd0110569292531c6,2025-02,South Yorkshire Police,South Yorkshire Police,-1.464585,53.383533,On or near King Street,E01033264,Sheffield 073D,Public order,Unable to prosecute suspect,
8958fee2b054e0e917fe21764dcb04c806be688b0acb9c70ce0509957368fe42,2025-02,South Yorkshire Police,South Yorkshire Police,-1.465905,53.384968,On or near Police Station,E01033264,Sheffield 073D,Public order,Awaiting court outcome,
2ebef3b645f04cc75e2ecf07e4ae9b3b42298c4fb5c55efae80965e472af60e6,2025-02,South Yorkshire Police,South Yorkshire Police,-1.465818,53.382289,On or near Parking Area,E01033264,Sheffield 073D,Public order,Unable to prosecute suspect,
fda6624fb3ff6aefe39e193d309f2ad38b10b3e6dc7a690996ec8847fb79fd8c,2025-02,South Yorkshire Police,South Yorkshire Police,-1.466381,53.382912,On or near High Street,E01033264,Sheffield 073D,Public order,Investigation complete; no suspect identified,
1fd42284a15dd8e754dc1710d64dfa92c46ffc3c3b1469510b380f12eb27b17e,2025-02,South Yorkshire Police,South Yorkshire Police,-1.468624,53.382697,On or near East Parade,E01033264,Sheffield 073D,Public order,Investigation complete; no suspect identified,
a67d0ce3517b04eea264742f15bd457890e2a82b64f09d244ca168bba0cd928d,2025-02,South Yorkshire Police,South Yorkshire Police,-1.466381,53.382912,On or near High Street,E01033264,Sheffield 073D,Public order,Unable to prosecute suspect,
9309024b03c506dcddc31e1c214e6ae3ea45011fd80125a74c5111f168d61bc7,2025-02,South Yorkshire Police,South Yorkshire Police,-1.465952,53.383629,On or near Angel Street,E01033264,Sheffield 073D,Public order,Awaiting court outcome,
a5f49d968393c218ca27db2229a1ed688682bde398cdda5f71ac9f8b3eaeb5d0,2025-02,South Yorkshire Police,South Yorkshire Police,-1.466241,53.379702,On or near Arundel Gate,E01033264,Sheffield 073D,Public order,Investigation complete; no suspect identified,
acaab90d942f58b8d60d010b54f3e92fe8de5ff800720484e9284706369899f7,2025-02,South Yorkshire Police,South Yorkshire Police,-1.466381,53.382912,On or near High Street,E01033264,Sheffield 073D,Public order,Investigation complete; no suspect identified,
85333f0d20937a61f1f7fc87782f4cbd9cb4b3024f7f3c58a65a0c8eebac461d,2025-02,South Yorkshire Police,South Yorkshire Police,-1.468624,53.382697,On or near East Parade,E01033264,Sheffield 073D,Public order,Unable to prosecute suspect,
4af573c60362b12f86df913a96506fef3b840a08bf4886f2ba94ea64ff9fc1cd,2025-02,South Yorkshire Police,South Yorkshire Police,-1.465905,53.384968,On or near Police Station,E01033264,Sheffield 073D,Public order,Awaiting court outcome,
3ed51cdb0eb8153318a822c77b020d40220e90c0fdabde88f81d8793d806a0c7,2025-02,South Yorkshire Police,South Yorkshire Police,-1.465905,53.384968,On or near Police Station,E01033264,Sheffield 073D,Public order,Status update unavailable,
004b73198601215b122f61160f6a7af597d1a0a99b41fe1819d3b91cdfc37b31,2025-02,South Yorkshire Police,South Yorkshire Police,-1.465905,53.384968,On or near Police Station,E01033264,Sheffield 073D,Public order,Unable to prosecute suspect,
09151f9016f77da41f4c188382f852899f90187c89ab3422e78e79c297a2b183,2025-02,South Yorkshire Police,South Yorkshire Police,-1.468443,53.376737,On or near Arundel Street,E01033264,Sheffield 073D,Public order,Unable to prosecute suspect,
067979394c359372ec0dcbb67c644fd4da1ec5ed5d21d53906440b9c101b3b77,2025-02,South Yorkshire Police,South Yorkshire Police,-1.465952,53.383629,On or near Angel Street,E01033264,Sheffield 073D,Public order,Unable to prosecute suspect,
8af79228a854528a43934b5f14837bfa7de1e105b788507004a33046d3ed02fb,2025-02,South Yorkshire Police,South Yorkshire Police,-1.465186,53.382295,On or near Esperanto Place,E01033264,Sheffield 073D,Public order,Investigation complete; no suspect identified,
7402e49f9416eea35035788d403ab8b1c1fa8c8d5d09f220505f6839b820532a,2025-02,South Yorkshire Police,South Yorkshire Police,-1.464879,53.382869,On or near Fitzalan Square,E01033264,Sheffield 073D,Public order,Investigation complete; no suspect identified,
de6236f100a3c2cbe49e1d221c343efb8ffd8cbaa9ac770b8c94a7cc567c4e0f,2025-02,South Yorkshire Police,South Yorkshire Police,-1.468581,53.381809,On or near Shopping Area,E01033264,Sheffield 073D,Public order,Awaiting court outcome,
d012d87b199e2dffb5595c02913c3a5895d4a5f0da4c70d509279245e7373671,2025-02,South Yorkshire Police,South Yorkshire Police,-1.468624,53.382697,On or near East Parade,E01033264,Sheffield 073D,Public order,Investigation complete; no suspect identified,
44f2a4062478de164699e5c08d590d5de64d3229c258381839fdb3d2668aa6d5,2025-02,South Yorkshire Police,South Yorkshire Police,-1.466381,53.382912,On or near High Street,E01033264,Sheffield 073D,Public order,Awaiting court outcome,
c87f1eeb9d8c6ac1b73f2fb396319390fa35d57992ac4fd500cdfea043955e94,2025-02,South Yorkshire Police,South Yorkshire Police,-1.465952,53.383629,On or near Angel Street,E01033264,Sheffield 073D,Public order,Investigation complete; no suspect identified,
7d03d0e5d9a9b7de786edbe3995e2ee9dc5012ce671ccf036534e939fea2a8d7,2025-02,South Yorkshire Police,South Yorkshire Police,-1.466603,53.378409,On or near Howard Lane,E01033264,Sheffield 073D,Public order,Investigation complete; no suspect identified,
41b6ee274cf2702b9509b3aa944b6660727e8e842add38680dfb7b7428cf4c93,2025-02,South Yorkshire Police,South Yorkshire Police,-1.465905,53.384968,On or near Police Station,E01033264,Sheffield 073D,Public order,Unable to prosecute suspect,
02ffd23cf649228021858cf51c783a99eb6d0d3fc5c5cd0c5fdc61bee567a665,2025-02,South Yorkshire Police,South Yorkshire Police,-1.468624,53.382697,On or near East Parade,E01033264,Sheffield 073D,Public order,Unable to prosecute suspect,
971899c5382f495e03c6933e954c5358d0ffa79701680222567bf2e648f4af3c,2025-02,South Yorkshire Police,South Yorkshire Police,-1.468443,53.376737,On or near Arundel Street,E01033264,Sheffield 073D,Public order,Unable to prosecute suspect,
245634d980a8cabf57532973139d89da730732b9bd6f222f9ee764a75e564493,2025-02,South Yorkshire Police,South Yorkshire Police,-1.469066,53.378618,On or near Parking Area,E01033264,Sheffield 073D,Public order,Unable to prosecute suspect,
25598aded05b4023c581809223ba9eda769d74e957b195609713ad21fbce6290,2025-02,South Yorkshire Police,South Yorkshire Police,-1.468624,53.382697,On or near East Parade,E01033264,Sheffield 073D,Public order,Investigation complete; no suspect identified,
2b994753a4bf60f6070decfc0671a37fdfad4bc407f67aab47a5326a7895b755,2025-02,South Yorkshire Police,South Yorkshire Police,-1.468581,53.381809,On or near Shopping Area,E01033264,Sheffield 073D,Robbery,Status update unavailable,
1e3192aa86e2a4fe4a743f6cfad1f8f37a7e915eac70b29283cd25c82538305a,2025-02,South Yorkshire Police,South Yorkshire Police,-1.468581,53.381809,On or near Shopping Area,E01033264,Sheffield 073D,Robbery,Investigation complete; no suspect identified,
2417c78d0f5d8c5561de7941c140c191159dad4c895d4c64353148919471305b,2025-02,South Yorkshire Police,South Yorkshire Police,-1.468581,53.381809,On or near Shopping Area,E01033264,Sheffield 073D,Robbery,Unable to prosecute suspect,
a00da26e186cc58ac1eb95eb3f12ef552f58568b478a701810baad7a62fbc4ce,2025-02,South Yorkshire Police,South Yorkshire Police,-1.465952,53.383629,On or near Angel Street,E01033264,Sheffield 073D,Robbery,Investigation complete; no suspect identified,
6863b1d198312e6bef1a3f6fc329b1c33e32f0c11f4b840c8d839e1e3f11032e,2025-02,South Yorkshire Police,South Yorkshire Police,-1.466623,53.380414,On or near Theatre/Concert Hall,E01033264,Sheffield 073D,Robbery,Investigation complete; no suspect identified,
b9a6b6f927fa8b639820a7e6f22a2dbc95886d4d247a51edfa8d241314dcf02f,2025-02,South Yorkshire Police,South Yorkshire Police,-1.466381,53.382912,On or near High Street,E01033264,Sheffield 073D,Shoplifting,Awaiting court outcome,
cda9998c95a30c1ef71357b9de3a9bec02ded610f0b291ec1804e6da4fce5a3c,2025-02,South Yorkshire Police,South Yorkshire Police,-1.468581,53.381809,On or near Shopping Area,E01033264,Sheffield 073D,Shoplifting,Awaiting court outcome,
00ad753c399b7c341240a6e56d87af98971b8c1d30c1d4ece4306fb6ca11604f,2025-02,South Yorkshire Police,South Yorkshire Police,-1.470843,53.381997,On or near Shopping Area,E01033264,Sheffield 073D,Shoplifting,Awaiting court outcome,
90d94c52841f82ec871a262c905643cad76fcff67c1fc54d1fbd97279ae2cf84,2025-02,South Yorkshire Police,South Yorkshire Police,-1.468581,53.381809,On or near Shopping Area,E01033264,Sheffield 073D,Shoplifting,Status update unavailable,
f8a4205bc367e039fc6ef8f7d3ad1eda02f930c5febbf77deaa9a91b59e8dea2,2025-02,South Yorkshire Police,South Yorkshire Police,-1.468581,53.381809,On or near Shopping Area,E01033264,Sheffield 073D,Shoplifting,Awaiting court outcome,
c60b85c5916a15adf25e9c949376d41ee5e5ec95cb2921e2b838f3bc8faf3b48,2025-02,South Yorkshire Police,South Yorkshire Police,-1.464252,53.383711,On or near Haymarket,E01033264,Sheffield 073D,Shoplifting,Investigation complete; no suspect identified,
eeb1bdf45fe0cea5b2faed71f5943eaa24b5774a37e03514414b7f14a064aeb3,2025-02,South Yorkshire Police,South Yorkshire Police,-1.470843,53.381997,On or near Shopping Area,E01033264,Sheffield 073D,Shoplifting,Investigation complete; no suspect identified,
d6680cde85f047bcd08b2e1081271bb1c069dfe80a973fbcc7acc92b078b74be,2025-02,South Yorkshire Police,South Yorkshire Police,-1.468581,53.381809,On or near Shopping Area,E01033264,Sheffield 073D,Shoplifting,Awaiting court outcome,
bc2d0aa5ecf8059840e43ea47e6c221d839d02448589b0d90c4f346088a237a0,2025-02,South Yorkshire Police,South Yorkshire Police,-1.466381,53.382912,On or near High Street,E01033264,Sheffield 073D,Shoplifting,Unable to prosecute suspect,
f8aaf5a2f253164d8e5bfe93ed725467a094decea1c9b967b09909bb40713c03,2025-02,South Yorkshire Police,South Yorkshire Police,-1.468581,53.381809,On or near Shopping Area,E01033264,Sheffield 073D,Shoplifting,Investigation complete; no suspect identified,
bdf7951b4df697616ae23de9d172ca19390bbd517812272d1f44230136d81803,2025-02,South Yorkshire Police,South Yorkshire Police,-1.468581,53.381809,On or near Shopping Area,E01033264,Sheffield 073D,Shoplifting,Unable to prosecute suspect,
dadb7c71f10ddff32c131688150aadcdfb702f63749255bfa473af4f2f0d2f8a,2025-02,South Yorkshire Police,South Yorkshire Police,-1.466381,53.382912,On or near High Street,E01033264,Sheffield 073D,Shoplifting,Unable to prosecute suspect,
b26f428731ab8e201b186f9aecefb6a84561c4f6382789f51acb727e432ee0bc,2025-02,South Yorkshire Police,South Yorkshire Police,-1.468581,53.381809,On or near Shopping Area,E01033264,Sheffield 073D,Shoplifting,Investigation complete; no suspect identified,
07f9e7451d4043be79b52b06991c7a209ca2891beb4395c397b8c4a42b52b159,2025-02,South Yorkshire Police,South Yorkshire Police,-1.468062,53.378326,On or near Further/Higher Educational Building,E01033264,Sheffield 073D,Shoplifting,Awaiting court outcome,
f9e732a7ae127dd0d9aec9e2c14a5a0a50157a22e4ef074ba2e0b4e1def81b41,2025-02,South Yorkshire Police,South Yorkshire Police,-1.468581,53.381809,On or near Shopping Area,E01033264,Sheffield 073D,Shoplifting,Investigation complete; no suspect identified,
9c82d5d71ef6a2f969c45e02e3a3877914582de9d7a80e85e702ee9b3be73c04,2025-02,South Yorkshire Police,South Yorkshire Police,-1.468581,53.381809,On or near Shopping Area,E01033264,Sheffield 073D,Shoplifting,Investigation complete; no suspect identified,
17dbfcfff4722b27c58b896ea2eb97500e8d7ecb3bf67a761d50699eb2944023,2025-02,South Yorkshire Police,South Yorkshire Police,-1.466381,53.382912,On or near High Street,E01033264,Sheffield 073D,Shoplifting,Unable to prosecute suspect,
472bc8970c52535c522aef7eb0b99ec242eaf23d261a6871850efc9e7224c699,2025-02,South Yorkshire Police,South Yorkshire Police,-1.466603,53.378409,On or near Howard Lane,E01033264,Sheffield 073D,Shoplifting,Unable to prosecute suspect,
16c3ea6463fae78be8c78cf2cfa1f2ae00e3df7add1ceb63bf6ab2207eee4b28,2025-02,South Yorkshire Police,South Yorkshire Police,-1.468062,53.378326,On or near Further/Higher Educational Building,E01033264,Sheffield 073D,Shoplifting,Investigation complete; no suspect identified,
06e7d5e7ccb1e02139c372347ec2c93deda3bfdea70cdd50e67f3e9ae3f9fc07,2025-02,South Yorkshire Police,South Yorkshire Police,-1.468581,53.381809,On or near Shopping Area,E01033264,Sheffield 073D,Shoplifting,Unable to prosecute suspect,
7dffb02432869742378a64983d9a3d88d52a448857097768a8f89da5733d8a43,2025-02,South Yorkshire Police,South Yorkshire Police,-1.468581,53.381809,On or near Shopping Area,E01033264,Sheffield 073D,Shoplifting,Awaiting court outcome,
0da29ee737851c52bb0c9243386660c66ae624e3e4b1f4ed2c5f55db4d269a46,2025-02,South Yorkshire Police,South Yorkshire Police,-1.466603,53.378409,On or near Howard Lane,E01033264,Sheffield 073D,Shoplifting,Awaiting court outcome,
5bf98191966b9f721b0c6649299cba2ad35121a2215c504b01ff430f58c46e07,2025-02,South Yorkshire Police,South Yorkshire Police,-1.468581,53.381809,On or near Shopping Area,E01033264,Sheffield 073D,Shoplifting,Awaiting court outcome,
25361b75726d067fbd3a44ea8b966cdd380be241f46cab6f2bb0431729165087,2025-02,South Yorkshire Police,South Yorkshire Police,-1.468581,53.381809,On or near Shopping Area,E01033264,Sheffield 073D,Shoplifting,Awaiting court outcome,
778fa6c46a3540eb53aea72f05171484e0a613ea1cf70c2daf228f8efeedf3fe,2025-02,South Yorkshire Police,South Yorkshire Police,-1.464879,53.382869,On or near Fitzalan Square,E01033264,Sheffield 073D,Shoplifting,Investigation complete; no suspect identified,
29b504293412a2292ade55a52ebdfd6600ff98502bfbe453aeb0683690dc0cf6,2025-02,South Yorkshire Police,South Yorkshire Police,-1.470843,53.381997,On or near Shopping Area,E01033264,Sheffield 073D,Shoplifting,Awaiting court outcome,
60e5d650c4531d840487a6f1df43187d00fb15ce48fded9b16f49dcec3b31460,2025-02,South Yorkshire Police,South Yorkshire Police,-1.466381,53.382912,On or near High Street,E01033264,Sheffield 073D,Shoplifting,Investigation complete; no suspect identified,
f153b784d91a3548d1fe55bfdd26c8339ee6feaf47272827b31e7f7dcae40333,2025-02,South Yorkshire Police,South Yorkshire Police,-1.466381,53.382912,On or near High Street,E01033264,Sheffield 073D,Shoplifting,Investigation complete; no suspect identified,
566cf61b0b92930801a36a552f03afea89d660657426a686ade742280cff3230,2025-02,South Yorkshire Police,South Yorkshire Police,-1.468581,53.381809,On or near Shopping Area,E01033264,Sheffield 073D,Shoplifting,Awaiting court outcome,
848a8b5ee60f3b6ad63c54e6c3f9103d3a5687959ba9d72fe67fa0ddd6a76e24,2025-02,South Yorkshire Police,South Yorkshire Police,-1.466603,53.378409,On or near Howard Lane,E01033264,Sheffield 073D,Shoplifting,Investigation complete; no suspect identified,
2e11b4386ddaed8e72b99bf66aa2103c7d7d953d8233216343aa5104068582f8,2025-02,South Yorkshire Police,South Yorkshire Police,-1.466381,53.382912,On or near High Street,E01033264,Sheffield 073D,Shoplifting,Investigation complete; no suspect identified,
bb0805f3d0c1cf4ea88f85ddc76321600644ac744cab5a528e5faa91010cddaf,2025-02,South Yorkshire Police,South Yorkshire Police,-1.468581,53.381809,On or near Shopping Area,E01033264,Sheffield 073D,Shoplifting,Investigation complete; no suspect identified,
62e272cb7598835e01b487aa24df08d4cefae1e0347046ce79815adf6454f0a9,2025-02,South Yorkshire Police,South Yorkshire Police,-1.468581,53.381809,On or near Shopping Area,E01033264,Sheffield 073D,Shoplifting,Investigation complete; no suspect identified,
ef97110d51fe5b1ca0cc9756e59ef1ce7b10a8fb7e54830ec03dacd60a438291,2025-02,South Yorkshire Police,South Yorkshire Police,-1.464252,53.383711,On or near Haymarket,E01033264,Sheffield 073D,Shoplifting,Investigation complete; no suspect identified,
9755c105339b24d74bf74a6045824b13cca3d6209e86a356f9e0c69f3815710a,2025-02,South Yorkshire Police,South Yorkshire Police,-1.468581,53.381809,On or near Shopping Area,E01033264,Sheffield 073D,Shoplifting,Investigation complete; no suspect identified,
afe92020e8b44f92a520595b63e25e1ce43cad635a3b4aa3fb8f74e4074771c6,2025-02,South Yorkshire Police,South Yorkshire Police,-1.466603,53.378409,On or near Howard Lane,E01033264,Sheffield 073D,Shoplifting,Investigation complete; no suspect identified,
34a199271f674101407ec633ad09db69df8fec8b6507dca821a7749ff6379bb1,2025-02,South Yorkshire Police,South Yorkshire Police,-1.464879,53.382869,On or near Fitzalan Square,E01033264,Sheffield 073D,Shoplifting,Investigation complete; no suspect identified,
2e398dcf053dabdaa4047b96ed8d96a0f00bd5127feb030fc26dd7b2f19bde80,2025-02,South Yorkshire Police,South Yorkshire Police,-1.468624,53.382697,On or near East Parade,E01033264,Sheffield 073D,Shoplifting,Awaiting court outcome,
573f3ba302c3f176de5b6a54450ac08577c275f21a5c2dd289295c800fe52060,2025-02,South Yorkshire Police,South Yorkshire Police,-1.464879,53.382869,On or near Fitzalan Square,E01033264,Sheffield 073D,Theft from the person,Investigation complete; no suspect identified,
bb625971ba1c7f8058bb61a4864e2b9113e12d0b933a976c0b2a07c8fc80f6a4,2025-02,South Yorkshire Police,South Yorkshire Police,-1.466381,53.382912,On or near High Street,E01033264,Sheffield 073D,Theft from the person,Investigation complete; no suspect identified,
a1234cddc8a044ff34588add86ee8c87fe29631a973edebeca1278a942c56f65,2025-02,South Yorkshire Police,South Yorkshire Police,-1.470679,53.378230,On or near Union Street,E01033264,Sheffield 073D,Theft from the person,Investigation complete; no suspect identified,
9c1cd31a32b49fc9aacaedd03637302b2643805c85b77c63011826b07c85fd7c,2025-02,South Yorkshire Police,South Yorkshire Police,-1.466381,53.382912,On or near High Street,E01033264,Sheffield 073D,Theft from the person,Investigation complete; no suspect identified,
af0d4e2277cfbd04951a4c137c0bee29e7aa4afe476bd5e453617650f6964139,2025-02,South Yorkshire Police,South Yorkshire Police,-1.468624,53.382697,On or near East Parade,E01033264,Sheffield 073D,Theft from the person,Investigation complete; no suspect identified,
9717ba9394884ba144649132425ab3089af7cfa1f4d6884025590dd4379eddf4,2025-02,South Yorkshire Police,South Yorkshire Police,-1.468581,53.381809,On or near Shopping Area,E01033264,Sheffield 073D,Theft from the person,Investigation complete; no suspect identified,
bfb54b4d0fb9386c7b6ff3ad47a85f4dfad62ca809137e39011ede7c7085bb01,2025-02,South Yorkshire Police,South Yorkshire Police,-1.468624,53.382697,On or near East Parade,E01033264,Sheffield 073D,Theft from the person,Investigation complete; no suspect identified,
acdaea72c934333500ef3aa30414c9a0e4da5a6578375dcdf91878ca955030de,2025-02,South Yorkshire Police,South Yorkshire Police,-1.468624,53.382697,On or near East Parade,E01033264,Sheffield 073D,Theft from the person,Investigation complete; no suspect identified,
d5112936a3314b15425d44cacd7407a59d23ee9fa0ef35b319532db35bd711fa,2025-02,South Yorkshire Police,South Yorkshire Police,-1.465952,53.383629,On or near Angel Street,E01033264,Sheffield 073D,Theft from the person,Investigation complete; no suspect identified,
4099cf1e09fa684f70fa9eb765089c4f925a361776b01d5281c3354efaa63d8f,2025-02,South Yorkshire Police,South Yorkshire Police,-1.468624,53.382697,On or near East Parade,E01033264,Sheffield 073D,Theft from the person,Investigation complete; no suspect identified,
c1896e9a9fa42d2412428057323108709c7eea549f3fb54e29c718f47fa6fee1,2025-02,South Yorkshire Police,South Yorkshire Police,-1.468624,53.382697,On or near East Parade,E01033264,Sheffield 073D,Theft from the person,Investigation complete; no suspect identified,
8b5773562709294f0edcc0295f62f7d377b87a5cbbb1d6cdd6a64e8fbe3f3b4b,2025-02,South Yorkshire Police,South Yorkshire Police,-1.470679,53.378230,On or near Union Street,E01033264,Sheffield 073D,Vehicle crime,Investigation complete; no suspect identified,
efe8696d94f06678620dfdc9c7478cdc64b75b14c576020b62377c252f8e300f,2025-02,South Yorkshire Police,South Yorkshire Police,-1.466623,53.380414,On or near Theatre/Concert Hall,E01033264,Sheffield 073D,Vehicle crime,Investigation complete; no suspect identified,
9324e8fc7d5a8a87bfb75b2a47481f77e2fe342a530a6b36d70b8f0d7af763db,2025-02,South Yorkshire Police,South Yorkshire Police,-1.465905,53.384968,On or near Police Station,E01033264,Sheffield 073D,Violence and sexual offences,Status update unavailable,
f67013eb18449f2f6b9512d8938e685627af0c828e6d0c33c096ff45926e1660,2025-02,South Yorkshire Police,South Yorkshire Police,-1.464879,53.382869,On or near Fitzalan Square,E01033264,Sheffield 073D,Violence and sexual offences,Investigation complete; no suspect identified,
436866ecf2ec170c46efd3e986b0367ebd62c0c121df992663fb60af15b12ded,2025-02,South Yorkshire Police,South Yorkshire Police,-1.466623,53.380414,On or near Theatre/Concert Hall,E01033264,Sheffield 073D,Violence and sexual offences,Status update unavailable,
cce3e1d7e3ab5f394b72315397587134c7bc6b4037a72df91d450fd94c948e56,2025-02,South Yorkshire Police,South Yorkshire Police,-1.466241,53.379702,On or near Arundel Gate,E01033264,Sheffield 073D,Violence and sexual offences,Awaiting court outcome,
6eb6d131f4884dd959d51e5ab494cbdd815255901dfd94425d0789b3d823b03c,2025-02,South Yorkshire Police,South Yorkshire Police,-1.466381,53.382912,On or near High Street,E01033264,Sheffield 073D,Violence and sexual offences,Investigation complete; no suspect identified,
ea440cb3556e240bb8087d78954621adba623d870a1484617af704c9cc4f3583,2025-02,South Yorkshire Police,South Yorkshire Police,-1.468624,53.382697,On or near East Parade,E01033264,Sheffield 073D,Violence and sexual offences,Local resolution,
799cc58d5e384ecc49cc59e27bdaf75afa8c0c24be8a6b8e0b9fd376b801840b,2025-02,South Yorkshire Police,South Yorkshire Police,-1.466623,53.380414,On or near Theatre/Concert Hall,E01033264,Sheffield 073D,Violence and sexual offences,Investigation complete; no suspect identified,
bf0861148571ec718cf4d6a57b1e9fdb36237f501e75df69de1fd28068189d92,2025-02,South Yorkshire Police,South Yorkshire Police,-1.465905,53.384968,On or near Police Station,E01033264,Sheffield 073D,Violence and sexual offences,Awaiting court outcome,
f18e5e3e0b8997767e3a3aabed661fee4d5346cbeeffad3919cb1489fc2ab767,2025-02,South Yorkshire Police,South Yorkshire Police,-1.466381,53.382912,On or near High Street,E01033264,Sheffield 073D,Violence and sexual offences,Awaiting court outcome,
6d631ba34d0b48b4a46ad177e76bc6f475578e0ea9048f4bf6a2f69ba6f658de,2025-02,South Yorkshire Police,South Yorkshire Police,-1.466623,53.380414,On or near Theatre/Concert Hall,E01033264,Sheffield 073D,Violence and sexual offences,Unable to prosecute suspect,
0f956c308c2e92d926c9ff4a7c2bf5619e45f0250b7542f7f41f6c8afd646613,2025-02,South Yorkshire Police,South Yorkshire Police,-1.466381,53.382912,On or near High Street,E01033264,Sheffield 073D,Violence and sexual offences,Unable to prosecute suspect,
471bd9c1911d3b1258eea10ee5caa068337907440bdfc6ef36b86364fa38d4ee,2025-02,South Yorkshire Police,South Yorkshire Police,-1.466381,53.382912,On or near High Street,E01033264,Sheffield 073D,Violence and sexual offences,Investigation complete; no suspect identified,
98bcfda36fb279cf3d08ac86a9ce536d174a512ac491600eebe796a8a3e996d0,2025-02,South Yorkshire Police,South Yorkshire Police,-1.468443,53.376737,On or near Arundel Street,E01033264,Sheffield 073D,Violence and sexual offences,Investigation complete; no suspect identified,
9261fcb3e97b3bd4acbb703ceda093ff7179f36ee51300acdd57dc32b573314e,2025-02,South Yorkshire Police,South Yorkshire Police,-1.466381,53.382912,On or near High Street,E01033264,Sheffield 073D,Violence and sexual offences,Unable to prosecute suspect,
1cfb54d1b590c5c62ef48eb27280e8b142e173b420397d589fc8243a648cebf4,2025-02,South Yorkshire Police,South Yorkshire Police,-1.465905,53.384968,On or near Police Station,E01033264,Sheffield 073D,Violence and sexual offences,Awaiting court outcome,
e6e5d3832a9ab5abb9eef35eb053314aef486d1e1b989f98da1d3f223a5abdb8,2025-02,South Yorkshire Police,South Yorkshire Police,-1.468581,53.381809,On or near Shopping Area,E01033264,Sheffield 073D,Violence and sexual offences,Awaiting court outcome,
3c3fbd4adf6ed559513e17717c8b04937d3cd91e2e86e43c569487db302be73c,2025-02,South Yorkshire Police,South Yorkshire Police,-1.466381,53.382912,On or near High Street,E01033264,Sheffield 073D,Violence and sexual offences,Investigation complete; no suspect identified,
81c137f2864348c4b95b210c3ae9a72448b2cb4d62b473746afe87bd034aec03,2025-02,South Yorkshire Police,South Yorkshire Police,-1.468581,53.381809,On or near Shopping Area,E01033264,Sheffield 073D,Violence and sexual offences,Unable to prosecute suspect,
08d95c3e0620db91ec378d657f3412c8ca05bf81fb488da200087b3f818cdbab,2025-02,South Yorkshire Police,South Yorkshire Police,-1.465952,53.383629,On or near Angel Street,E01033264,Sheffield 073D,Violence and sexual offences,Unable to prosecute suspect,
dc30f4115dc9e90b412654ea9ae9c5ac54f90589cd5f6a8943b2ba052ec495eb,2025-02,South Yorkshire Police,South Yorkshire Police,-1.468624,53.382697,On or near East Parade,E01033264,Sheffield 073D,Violence and sexual offences,Unable to prosecute suspect,
8fbb9e9af18b87664139432bc2438da4978de19f2e62902a0614d64dc640b2d7,2025-02,South Yorkshire Police,South Yorkshire Police,-1.468624,53.382697,On or near East Parade,E01033264,Sheffield 073D,Violence and sexual offences,Investigation complete; no suspect identified,
48e4bd38faf827122616173f3804e6a7d3a75ad954ad30cc3aa486220ded9224,2025-02,South Yorkshire Police,South Yorkshire Police,-1.468624,53.382697,On or near East Parade,E01033264,Sheffield 073D,Violence and sexual offences,Awaiting court outcome,
b68d896814ba4c72b45cbf287d9b0722158fd04414ca998750ac8332e5c6776f,2025-02,South Yorkshire Police,South Yorkshire Police,-1.465905,53.384968,On or near Police Station,E01033264,Sheffield 073D,Violence and sexual offences,Status update unavailable,
661ebda3af2d99c0a496ae33dc3a43ef31a382cc56b0913fc4964d647bbd316c,2025-02,South Yorkshire Police,South Yorkshire Police,-1.466381,53.382912,On or near High Street,E01033264,Sheffield 073D,Violence and sexual offences,Investigation complete; no suspect identified,
53298752f08c26354a29dbe3aab4327bc76718639359924208093e60f7da1534,2025-02,South Yorkshire Police,South Yorkshire Police,-1.466381,53.382912,On or near High Street,E01033264,Sheffield 073D,Violence and sexual offences,Awaiting court outcome,
a531a5889e6b11c1922411f9450676780e768502901f0caaec9cd14eee8bb2bd,2025-02,South Yorkshire Police,South Yorkshire Police,-1.466381,53.382912,On or near High Street,E01033264,Sheffield 073D,Violence and sexual offences,Unable to prosecute suspect,
fc003e2f7f29b1bf49b309b74d8df73b955b26596d57bffc0a5a7f0e1e25aa88,2025-02,South Yorkshire Police,South Yorkshire Police,-1.466381,53.382912,On or near High Street,E01033264,Sheffield 073D,Violence and sexual offences,Unable to prosecute suspect,
0f6e6db0522da5d4c1fec5ccce9affc5cf852ea9cab52e50b3afd7e01bed159b,2025-02,South Yorkshire Police,South Yorkshire Police,-1.468624,53.382697,On or near East Parade,E01033264,Sheffield 073D,Violence and sexual offences,Investigation complete; no suspect identified,
f2e8c25fea6caa8b18299ab253913319e2f86daa4f23a913344bca9d2957bb88,2025-02,South Yorkshire Police,South Yorkshire Police,-1.466381,53.382912,On or near High Street,E01033264,Sheffield 073D,Violence and sexual offences,Unable to prosecute suspect,
29b651bba9713709625d1a1628c74c724502fae8bca2b0128885352d0a080621,2025-02,South Yorkshire Police,South Yorkshire Police,-1.468581,53.381809,On or near Shopping Area,E01033264,Sheffield 073D,Violence and sexual offences,Unable to prosecute suspect,
ab96ec7768d2c992106ee6e241f6f144fab6d917808b2ce00ec08ac74047ff5c,2025-02,South Yorkshire Police,South Yorkshire Police,-1.466381,53.382912,On or near High Street,E01033264,Sheffield 073D,Violence and sexual offences,Awaiting court outcome,
2d47414660f3428a075e624ddc344bbf63c3215fcfe56ed939b3a9b08e1f47d5,2025-02,South Yorkshire Police,South Yorkshire Police,-1.468682,53.376827,On or near Furnival Street,E01033264,Sheffield 073D,Violence and sexual offences,Unable to prosecute suspect,
3b51e5980a4a8571bdb73a9ca163ae135bbe08d7a6195b19ef30680c82b1f5e7,2025-02,South Yorkshire Police,South Yorkshire Police,-1.466493,53.384800,On or near Snig Hill,E01033264,Sheffield 073D,Violence and sexual offences,Unable to prosecute suspect,
de920d6dfd82f4d7e91e9fa9f9865dcc785ca51130148248049df6ff2fc1f45b,2025-02,South Yorkshire Police,South Yorkshire Police,-1.468624,53.382697,On or near East Parade,E01033264,Sheffield 073D,Violence and sexual offences,Unable to prosecute suspect,
9eda38479ec6bbe86c3998c6abf47ef53ff61e014ccf23bcefa2c20a83c942ca,2025-02,South Yorkshire Police,South Yorkshire Police,-1.464585,53.383533,On or near King Street,E01033264,Sheffield 073D,Violence and sexual offences,Unable to prosecute suspect,
e35706a31e643dfe07339f06b59b2d0dc85b8d0a50a7667bd8ad3c9d86092840,2025-02,South Yorkshire Police,South Yorkshire Police,-1.468624,53.382697,On or near East Parade,E01033264,Sheffield 073D,Violence and sexual offences,Investigation complete; no suspect identified,
47453f57a88b645b291dcd63d7f99a8c6a1a3c9890f368cfcff0d76e33362d6f,2025-02,South Yorkshire Police,South Yorkshire Police,-1.468581,53.381809,On or near Shopping Area,E01033264,Sheffield 073D,Violence and sexual offences,Investigation complete; no suspect identified,
6f60f4c6c63aa35a9701b43b5474986331d3bdab81a277be0ccc4268f620b940,2025-02,South Yorkshire Police,South Yorkshire Police,-1.466381,53.382912,On or near High Street,E01033264,Sheffield 073D,Violence and sexual offences,Status update unavailable,
2deaf255712297ad0490518884d559d2e12d18016dbd46dcf87652aafda6212b,2025-02,South Yorkshire Police,South Yorkshire Police,-1.468624,53.382697,On or near East Parade,E01033264,Sheffield 073D,Violence and sexual offences,Unable to prosecute suspect,
2c016f09c9e44c82a178f9d30348105e17c36e06bc5744deb1aee6bd7ed678e1,2025-02,South Yorkshire Police,South Yorkshire Police,-1.466381,53.382912,On or near High Street,E01033264,Sheffield 073D,Violence and sexual offences,Unable to prosecute suspect,
0560b3ae8fbd28c2e20a5d5eb7f56561cd0c48025db30c5573d17855eba0d4c1,2025-02,South Yorkshire Police,South Yorkshire Police,-1.466381,53.382912,On or near High Street,E01033264,Sheffield 073D,Violence and sexual offences,Awaiting court outcome,
40cdda23f56279b23674b278442734e60199bc37bd01c7388e080e5614219020,2025-02,South Yorkshire Police,South Yorkshire Police,-1.468624,53.382697,On or near East Parade,E01033264,Sheffield 073D,Violence and sexual offences,Investigation complete; no suspect identified,
022ec7a17e3a245977fabbbd43fe4bd0ac4de463a4531bde3d8fb70533b02549,2025-02,South Yorkshire Police,South Yorkshire Police,-1.466381,53.382912,On or near High Street,E01033264,Sheffield 073D,Violence and sexual offences,Investigation complete; no suspect identified,
fb8ab4a35bb6ce156076ce2448c888b371712278048e5f20a118d6f5a20f5084,2025-02,South Yorkshire Police,South Yorkshire Police,-1.466381,53.382912,On or near High Street,E01033264,Sheffield 073D,Violence and sexual offences,Investigation complete; no suspect identified,
9d023210830dc1d8b0c97ee6537137383ed9207e14a316948633eec67b89f72f,2025-02,South Yorkshire Police,South Yorkshire Police,-1.468682,53.376827,On or near Furnival Street,E01033264,Sheffield 073D,Violence and sexual offences,Unable to prosecute suspect,
931a30e9d6574c89fd99171ca5a2b3a4061bdfa150c73a22613f1771e8140713,2025-02,South Yorkshire Police,South Yorkshire Police,-1.465186,53.382295,On or near Esperanto Place,E01033264,Sheffield 073D,Violence and sexual offences,Investigation complete; no suspect identified,
fd9e3b0f29a2fc39419fcee5024c6801d46270a96ffcce4baebfe5b5cea0ffc8,2025-02,South Yorkshire Police,South Yorkshire Police,-1.466381,53.382912,On or near High Street,E01033264,Sheffield 073D,Violence and sexual offences,Unable to prosecute suspect,
a58680c9c973949fb11530b1357c5e231a607551711f01af91b3bbcb8c6aece2,2025-02,South Yorkshire Police,South Yorkshire Police,-1.464879,53.382869,On or near Fitzalan Square,E01033264,Sheffield 073D,Violence and sexual offences,Status update unavailable,
fd3e0cfa6eac4320a4f5219e55a299de3ca40bf4c237d04e74cd32fbae6a3934,2025-02,South Yorkshire Police,South Yorkshire Police,-1.466381,53.382912,On or near High Street,E01033264,Sheffield 073D,Other crime,Unable to prosecute suspect,
df35cae7681017d97e6cb1dcd3930769fdb4f96904c39d4a6fd9c4d9a0823b98,2025-02,South Yorkshire Police,South Yorkshire Police,-1.465905,53.384968,On or near Police Station,E01033264,Sheffield 073D,Other crime,Status update unavailable,
b369c5e19527cb45b58305c9a263c92758d7ff297887e4b3570aa6266ac09617,2025-02,South Yorkshire Police,South Yorkshire Police,-1.465905,53.384968,On or near Police Station,E01033264,Sheffield 073D,Other crime,Status update unavailable,
847c35778a01659a2db736828cfa1f752104d93bd132a8683bdefbb8ffa5af1b,2025-02,South Yorkshire Police,South Yorkshire Police,-1.465225,53.384012,On or near Supermarket,E01033264,Sheffield 073D,Other crime,Awaiting court outcome,
a5a0a2fc58a84ecc5e6b86d101a40517b5e7c363d376ead21588edefa6e9a3d4,2025-02,South Yorkshire Police,South Yorkshire Police,-1.465905,53.384968,On or near Police Station,E01033264,Sheffield 073D,Other crime,Status update unavailable,
fa728fc1c8f2e60588fd58bc3feea27480d8880154c58a404444f174ed298fbf,2025-02,South Yorkshire Police,South Yorkshire Police,-1.465905,53.384968,On or near Police Station,E01033264,Sheffield 073D,Other crime,Investigation complete; no suspect identified,
65194137af2a87fce8f0da902ceb5e8837ee73ad518ef3636d78a6f5d44e3785,2025-02,South Yorkshire Police,South Yorkshire Police,-1.465905,53.384968,On or near Police Station,E01033264,Sheffield 073D,Other crime,Status update unavailable,
c2217a6dfaf854fd3d8444ecafc0b8441e948a5275f5b4919111131604b67332,2025-02,South Yorkshire Police,South Yorkshire Police,-1.465905,53.384968,On or near Police Station,E01033264,Sheffield 073D,Other crime,Status update unavailable,
d6e174aed7b0add3e3a99e2990272a6cb86db2ec1a2eecabe7c37f1ce6f70b09,2025-02,South Yorkshire Police,South Yorkshire Police,-1.465905,53.384968,On or near Police Station,E01033264,Sheffield 073D,Other crime,Status update unavailable,
7b33f44461157202090b415d8f6e0ebf835daecdf2a6b8c355df064a38c821b5,2025-02,South Yorkshire Police,South Yorkshire Police,-1.465905,53.384968,On or near Police Station,E01033264,Sheffield 073D,Other crime,Status update unavailable,
1e474fcbb809c153025ec67daedf68494f749f18e71514b44ddfb9ee6110af36,2025-02,South Yorkshire Police,South Yorkshire Police,-1.465905,53.384968,On or near Police Station,E01033264,Sheffield 073D,Other crime,Further investigation is not in the public interest,
36eaac833db49c6746c123c2444f74da8e52a8681e14df0c43da58e79b258c3d,2025-02,South Yorkshire Police,South Yorkshire Police,-1.465905,53.384968,On or near Police Station,E01033264,Sheffield 073D,Other crime,Status update unavailable,
425641b9713925493f446217a32b09f89167972c4ef1d7912cb1d6fedfa1c6ad,2025-02,South Yorkshire Police,South Yorkshire Police,-1.465905,53.384968,On or near Police Station,E01033264,Sheffield 073D,Other crime,Further investigation is not in the public interest,
f2625ad909c047d0cf800dbf981207833137e5a8eba6cb7f8219ffc00b36b650,2025-02,South Yorkshire Police,South Yorkshire Police,-1.465905,53.384968,On or near Police Station,E01033264,Sheffield 073D,Other crime,Further investigation is not in the public interest,
b233f62ea8fc83d39d500cfdaac0b5368127bac1b338d45988f563af0e24b5d4,2025-02,South Yorkshire Police,South Yorkshire Police,-1.468624,53.382697,On or near East Parade,E01033264,Sheffield 073D,Other crime,Unable to prosecute suspect,
28e31d7d385e3213b6b301d66743e613fd950731d3dc03a7946bb68d99b51f85,2025-02,South Yorkshire Police,South Yorkshire Police,-1.465905,53.384968,On or near Police Station,E01033264,Sheffield 073D,Other crime,Further investigation is not in the public interest,
dec4464c0c101f39ac9c9a62d04cf57a9e1d25d3fa23ccccc42a7e597dd981b2,2025-02,South Yorkshire Police,South Yorkshire Police,-1.465905,53.384968,On or near Police Station,E01033264,Sheffield 073D,Other crime,Further action is not in the public interest,
c379b6bf8d2d19c6cd43cdd04a69df6b8fe8e588fc4cb16927515b73a4d3dc19,2025-02,South Yorkshire Police,South Yorkshire Police,-1.465905,53.384968,On or near Police Station,E01033264,Sheffield 073D,Other crime,Further investigation is not in the public interest,
2e15b6353a259a1b8ed86ba9cfb4d13b363f23e89752d7c7e22f72eb7d63f606,2025-02,South Yorkshire Police,South Yorkshire Police,-1.465905,53.384968,On or near Police Station,E01033264,Sheffield 073D,Other crime,Unable to prosecute suspect,
94591e0941e8a06547b61b0249dc076646650713214de72db3b6a1e3d36d8630,2025-02,South Yorkshire Police,South Yorkshire Police,-1.465905,53.384968,On or near Police Station,E01033264,Sheffield 073D,Other crime,Status update unavailable,
866e0733776b638a189203882ab02a1f1dd884df1764930d387b5b63f12b3431,2025-02,South Yorkshire Police,South Yorkshire Police,-1.465905,53.384968,On or near Police Station,E01033264,Sheffield 073D,Other crime,Status update unavailable,
9d0a4c74cc8663a5fe5ead9c49eaeeb61c2e6c3ccdad94851a0939e3593015ee,2025-02,South Yorkshire Police,South Yorkshire Police,-1.468062,53.378326,On or near Further/Higher Educational Building,E01033264,Sheffield 073D,Other crime,Investigation complete; no suspect identified,
ba346e0a9e6d4ed0bf030a1223e1d0c89637ecd632a15956a33dbc9e6ddb82fc,2025-02,South Yorkshire Police,South Yorkshire Police,-1.468624,53.382697,On or near East Parade,E01033264,Sheffield 073D,Other crime,Unable to prosecute suspect,
66f6f96d2f45d38d3e6e3fc0048694465050070beba3490e7e7fb39d6cdee420,2025-02,South Yorkshire Police,South Yorkshire Police,-1.465905,53.384968,On or near Police Station,E01033264,Sheffield 073D,Other crime,Status update unavailable,
,2025-02,South Yorkshire Police,South Yorkshire Police,-1.479183,53.388460,On or near Roscoe Road,E01033276,Sheffield 073E,Anti-social behaviour,,
,2025-02,South Yorkshire Police,South Yorkshire Police,-1.480401,53.384735,On or near Brownell Street,E01033276,Sheffield 073E,Anti-social behaviour,,
,2025-02,South Yorkshire Police,South Yorkshire Police,-1.477882,53.386630,On or near Ellis Street,E01033276,Sheffield 073E,Anti-social behaviour,,
779878ef291b6b8288f1c26f9526f78acf5b62f4517647af23a10fbeebbd5414,2025-02,South Yorkshire Police,South Yorkshire Police,-1.477882,53.386630,On or near Ellis Street,E01033276,Sheffield 073E,Drugs,Investigation complete; no suspect identified,
d5c217f9481f6aba315c288b66debad7dda15bae1ea1c07dd81a938ebe228c1c,2025-02,South Yorkshire Police,South Yorkshire Police,-1.477882,53.386630,On or near Ellis Street,E01033276,Sheffield 073E,Drugs,Investigation complete; no suspect identified,
91e307436e33ee449361d0d52ed552fbdd51950244a54edda11d0f4df27be97c,2025-02,South Yorkshire Police,South Yorkshire Police,-1.479183,53.388460,On or near Roscoe Road,E01033276,Sheffield 073E,Other theft,Investigation complete; no suspect identified,
8e337f4b050260f7318b5c63913cdbf11032255941f89f660ffb8cda7f36a72b,2025-02,South Yorkshire Police,South Yorkshire Police,-1.478594,53.384979,On or near Edward Street,E01033276,Sheffield 073E,Public order,Investigation complete; no suspect identified,
d4429807daa3629ee0ba467aeebc6d1d2f7942ddb342ef62e920d79a5df3c2d3,2025-02,South Yorkshire Police,South Yorkshire Police,-1.480401,53.384735,On or near Brownell Street,E01033276,Sheffield 073E,Shoplifting,Investigation complete; no suspect identified,
97a817d9741b0a649ccb9ada6ea82b0ba50d3f6a158713dda55a9381f171954e,2025-02,South Yorkshire Police,South Yorkshire Police,-1.480401,53.384735,On or near Brownell Street,E01033276,Sheffield 073E,Shoplifting,Investigation complete; no suspect identified,
274d6ad581c4226e25bcd226ca3492c0b076fd583ac2d0011d15eb490051d423,2025-02,South Yorkshire Police,South Yorkshire Police,-1.480401,53.384735,On or near Brownell Street,E01033276,Sheffield 073E,Shoplifting,Investigation complete; no suspect identified,
a15270efb03b8bac355287b9bdc7767b69f40989cedc8229ad4f530ba67431dc,2025-02,South Yorkshire Police,South Yorkshire Police,-1.477924,53.388140,On or near Hoyle Street,E01033276,Sheffield 073E,Vehicle crime,Investigation complete; no suspect identified,
0d06755e5161c677784ba08c70bdcd58daf704410ac4bda458edfe868f2136de,2025-02,South Yorkshire Police,South Yorkshire Police,-1.481413,53.384362,On or near Radford Street,E01033276,Sheffield 073E,Violence and sexual offences,Unable to prosecute suspect,
,2025-02,South Yorkshire Police,South Yorkshire Police,-1.482802,53.375137,On or near Hanover Street,E01008114,Sheffield 074A,Anti-social behaviour,,
,2025-02,South Yorkshire Police,South Yorkshire Police,-1.483262,53.374455,On or near William Street,E01008114,Sheffield 074A,Anti-social behaviour,,
,2025-02,South Yorkshire Police,South Yorkshire Police,-1.474482,53.376988,On or near Charter Row,E01008114,Sheffield 074A,Anti-social behaviour,,
,2025-02,South Yorkshire Police,South Yorkshire Police,-1.474482,53.376988,On or near Charter Row,E01008114,Sheffield 074A,Anti-social behaviour,,
,2025-02,South Yorkshire Police,South Yorkshire Police,-1.473954,53.378406,On or near Parking Area,E01008114,Sheffield 074A,Anti-social behaviour,,
,2025-02,South Yorkshire Police,South Yorkshire Police,-1.483262,53.374455,On or near William Street,E01008114,Sheffield 074A,Anti-social behaviour,,
,2025-02,South Yorkshire Police,South Yorkshire Police,-1.474825,53.375992,On or near Parking Area,E01008114,Sheffield 074A,Anti-social behaviour,,
,2025-02,South Yorkshire Police,South Yorkshire Police,-1.483262,53.374455,On or near William Street,E01008114,Sheffield 074A,Anti-social behaviour,,
,2025-02,South Yorkshire Police,South Yorkshire Police,-1.479493,53.377837,On or near Cavendish Court,E01008114,Sheffield 074A,Anti-social behaviour,,
a56a0d140a7c1c64f86da8690cf1f7802ebfb79cb1ae0c8304a5f25780738ba7,2025-02,South Yorkshire Police,South Yorkshire Police,-1.474151,53.375818,On or near Shopping Area,E01008114,Sheffield 074A,Criminal damage and arson,Investigation complete; no suspect identified,
2a9d2cdd754ba6813f5b99e801da5110d6f1bec0ce961b30b168c1f915b41b58,2025-02,South Yorkshire Police,South Yorkshire Police,-1.474151,53.375818,On or near Shopping Area,E01008114,Sheffield 074A,Public order,Unable to prosecute suspect,
f7c0c3f96b498d638895545a91361d4822b253830a913d2a3b92a17ca812375e,2025-02,South Yorkshire Police,South Yorkshire Police,-1.482647,53.375585,On or near Hanover Square,E01008114,Sheffield 074A,Public order,Investigation complete; no suspect identified,
ddf6e2d1c84f0a4e59c1a8bdff99ce5358a87f569ef4334ced8084400cf769ee,2025-02,South Yorkshire Police,South Yorkshire Police,-1.474151,53.375818,On or near Shopping Area,E01008114,Sheffield 074A,Public order,Unable to prosecute suspect,
670ac4ab832978c1c25eefa974e6605a0a0ea0b56017fb0284289b043d8315f8,2025-02,South Yorkshire Police,South Yorkshire Police,-1.483262,53.374455,On or near William Street,E01008114,Sheffield 074A,Public order,Investigation complete; no suspect identified,
b8e3232b1fd2441fa5428b33a37b454bb777c3a2bf707c02d4711947f947d8f5,2025-02,South Yorkshire Police,South Yorkshire Police,-1.475830,53.377324,On or near Nightclub,E01008114,Sheffield 074A,Robbery,Unable to prosecute suspect,
a0dcbe88f84c6bc74449f633735ddd07789f263910cf00d1b247068715c0256c,2025-02,South Yorkshire Police,South Yorkshire Police,-1.473827,53.376125,On or near Petrol Station,E01008114,Sheffield 074A,Shoplifting,Investigation complete; no suspect identified,
36f92129369d75789262e782c403f4af7be099a098af630188bca5f060818ec0,2025-02,South Yorkshire Police,South Yorkshire Police,-1.473854,53.376769,On or near Rockingham Gate,E01008114,Sheffield 074A,Shoplifting,Investigation complete; no suspect identified,
73d40607b04d465cb3eaac0f293b0d9094427e8f5b1666d360548bb2340910e7,2025-02,South Yorkshire Police,South Yorkshire Police,-1.473854,53.376769,On or near Rockingham Gate,E01008114,Sheffield 074A,Shoplifting,Investigation complete; no suspect identified,
9488e7198434aab8c50f6446ae82b2db4451f1bc83899205c9a23af61e1b51ef,2025-02,South Yorkshire Police,South Yorkshire Police,-1.474151,53.375818,On or near Shopping Area,E01008114,Sheffield 074A,Shoplifting,Investigation complete; no suspect identified,
0e582093591564bd6d5a07542f106751bde059abc21c22ea16b2e2286dd62449,2025-02,South Yorkshire Police,South Yorkshire Police,-1.473854,53.376769,On or near Rockingham Gate,E01008114,Sheffield 074A,Shoplifting,Local resolution,
24b0c9f34989a28fd3faa07c972aeef9f030f52bc8a0a6152620cd0127678e79,2025-02,South Yorkshire Police,South Yorkshire Police,-1.473854,53.376769,On or near Rockingham Gate,E01008114,Sheffield 074A,Shoplifting,Awaiting court outcome,
d66006376c5d2023ba8b2dee6149ae58b4367407ad91265ae32c3019ec28fc1e,2025-02,South Yorkshire Police,South Yorkshire Police,-1.473946,53.376572,On or near Rockingham Close,E01008114,Sheffield 074A,Shoplifting,Investigation complete; no suspect identified,
a6d863a2179cab291969641eac82b33c2e703f814ac40cd359326534bbd49294,2025-02,South Yorkshire Police,South Yorkshire Police,-1.473854,53.376769,On or near Rockingham Gate,E01008114,Sheffield 074A,Shoplifting,Investigation complete; no suspect identified,
3cc8c13e0dd490c9fa27e83a8407efcdc98d4775ffb5eda8c911498519b67393,2025-02,South Yorkshire Police,South Yorkshire Police,-1.473854,53.376769,On or near Rockingham Gate,E01008114,Sheffield 074A,Shoplifting,Investigation complete; no suspect identified,
52d211dd99301dee03e43213d86956d112a9ce49a5ca8a9ca217bb6eac23de10,2025-02,South Yorkshire Police,South Yorkshire Police,-1.473854,53.376769,On or near Rockingham Gate,E01008114,Sheffield 074A,Shoplifting,Investigation complete; no suspect identified,
68e30aa704c07113f45d7fe8b91be0da60093841b6ab53080fa5282ffe03d988,2025-02,South Yorkshire Police,South Yorkshire Police,-1.473854,53.376769,On or near Rockingham Gate,E01008114,Sheffield 074A,Shoplifting,Awaiting court outcome,
a28450e253dba46d612e00765aefaf2ac720dcd89a00fd83066539afbb805360,2025-02,South Yorkshire Police,South Yorkshire Police,-1.473854,53.376769,On or near Rockingham Gate,E01008114,Sheffield 074A,Shoplifting,Unable to prosecute suspect,
87491da8293b8052976549b1659711f1e811cfdd5ff8a09db3c0798a5aabc9ff,2025-02,South Yorkshire Police,South Yorkshire Police,-1.474151,53.375818,On or near Shopping Area,E01008114,Sheffield 074A,Shoplifting,Unable to prosecute suspect,
39692f608097aead07f04a302bd3b257f545525f418c316d31f3458888240d57,2025-02,South Yorkshire Police,South Yorkshire Police,-1.473854,53.376769,On or near Rockingham Gate,E01008114,Sheffield 074A,Shoplifting,Awaiting court outcome,
c05de709c953bfb8fbdb00928bb5ec9775ad1ed714c2a2767b2fa9063c27635f,2025-02,South Yorkshire Police,South Yorkshire Police,-1.473854,53.376769,On or near Rockingham Gate,E01008114,Sheffield 074A,Shoplifting,Awaiting court outcome,
cbde98cec2727782b951d21da78bee0cdb25f8e9fd1bd36f8a5ebcdcc9b32792,2025-02,South Yorkshire Police,South Yorkshire Police,-1.474151,53.375818,On or near Shopping Area,E01008114,Sheffield 074A,Shoplifting,Awaiting court outcome,
7dc4e80dc4f875e34d14e8a2f9c1347da19cc632ec61a806df96fe55c1a7ea5e,2025-02,South Yorkshire Police,South Yorkshire Police,-1.473854,53.376769,On or near Rockingham Gate,E01008114,Sheffield 074A,Shoplifting,Investigation complete; no suspect identified,
c85d19dc27b8148c37b5fd0022a48c53974c54b5f6b4bb0d60e4cada0dc62a26,2025-02,South Yorkshire Police,South Yorkshire Police,-1.473854,53.376769,On or near Rockingham Gate,E01008114,Sheffield 074A,Shoplifting,Investigation complete; no suspect identified,
2089c2e0b7f8ce9fd85b24551f54b925193a5136505b58ad3259404b05070991,2025-02,South Yorkshire Police,South Yorkshire Police,-1.473854,53.376769,On or near Rockingham Gate,E01008114,Sheffield 074A,Shoplifting,Local resolution,
c77e1a821bcc580cc5ae342f60e394709679bc2b31fd021f4e1b435e6edf3e79,2025-02,South Yorkshire Police,South Yorkshire Police,-1.473854,53.376769,On or near Rockingham Gate,E01008114,Sheffield 074A,Shoplifting,Investigation complete; no suspect identified,
ec8366cb8d28d153e0acf265baffbf90cf32efe5c7133b62c29cf9202effec62,2025-02,South Yorkshire Police,South Yorkshire Police,-1.474151,53.375818,On or near Shopping Area,E01008114,Sheffield 074A,Shoplifting,Investigation complete; no suspect identified,
1f5a9571d499281bd2db42b8750ab93e46d32b610db891b460f60112a61df574,2025-02,South Yorkshire Police,South Yorkshire Police,-1.473854,53.376769,On or near Rockingham Gate,E01008114,Sheffield 074A,Shoplifting,Awaiting court outcome,
9f0078a5948073fa143bc00d2b85e807c786b4a5fcac3c34752fa038ba8e88d2,2025-02,South Yorkshire Police,South Yorkshire Police,-1.474151,53.375818,On or near Shopping Area,E01008114,Sheffield 074A,Shoplifting,Investigation complete; no suspect identified,
4e9ff5504793b15113b9d024f65df65858ec984033a6eb3bc2cb44384ccb9d4d,2025-02,South Yorkshire Police,South Yorkshire Police,-1.473827,53.376125,On or near Petrol Station,E01008114,Sheffield 074A,Shoplifting,Investigation complete; no suspect identified,
c41edaf70a25a3f0d1e0dc4d5847b632ed545529739cbfed7e50a17ee5447ff7,2025-02,South Yorkshire Police,South Yorkshire Police,-1.475820,53.378234,On or near Trafalgar Street,E01008114,Sheffield 074A,Shoplifting,Awaiting court outcome,
07ff62ac0464c213b152e363b3f785e31d5ef78a469fde6bfb8e44307781d0c0,2025-02,South Yorkshire Police,South Yorkshire Police,-1.473854,53.376769,On or near Rockingham Gate,E01008114,Sheffield 074A,Shoplifting,Awaiting court outcome,
5781ac587c54e32617e26fe71c87aa247b10cbedfda638fdb1d081e212029538,2025-02,South Yorkshire Police,South Yorkshire Police,-1.474151,53.375818,On or near Shopping Area,E01008114,Sheffield 074A,Shoplifting,Awaiting court outcome,
1abfb30a2f63026315ead2ae6e90238025183d5c09734f4e112d1bc759500b69,2025-02,South Yorkshire Police,South Yorkshire Police,-1.473854,53.376769,On or near Rockingham Gate,E01008114,Sheffield 074A,Shoplifting,Investigation complete; no suspect identified,
59494080fa98fbd0f19ade4f5d84df4b65c730052ca894084c6dbbeb0a8a8f7d,2025-02,South Yorkshire Police,South Yorkshire Police,-1.474151,53.375818,On or near Shopping Area,E01008114,Sheffield 074A,Shoplifting,Investigation complete; no suspect identified,
c65870d36ee85d6b975084622287233690d5085c17c7f17a3f054c96881dd241,2025-02,South Yorkshire Police,South Yorkshire Police,-1.473854,53.376769,On or near Rockingham Gate,E01008114,Sheffield 074A,Shoplifting,Investigation complete; no suspect identified,
7b162222c8078371a18c4d89c3e3231d2576d9f940627e1d97286d919b5a94fe,2025-02,South Yorkshire Police,South Yorkshire Police,-1.473854,53.376769,On or near Rockingham Gate,E01008114,Sheffield 074A,Shoplifting,Awaiting court outcome,
a7dea9ff0b8355705438adbf567cacbd34f30a224ce4efb33ec69cf754ac6d0a,2025-02,South Yorkshire Police,South Yorkshire Police,-1.473854,53.376769,On or near Rockingham Gate,E01008114,Sheffield 074A,Shoplifting,Investigation complete; no suspect identified,
338fb2a8e35b211737a30efebb8a2ee39e96eca35dcaf47cd2091f0c84c6c1b0,2025-02,South Yorkshire Police,South Yorkshire Police,-1.473854,53.376769,On or near Rockingham Gate,E01008114,Sheffield 074A,Shoplifting,Local resolution,
c89086884e7fb41a7f98d4bbbd39d0aba0a4ec46d063edc5188903609956066a,2025-02,South Yorkshire Police,South Yorkshire Police,-1.473946,53.376572,On or near Rockingham Close,E01008114,Sheffield 074A,Shoplifting,Awaiting court outcome,
eb0fd9653731c3be86255cb6f05e80ae5d38ccafe09c43209adcc743da9316cd,2025-02,South Yorkshire Police,South Yorkshire Police,-1.475830,53.377324,On or near Nightclub,E01008114,Sheffield 074A,Theft from the person,Investigation complete; no suspect identified,
68cdd52f833918095a0aaa11f37e78a78483a494fcac935f516a14c2ffd44f97,2025-02,South Yorkshire Police,South Yorkshire Police,-1.475830,53.377324,On or near Nightclub,E01008114,Sheffield 074A,Theft from the person,Investigation complete; no suspect identified,
d1d3c410f5ec6f02865b05840d71e47ab54e5d9333ad8c27af5ebe1a46a49b16,2025-02,South Yorkshire Police,South Yorkshire Police,-1.473854,53.376769,On or near Rockingham Gate,E01008114,Sheffield 074A,Theft from the person,Investigation complete; no suspect identified,
e9af60809c3450b87ceb887bb983cb812d8ed33cf989325c59834cd8c0d45347,2025-02,South Yorkshire Police,South Yorkshire Police,-1.473854,53.376769,On or near Rockingham Gate,E01008114,Sheffield 074A,Theft from the person,Investigation complete; no suspect identified,
a68a710f217b041aa16b8184353db5355bd56c52cafeeaa97b769a24eb7fa90b,2025-02,South Yorkshire Police,South Yorkshire Police,-1.479998,53.377057,On or near Broom Green,E01008114,Sheffield 074A,Violence and sexual offences,Action to be taken by another organisation,
8ffab17e6b53ce2b3949ed24b30ab13633da7473440dac8ed2ea1959e9859fcb,2025-02,South Yorkshire Police,South Yorkshire Police,-1.474151,53.375818,On or near Shopping Area,E01008114,Sheffield 074A,Violence and sexual offences,Investigation complete; no suspect identified,
9168c7980d549fd9ea49276c23eb6fb27ba58bc9fdafba1985955c02c27279b2,2025-02,South Yorkshire Police,South Yorkshire Police,-1.474151,53.375818,On or near Shopping Area,E01008114,Sheffield 074A,Violence and sexual offences,Status update unavailable,
558e38c2d0478723be2d8d1d3b5a2f2e79a56846f52e58795071b22aa2ae960f,2025-02,South Yorkshire Police,South Yorkshire Police,-1.474482,53.376988,On or near Charter Row,E01008114,Sheffield 074A,Other crime,Awaiting court outcome,
4a128a4ef3b81da6d263c037a030b00297a56795256d777ef8b8024e884684fa,2025-02,South Yorkshire Police,South Yorkshire Police,-1.484753,53.376682,On or near Filey Lane,E01008114,Sheffield 074A,Other crime,Unable to prosecute suspect,
caab686e8e150712974e55c1daa65ed5a843c3d920b4d7b02ab6fba00f375e97,2025-02,South Yorkshire Police,South Yorkshire Police,-1.485128,53.374248,On or near Broomhall Place,E01008115,Sheffield 074B,Drugs,Unable to prosecute suspect,
3ff50fdd083668dff961ad02fbe7ea3cbb419ee2b34b9328197e5fd5f5ad9ac4,2025-02,South Yorkshire Police,South Yorkshire Police,-1.485353,53.378060,On or near Filey Street,E01008115,Sheffield 074B,Drugs,Investigation complete; no suspect identified,
517a0041e9318e90079c32d111f56ff75134e944b8c3067a69955967c3724760,2025-02,South Yorkshire Police,South Yorkshire Police,-1.488677,53.374137,On or near Broomhall Road,E01008115,Sheffield 074B,Public order,Investigation complete; no suspect identified,
2057ab16344a39e506aa4aff606d3e1066ac965fe2110ac7a9a6ceb927b3a6d1,2025-02,South Yorkshire Police,South Yorkshire Police,-1.488677,53.374137,On or near Broomhall Road,E01008115,Sheffield 074B,Public order,Investigation complete; no suspect identified,
53f4eb5963de184c4fac1dc67e0843ffd87e658574e4e0a4e5c6083c762b5fa9,2025-02,South Yorkshire Police,South Yorkshire Police,-1.485864,53.375500,On or near Wharncliffe Road,E01008115,Sheffield 074B,Vehicle crime,Investigation complete; no suspect identified,
2c3c4eb9b247931f284e5bcd4f4d8a19e8d1abbe2df0e0a089cf0cb52fa7169c,2025-02,South Yorkshire Police,South Yorkshire Police,-1.485128,53.374248,On or near Broomhall Place,E01008115,Sheffield 074B,Vehicle crime,Investigation complete; no suspect identified,
,2025-02,South Yorkshire Police,South Yorkshire Police,-1.473456,53.381028,On or near Parking Area,E01033265,Sheffield 074C,Anti-social behaviour,,
,2025-02,South Yorkshire Police,South Yorkshire Police,-1.471064,53.381171,On or near Conference/Exhibition Centre,E01033265,Sheffield 074C,Anti-social behaviour,,
,2025-02,South Yorkshire Police,South Yorkshire Police,-1.474059,53.380878,On or near Parking Area,E01033265,Sheffield 074C,Anti-social behaviour,,
,2025-02,South Yorkshire Police,South Yorkshire Police,-1.471061,53.377755,On or near Furnival Gate,E01033265,Sheffield 074C,Anti-social behaviour,,
,2025-02,South Yorkshire Police,South Yorkshire Police,-1.474065,53.380215,On or near Nightclub,E01033265,Sheffield 074C,Anti-social behaviour,,
,2025-02,South Yorkshire Police,South Yorkshire Police,-1.471335,53.379868,On or near Burgess Street,E01033265,Sheffield 074C,Anti-social behaviour,,
,2025-02,South Yorkshire Police,South Yorkshire Police,-1.473664,53.381164,On or near West Street Lane,E01033265,Sheffield 074C,Anti-social behaviour,,
,2025-02,South Yorkshire Police,South Yorkshire Police,-1.472553,53.382328,On or near Pinfold Street,E01033265,Sheffield 074C,Anti-social behaviour,,
,2025-02,South Yorkshire Police,South Yorkshire Police,-1.473829,53.380041,On or near Carver Street,E01033265,Sheffield 074C,Anti-social behaviour,,
,2025-02,South Yorkshire Police,South Yorkshire Police,-1.473319,53.382322,On or near Bells Square,E01033265,Sheffield 074C,Anti-social behaviour,,
,2025-02,South Yorkshire Police,South Yorkshire Police,-1.475847,53.380913,On or near West Street,E01033265,Sheffield 074C,Anti-social behaviour,,
,2025-02,South Yorkshire Police,South Yorkshire Police,-1.473456,53.381028,On or near Parking Area,E01033265,Sheffield 074C,Anti-social behaviour,,
,2025-02,South Yorkshire Police,South Yorkshire Police,-1.472405,53.380685,On or near Sports/Recreation Area,E01033265,Sheffield 074C,Anti-social behaviour,,
,2025-02,South Yorkshire Police,South Yorkshire Police,-1.471025,53.380604,On or near Barker'S Pool,E01033265,Sheffield 074C,Anti-social behaviour,,
,2025-02,South Yorkshire Police,South Yorkshire Police,-1.473456,53.381028,On or near Parking Area,E01033265,Sheffield 074C,Anti-social behaviour,,
400f1b0b7ad531aa02d4740a38f75d8427c1ec6969817d0632da2f9973cbe414,2025-02,South Yorkshire Police,South Yorkshire Police,-1.473021,53.379732,On or near Backfields,E01033265,Sheffield 074C,Bicycle theft,Investigation complete; no suspect identified,
01f6b12b24592e0bb0fa003e60101b8ad4d205912517be6019f4b7174d12c8f6,2025-02,South Yorkshire Police,South Yorkshire Police,-1.475319,53.379832,On or near Rockingham Street,E01033265,Sheffield 074C,Bicycle theft,Investigation complete; no suspect identified,
115117796e2eadfb467a0f16a657a2ca183b2dddeafff5e60cba029cd6f84434,2025-02,South Yorkshire Police,South Yorkshire Police,-1.471061,53.377755,On or near Furnival Gate,E01033265,Sheffield 074C,Criminal damage and arson,Investigation complete; no suspect identified,
d17689fa2ae47d24f29826d8c2cdec469ce0d1c5ad38ccdfd2ca4deb5b9e299d,2025-02,South Yorkshire Police,South Yorkshire Police,-1.474552,53.379910,On or near Rockingham Lane,E01033265,Sheffield 074C,Criminal damage and arson,Unable to prosecute suspect,
0ba89592f4f423a82876801a7b0f2b364f07c4823a61844347e7c21755a5b2d2,2025-02,South Yorkshire Police,South Yorkshire Police,-1.471025,53.380604,On or near Barker'S Pool,E01033265,Sheffield 074C,Criminal damage and arson,Investigation complete; no suspect identified,
10e0d48328d6ca3061b60f0407621fda759e52cdc08819016a49839dd01dec8b,2025-02,South Yorkshire Police,South Yorkshire Police,-1.471025,53.380604,On or near Barker'S Pool,E01033265,Sheffield 074C,Criminal damage and arson,Investigation complete; no suspect identified,
65894eb5c5147470844d11a32addefc0dde65df4c8e27eeab76d4a1f2e1b5ef4,2025-02,South Yorkshire Police,South Yorkshire Police,-1.475319,53.379832,On or near Rockingham Street,E01033265,Sheffield 074C,Criminal damage and arson,Investigation complete; no suspect identified,
ac18758638fcf0bdaf7e1e93ac053125cbb49c620012ac8de168e7aac66bd40c,2025-02,South Yorkshire Police,South Yorkshire Police,-1.471025,53.380604,On or near Barker'S Pool,E01033265,Sheffield 074C,Criminal damage and arson,Status update unavailable,
dacb1a84ee76f7a5fe33b9e500cebdd8ba257a025ad1caf2a1a49b97f11124bc,2025-02,South Yorkshire Police,South Yorkshire Police,-1.472405,53.380685,On or near Sports/Recreation Area,E01033265,Sheffield 074C,Drugs,Local resolution,
d2ba0cfcfdbfce4f2aeaf56971f3313fed0b1a8c0d47549a48fa984f554f1f09,2025-02,South Yorkshire Police,South Yorkshire Police,-1.472405,53.380685,On or near Sports/Recreation Area,E01033265,Sheffield 074C,Drugs,Awaiting court outcome,
863f7db1729e65be201f249c9bd1470ece731991f4602c6f09bf05417e52762a,2025-02,South Yorkshire Police,South Yorkshire Police,-1.476699,53.380099,On or near Westfield Terrace,E01033265,Sheffield 074C,Drugs,Awaiting court outcome,
7937dbea345e1380c3277d858bdc23c7836a9f426a3459d2c0d7971fd4f00d3c,2025-02,South Yorkshire Police,South Yorkshire Police,-1.473664,53.381164,On or near West Street Lane,E01033265,Sheffield 074C,Drugs,Local resolution,
e1642456335e0a61778ea526fbad7b7ae5e1a7f183df940b38207a8bf3706d8f,2025-02,South Yorkshire Police,South Yorkshire Police,-1.471061,53.377755,On or near Furnival Gate,E01033265,Sheffield 074C,Drugs,Local resolution,
408493090172cafe24eda472437d743281df031e110c81226f8d13a83f08917a,2025-02,South Yorkshire Police,South Yorkshire Police,-1.471025,53.380604,On or near Barker'S Pool,E01033265,Sheffield 074C,Drugs,Local resolution,
6bffaaa7561aa18110ceaac5119e90b9a9ed0bde40adf3c2409c004de040c73a,2025-02,South Yorkshire Police,South Yorkshire Police,-1.471061,53.377755,On or near Furnival Gate,E01033265,Sheffield 074C,Drugs,Local resolution,
fd3e4b0270e5d0312264c9712660ff0da0046d4ac7ef0b720e0e1ddb5ac18a34,2025-02,South Yorkshire Police,South Yorkshire Police,-1.474268,53.380641,On or near Nightclub,E01033265,Sheffield 074C,Drugs,Status update unavailable,
3e12c8e0fb6e328c7ffd6f2743d5d72e2c4bc36be28edef48d794b2527889063,2025-02,South Yorkshire Police,South Yorkshire Police,-1.471072,53.379247,On or near Cross Burgess Street,E01033265,Sheffield 074C,Drugs,Local resolution,
96b4645382f549b3fa35b20aecd1c3dd6f7ef8c0109887398277fdf5f7abef7a,2025-02,South Yorkshire Police,South Yorkshire Police,-1.471061,53.377755,On or near Furnival Gate,E01033265,Sheffield 074C,Other theft,Investigation complete; no suspect identified,
da39a463f72ce69143285064512a0341fc2e72effbb4c7f3183eb7deb5cc7d69,2025-02,South Yorkshire Police,South Yorkshire Police,-1.471121,53.381414,On or near Orchard Lane,E01033265,Sheffield 074C,Other theft,Investigation complete; no suspect identified,
b90a2762b99140c943a2dd26059de2c2913a6a0dcc1e11351b0c7f12a9c2463f,2025-02,South Yorkshire Police,South Yorkshire Police,-1.473829,53.380041,On or near Carver Street,E01033265,Sheffield 074C,Other theft,Investigation complete; no suspect identified,
4a2ee07e76ee7f72c971d3097887af39c6fdbb01267d2a5df8e1425b75dcfe34,2025-02,South Yorkshire Police,South Yorkshire Police,-1.471061,53.377755,On or near Furnival Gate,E01033265,Sheffield 074C,Other theft,Investigation complete; no suspect identified,
cac5f446074b3d19a51f1a5fdf4509713c61fb1f339e737958a2cef6a1604740,2025-02,South Yorkshire Police,South Yorkshire Police,-1.475847,53.380913,On or near West Street,E01033265,Sheffield 074C,Other theft,Investigation complete; no suspect identified,
191d3e1ffb7d4d08f139381ab978216fe0c86733cde79ccf75a307de6e96503e,2025-02,South Yorkshire Police,South Yorkshire Police,-1.475847,53.380913,On or near West Street,E01033265,Sheffield 074C,Other theft,Investigation complete; no suspect identified,
094e42d06aeb5860ec6f35dbcf38a64d39a0a768832d1f5e9be2acb881126689,2025-02,South Yorkshire Police,South Yorkshire Police,-1.471519,53.382036,On or near Leopold Street,E01033265,Sheffield 074C,Other theft,Investigation complete; no suspect identified,
213f3cae8900081f934d99be0f889b93dc325cfa1b5a9fa241646beb046787db,2025-02,South Yorkshire Police,South Yorkshire Police,-1.471025,53.380604,On or near Barker'S Pool,E01033265,Sheffield 074C,Possession of weapons,Offender given a caution,
d6d671caf3258fb67ec7392c3a410c8793f37baacffe54d00a4d6c88ffb239ce,2025-02,South Yorkshire Police,South Yorkshire Police,-1.471072,53.379247,On or near Cross Burgess Street,E01033265,Sheffield 074C,Possession of weapons,Unable to prosecute suspect,
c027d7cb9f9181a41451b8a2d8bb433ae0f4fc6ae34479f0c52885e26356eb5e,2025-02,South Yorkshire Police,South Yorkshire Police,-1.473829,53.380041,On or near Carver Street,E01033265,Sheffield 074C,Possession of weapons,Unable to prosecute suspect,
ac9be6c6db1084d3d13a6f5563d3a3101060303cc49f66a3e8fd3493c3a93c63,2025-02,South Yorkshire Police,South Yorkshire Police,-1.476699,53.380099,On or near Westfield Terrace,E01033265,Sheffield 074C,Possession of weapons,Awaiting court outcome,
fff6ed4c9db341a845428ae532d4fd87df1dc731f68e1c5f482aa1a94a5237de,2025-02,South Yorkshire Police,South Yorkshire Police,-1.471025,53.380604,On or near Barker'S Pool,E01033265,Sheffield 074C,Public order,Awaiting court outcome,
6068ced7f3be79aa0701d8369b688978d1f6eec1859911084d17efb0de411d37,2025-02,South Yorkshire Police,South Yorkshire Police,-1.471025,53.380604,On or near Barker'S Pool,E01033265,Sheffield 074C,Public order,Status update unavailable,
2154af68edeb2f45ae32c374cb30c955c4a2e83211ad0f7d3903d0192b255d08,2025-02,South Yorkshire Police,South Yorkshire Police,-1.474059,53.380878,On or near Parking Area,E01033265,Sheffield 074C,Public order,Awaiting court outcome,
c4506fe202a76cd42717d4831c56f15887f43c31f2fb607cbd34089e6e514d8e,2025-02,South Yorkshire Police,South Yorkshire Police,-1.471061,53.377755,On or near Furnival Gate,E01033265,Sheffield 074C,Public order,Unable to prosecute suspect,
cc2283661578d5df8c14a6bbf925583cc06f8ee13bc5d58242a51373d5138c8a,2025-02,South Yorkshire Police,South Yorkshire Police,-1.471061,53.377755,On or near Furnival Gate,E01033265,Sheffield 074C,Public order,Awaiting court outcome,
7b742a9cae0669f1625315502dd7ec75b459840883de6ab990ee3e879209d325,2025-02,South Yorkshire Police,South Yorkshire Police,-1.471072,53.379247,On or near Cross Burgess Street,E01033265,Sheffield 074C,Public order,Investigation complete; no suspect identified,
667b814f9695a8f2ef3448161ee339b6657062b42ad5e67e7ce0219da6c16da2,2025-02,South Yorkshire Police,South Yorkshire Police,-1.471064,53.381171,On or near Conference/Exhibition Centre,E01033265,Sheffield 074C,Public order,Unable to prosecute suspect,
f802e2e2fcc91338138cbe056c5ac0f86469c5944037b29e339b01850c5ba7b7,2025-02,South Yorkshire Police,South Yorkshire Police,-1.475763,53.379214,On or near Canning Street,E01033265,Sheffield 074C,Public order,Unable to prosecute suspect,
569f2de796f2c9368396d2540a0c3d1b2370b01157cea4d4e77797aba0e2b626,2025-02,South Yorkshire Police,South Yorkshire Police,-1.475847,53.380913,On or near West Street,E01033265,Sheffield 074C,Public order,Unable to prosecute suspect,
06a398303c952b94661826a73b5fd543b07941fa41da7c15223f64f05ce45b7b,2025-02,South Yorkshire Police,South Yorkshire Police,-1.475847,53.380913,On or near West Street,E01033265,Sheffield 074C,Robbery,Investigation complete; no suspect identified,
2d81444a55c9f55edbc2e90ed7936d25c57b76e6bbb9b92ac422b788e4d96608,2025-02,South Yorkshire Police,South Yorkshire Police,-1.471061,53.377755,On or near Furnival Gate,E01033265,Sheffield 074C,Shoplifting,Investigation complete; no suspect identified,
9527120e7768ec3afe7c892e43023632b96c96e755122d5394ec477d950dc2a6,2025-02,South Yorkshire Police,South Yorkshire Police,-1.471025,53.380604,On or near Barker'S Pool,E01033265,Sheffield 074C,Shoplifting,Unable to prosecute suspect,
14c12e465442a32146ac3d5889baa532b94751b19e7136d049dd3d313b031330,2025-02,South Yorkshire Police,South Yorkshire Police,-1.471061,53.377755,On or near Furnival Gate,E01033265,Sheffield 074C,Shoplifting,Investigation complete; no suspect identified,
1e31d25111962843bfa357a0bceb6933affb69946b42008eaf508ed052f68c28,2025-02,South Yorkshire Police,South Yorkshire Police,-1.471061,53.377755,On or near Furnival Gate,E01033265,Sheffield 074C,Shoplifting,Investigation complete; no suspect identified,
8f300285bc7ff84ebe47f63a4a821735bcb032065e79821645b90d1fe0db333b,2025-02,South Yorkshire Police,South Yorkshire Police,-1.471061,53.377755,On or near Furnival Gate,E01033265,Sheffield 074C,Shoplifting,Investigation complete; no suspect identified,
0be1c83660028fa50c890ad807d08ced230fb4266be5c52a3c0e5d2d6efa3e50,2025-02,South Yorkshire Police,South Yorkshire Police,-1.471061,53.377755,On or near Furnival Gate,E01033265,Sheffield 074C,Shoplifting,Investigation complete; no suspect identified,
57a27f2ad0c70c15b08ddb321d61c7c94b96c07e8ad5a39a3c9f8c19490c561c,2025-02,South Yorkshire Police,South Yorkshire Police,-1.471061,53.377755,On or near Furnival Gate,E01033265,Sheffield 074C,Shoplifting,Investigation complete; no suspect identified,
243bd4f5dde0ff1b08cbb7aabd88a5e0346e0730a5af8a666ab4e2ba8c22f87d,2025-02,South Yorkshire Police,South Yorkshire Police,-1.471061,53.377755,On or near Furnival Gate,E01033265,Sheffield 074C,Shoplifting,Awaiting court outcome,
2eb21bd0752102fca5b819417869b2d45b3d8f7ae2716646666c02b89796ca5f,2025-02,South Yorkshire Police,South Yorkshire Police,-1.471061,53.377755,On or near Furnival Gate,E01033265,Sheffield 074C,Shoplifting,Awaiting court outcome,
8ed8bad8081b01692e7ca5270c4cca92186d99c9bd9a8eb6c49f94739636efc3,2025-02,South Yorkshire Police,South Yorkshire Police,-1.471061,53.377755,On or near Furnival Gate,E01033265,Sheffield 074C,Shoplifting,Investigation complete; no suspect identified,
122da68f8fc52a83eb7fb2814a1239b734b70db990325d835c0cfa4160ae9ffd,2025-02,South Yorkshire Police,South Yorkshire Police,-1.471025,53.380604,On or near Barker'S Pool,E01033265,Sheffield 074C,Shoplifting,Investigation complete; no suspect identified,
b2f3a6e334ca8477885280911b6e00d2982578c1340b84c42a0d31a91408e2e7,2025-02,South Yorkshire Police,South Yorkshire Police,-1.471025,53.380604,On or near Barker'S Pool,E01033265,Sheffield 074C,Shoplifting,Investigation complete; no suspect identified,
85a0dcf7877ac7b60e6f830913d99885eabd8441b331cf238708c047dfa99464,2025-02,South Yorkshire Police,South Yorkshire Police,-1.471061,53.377755,On or near Furnival Gate,E01033265,Sheffield 074C,Shoplifting,Investigation complete; no suspect identified,
83c48a12e0df181490ea823b9367b5826611d0962fad2774472510c7369557ea,2025-02,South Yorkshire Police,South Yorkshire Police,-1.471061,53.377755,On or near Furnival Gate,E01033265,Sheffield 074C,Shoplifting,Investigation complete; no suspect identified,
06bbb9fa6c7756a5c6a85552745f59bedd1b044a4ac2ca0cfefcd45ea1ef400d,2025-02,South Yorkshire Police,South Yorkshire Police,-1.471061,53.377755,On or near Furnival Gate,E01033265,Sheffield 074C,Shoplifting,Awaiting court outcome,
6b6228803b45d5700696a9eb6b8a90bf46c9fc6c5098ed67a0fef1e442d08502,2025-02,South Yorkshire Police,South Yorkshire Police,-1.471061,53.377755,On or near Furnival Gate,E01033265,Sheffield 074C,Shoplifting,Investigation complete; no suspect identified,
af1840fa2605cdb9f7a5846c6f620d46d5369631853a922959ad127db074f667,2025-02,South Yorkshire Police,South Yorkshire Police,-1.475847,53.380913,On or near West Street,E01033265,Sheffield 074C,Theft from the person,Unable to prosecute suspect,
c80fa4b87837e84d67290d3460669be5c0d952213e3be9e2f0b00c7826a69b47,2025-02,South Yorkshire Police,South Yorkshire Police,-1.475847,53.380913,On or near West Street,E01033265,Sheffield 074C,Theft from the person,Investigation complete; no suspect identified,
37dc0adf803ae140a155b1853b018ab0a577ae86e871c2dadecf925626f90868,2025-02,South Yorkshire Police,South Yorkshire Police,-1.471064,53.381171,On or near Conference/Exhibition Centre,E01033265,Sheffield 074C,Theft from the person,Investigation complete; no suspect identified,
7d2486b54146ab2c59880c6d9c7ee76fcf45e899c95f61b8c995c2a1ac3f80e3,2025-02,South Yorkshire Police,South Yorkshire Police,-1.471519,53.382036,On or near Leopold Street,E01033265,Sheffield 074C,Theft from the person,Investigation complete; no suspect identified,
5027ca17b7b412b01011ae3c8a0fd1b3708b579c3cbc0facf31b0adf2acf7e10,2025-02,South Yorkshire Police,South Yorkshire Police,-1.471061,53.377755,On or near Furnival Gate,E01033265,Sheffield 074C,Theft from the person,Investigation complete; no suspect identified,
da44631b0a4ffccbeac6283744f9264eeaaee757c17cffadae8929d770e54cc6,2025-02,South Yorkshire Police,South Yorkshire Police,-1.471519,53.382036,On or near Leopold Street,E01033265,Sheffield 074C,Theft from the person,Investigation complete; no suspect identified,
9dc360923dc396fe5d5bef0815ee20e738e74993039686debc57d8277552227e,2025-02,South Yorkshire Police,South Yorkshire Police,-1.475847,53.380913,On or near West Street,E01033265,Sheffield 074C,Theft from the person,Investigation complete; no suspect identified,
8e38b286c0b46ec71d8b5e537f4aa5576200de561b727edbc47e614f0d525ab5,2025-02,South Yorkshire Police,South Yorkshire Police,-1.471519,53.382036,On or near Leopold Street,E01033265,Sheffield 074C,Theft from the person,Investigation complete; no suspect identified,
cefe6f5a1d99890fe0e631da971f72ad69ca58d327a03ec6a43054d06b226b64,2025-02,South Yorkshire Police,South Yorkshire Police,-1.471064,53.381171,On or near Conference/Exhibition Centre,E01033265,Sheffield 074C,Theft from the person,Investigation complete; no suspect identified,
5ab621a81c94b18cfa145b71811d89ffaf1539ddaebd7b8b4a4645ceadb4925a,2025-02,South Yorkshire Police,South Yorkshire Police,-1.475847,53.380913,On or near West Street,E01033265,Sheffield 074C,Theft from the person,Investigation complete; no suspect identified,
7a04aed7f47626c5068f78cfda43e5863d86fbe590818946f3d63ef029493783,2025-02,South Yorkshire Police,South Yorkshire Police,-1.471519,53.382036,On or near Leopold Street,E01033265,Sheffield 074C,Theft from the person,Investigation complete; no suspect identified,
4609bceabe2bee44c84a5ddc5d0173fa9830a0a3cf813a1d4016fa5d8478cb78,2025-02,South Yorkshire Police,South Yorkshire Police,-1.475750,53.379070,On or near Parking Area,E01033265,Sheffield 074C,Vehicle crime,Investigation complete; no suspect identified,
ce5cdab2f0c4fc1890067c4b552de97ca2c829581210e306ff47af121f423b11,2025-02,South Yorkshire Police,South Yorkshire Police,-1.472553,53.382328,On or near Pinfold Street,E01033265,Sheffield 074C,Vehicle crime,Investigation complete; no suspect identified,
54bb52358c1a85084b422d77040156622e3ba5151fed50071501e851b9045264,2025-02,South Yorkshire Police,South Yorkshire Police,-1.473319,53.382322,On or near Bells Square,E01033265,Sheffield 074C,Violence and sexual offences,Awaiting court outcome,
7c24d32d8bef58d37301482a6022cb9c8d13fe661a79f21da822b976f042d89d,2025-02,South Yorkshire Police,South Yorkshire Police,-1.471061,53.377755,On or near Furnival Gate,E01033265,Sheffield 074C,Violence and sexual offences,Unable to prosecute suspect,
a5bd615b8401adc49ed25604f6df09a7cfa37e2aedabfabe5248e4851c699d21,2025-02,South Yorkshire Police,South Yorkshire Police,-1.471519,53.382036,On or near Leopold Street,E01033265,Sheffield 074C,Violence and sexual offences,Unable to prosecute suspect,
8dd047470288b69c4585febfd3ecad6c8375f5b8375d1b978f95a9bf10d62516,2025-02,South Yorkshire Police,South Yorkshire Police,-1.471025,53.380604,On or near Barker'S Pool,E01033265,Sheffield 074C,Violence and sexual offences,Offender given a caution,
fc8e7c606adf31228771ea904ec975f79b57dc3507e0711b1ed13661cf3f5be9,2025-02,South Yorkshire Police,South Yorkshire Police,-1.474982,53.381592,On or near Penton Street,E01033265,Sheffield 074C,Violence and sexual offences,Investigation complete; no suspect identified,
1f7da9b320d0df3842605de529c38468e9c04865d9fdc2ea890439cee90c9e30,2025-02,South Yorkshire Police,South Yorkshire Police,-1.471025,53.380604,On or near Barker'S Pool,E01033265,Sheffield 074C,Violence and sexual offences,Unable to prosecute suspect,
e226d5858cacddfeab642e18210d4f9e029ecdf124ac3c8d3bff40560ca0fe36,2025-02,South Yorkshire Police,South Yorkshire Police,-1.471335,53.379868,On or near Burgess Street,E01033265,Sheffield 074C,Violence and sexual offences,Unable to prosecute suspect,
8f20a195fa416147da0510e9094df0510f2095fb5c049dce85e7a24fb374ab8e,2025-02,South Yorkshire Police,South Yorkshire Police,-1.472405,53.380685,On or near Sports/Recreation Area,E01033265,Sheffield 074C,Violence and sexual offences,Status update unavailable,
076dbbd09ed2005e4a2621065234ad52e0a6689c3b29e135f05e0d4caeeedd72,2025-02,South Yorkshire Police,South Yorkshire Police,-1.475847,53.380913,On or near West Street,E01033265,Sheffield 074C,Violence and sexual offences,Unable to prosecute suspect,
02d926cc1f3ec5a9c90d235cab375fc48022c6932f9ee28c98c706cb54a5d79a,2025-02,South Yorkshire Police,South Yorkshire Police,-1.474065,53.380215,On or near Nightclub,E01033265,Sheffield 074C,Violence and sexual offences,Investigation complete; no suspect identified,
624ad6b6ccd988c7b3c6228ed06eaf231f90a25032205d5db2cdf7f2ca491358,2025-02,South Yorkshire Police,South Yorkshire Police,-1.474065,53.380215,On or near Nightclub,E01033265,Sheffield 074C,Violence and sexual offences,Investigation complete; no suspect identified,
b9ea51bb4854a629f56525df5bab5f863066bdda930ce2e4eea68b69fe535d02,2025-02,South Yorkshire Police,South Yorkshire Police,-1.475847,53.380913,On or near West Street,E01033265,Sheffield 074C,Violence and sexual offences,Investigation complete; no suspect identified,
8fae5227124a1da0eb2f083898b24735088d1cb791e3596052bede464e29dd98,2025-02,South Yorkshire Police,South Yorkshire Police,-1.471519,53.382036,On or near Leopold Street,E01033265,Sheffield 074C,Violence and sexual offences,Investigation complete; no suspect identified,
bc44043a992b79153d4ebc3c7abb8bc4f7d93c5244f50afa2672bb6b883fdf97,2025-02,South Yorkshire Police,South Yorkshire Police,-1.471025,53.380604,On or near Barker'S Pool,E01033265,Sheffield 074C,Violence and sexual offences,Unable to prosecute suspect,
18c8c0b5ebb435e9bfc7ef8deab93ef224ccf7809deda29a77c52deea1a88ab7,2025-02,South Yorkshire Police,South Yorkshire Police,-1.474982,53.381592,On or near Penton Street,E01033265,Sheffield 074C,Violence and sexual offences,Unable to prosecute suspect,
d187478e2889ee823cf37320b76209c66c1cf5be44a87127d24ea31664d05605,2025-02,South Yorkshire Police,South Yorkshire Police,-1.473319,53.382322,On or near Bells Square,E01033265,Sheffield 074C,Violence and sexual offences,Unable to prosecute suspect,
b967ce5cfbe170bd062e78fc9ab5a499bacfe3c390aa3a58f279fabf7e19b922,2025-02,South Yorkshire Police,South Yorkshire Police,-1.475847,53.380913,On or near West Street,E01033265,Sheffield 074C,Violence and sexual offences,Unable to prosecute suspect,
87b269e572e6656a963c5b15ba25bee4ff148af04222a104f16a01a7e04b27d5,2025-02,South Yorkshire Police,South Yorkshire Police,-1.471519,53.382036,On or near Leopold Street,E01033265,Sheffield 074C,Violence and sexual offences,Investigation complete; no suspect identified,
5b668c627ae0662dc6caf1be7ce070ca206b02ce0afc257e94747a112f86db64,2025-02,South Yorkshire Police,South Yorkshire Police,-1.472405,53.380685,On or near Sports/Recreation Area,E01033265,Sheffield 074C,Violence and sexual offences,Investigation complete; no suspect identified,
e4b3cb78c872ed82fe3b8b82053ee250ec15188d722365eb4f9cff0ef2dab8d4,2025-02,South Yorkshire Police,South Yorkshire Police,-1.475847,53.380913,On or near West Street,E01033265,Sheffield 074C,Violence and sexual offences,Local resolution,
9c678536d344732262c8bbaf946eeddca9c7a3d2f6e4c9a40dc5ff7a702f89e8,2025-02,South Yorkshire Police,South Yorkshire Police,-1.476699,53.380099,On or near Westfield Terrace,E01033265,Sheffield 074C,Violence and sexual offences,Unable to prosecute suspect,
97e47a10b14e800a7600d8d9a062f2bf3899d39ea59c5fae12310c55805e43cd,2025-02,South Yorkshire Police,South Yorkshire Police,-1.474059,53.380878,On or near Parking Area,E01033265,Sheffield 074C,Violence and sexual offences,Investigation complete; no suspect identified,
ae66b5032a527d79b2332da09e169b1f1e2bead282a119397a331bf53bba821d,2025-02,South Yorkshire Police,South Yorkshire Police,-1.472405,53.380685,On or near Sports/Recreation Area,E01033265,Sheffield 074C,Violence and sexual offences,Investigation complete; no suspect identified,
b62656edb187c44204ee29f8c204efb378df577e9d3b40fdec896e274416444d,2025-02,South Yorkshire Police,South Yorkshire Police,-1.474982,53.381592,On or near Penton Street,E01033265,Sheffield 074C,Violence and sexual offences,Unable to prosecute suspect,
bcffcb988e7a51d5c17efaf37adaf07e9a163214b30e8a07f2ca97f524540b44,2025-02,South Yorkshire Police,South Yorkshire Police,-1.471335,53.379868,On or near Burgess Street,E01033265,Sheffield 074C,Violence and sexual offences,Unable to prosecute suspect,
9f13f37691e509bc4d3eace5d49c16fb60e8dd4c46a9816b1ebe11535b533cd5,2025-02,South Yorkshire Police,South Yorkshire Police,-1.472405,53.380685,On or near Sports/Recreation Area,E01033265,Sheffield 074C,Violence and sexual offences,Unable to prosecute suspect,
560dd87d2a0b6d758ce1c591feaf57e5deaea676ecef60b979bb04661d4037a9,2025-02,South Yorkshire Police,South Yorkshire Police,-1.474059,53.380878,On or near Parking Area,E01033265,Sheffield 074C,Violence and sexual offences,Awaiting court outcome,
a66ccff292bc1ebe34ff3ab07a72d6f8c1260dbff1f9976e8193db11ee2d331a,2025-02,South Yorkshire Police,South Yorkshire Police,-1.474065,53.380215,On or near Nightclub,E01033265,Sheffield 074C,Violence and sexual offences,Local resolution,
e93f9cb2f4b67872b96bb1bf3e4429fbef4803366c3ecf2e0b514d838760aa45,2025-02,South Yorkshire Police,South Yorkshire Police,-1.475763,53.379205,On or near Devonshire Lane,E01033265,Sheffield 074C,Violence and sexual offences,Unable to prosecute suspect,
c228085c463d348768af54083e77e2a4bf81ea481e764fdfc19add9994a49fb3,2025-02,South Yorkshire Police,South Yorkshire Police,-1.471064,53.381171,On or near Conference/Exhibition Centre,E01033265,Sheffield 074C,Violence and sexual offences,Investigation complete; no suspect identified,
718c112d7bfdaf41c995dfb6011a83dfb3c2da188d76fa1708afc99fac99fd30,2025-02,South Yorkshire Police,South Yorkshire Police,-1.471064,53.381171,On or near Conference/Exhibition Centre,E01033265,Sheffield 074C,Violence and sexual offences,Investigation complete; no suspect identified,
3af8c438af31a4dde302d64302b56a51732a82a47f47b2f119419fef96eb6b02,2025-02,South Yorkshire Police,South Yorkshire Police,-1.471072,53.379247,On or near Cross Burgess Street,E01033265,Sheffield 074C,Violence and sexual offences,Investigation complete; no suspect identified,
b6bf8c591b7eb087a8ce743d27e967aec957dc2959d59cd7756fbe76dca12ff8,2025-02,South Yorkshire Police,South Yorkshire Police,-1.471519,53.382036,On or near Leopold Street,E01033265,Sheffield 074C,Violence and sexual offences,Unable to prosecute suspect,
19a8390c5c341760a547a5ec6e36f1ca85829b8e9afc34213ba4c572ef91656b,2025-02,South Yorkshire Police,South Yorkshire Police,-1.474491,53.382372,On or near Bailey Street,E01033265,Sheffield 074C,Violence and sexual offences,Unable to prosecute suspect,
3e56e21f3cf124e1fe6c3412856ceb197ad7888eabaa40bac64dca6c794f4b46,2025-02,South Yorkshire Police,South Yorkshire Police,-1.473319,53.382322,On or near Bells Square,E01033265,Sheffield 074C,Violence and sexual offences,Awaiting court outcome,
597e40ae8ce8432ba9b277f6da48a31d2e785369919fe50c741897fb0bb98409,2025-02,South Yorkshire Police,South Yorkshire Police,-1.475847,53.380913,On or near West Street,E01033265,Sheffield 074C,Violence and sexual offences,Investigation complete; no suspect identified,
fa49ed0fba81bc37a41be039bea93c13164679195717f4c5c22f8d3a92e88d1b,2025-02,South Yorkshire Police,South Yorkshire Police,-1.471519,53.382036,On or near Leopold Street,E01033265,Sheffield 074C,Violence and sexual offences,Investigation complete; no suspect identified,
524505399b2270ab64571d3689fe5ee643feabe88074664dd2be51d5b1d26c44,2025-02,South Yorkshire Police,South Yorkshire Police,-1.471025,53.380604,On or near Barker'S Pool,E01033265,Sheffield 074C,Violence and sexual offences,Unable to prosecute suspect,
e948b1a73f548edec9d0c62052472052048128edf0b59b0df88a287a02d935c5,2025-02,South Yorkshire Police,South Yorkshire Police,-1.471025,53.380604,On or near Barker'S Pool,E01033265,Sheffield 074C,Violence and sexual offences,Unable to prosecute suspect,
6d4d1b1408388ab7c98d5504ea9e1708621a87d66a4ddf6c09766be95a708eb8,2025-02,South Yorkshire Police,South Yorkshire Police,-1.475847,53.380913,On or near West Street,E01033265,Sheffield 074C,Violence and sexual offences,Unable to prosecute suspect,
1ae36b4acfdafcbff98fe189ae9d5ff16d03afb5869ec5f391929820475db39c,2025-02,South Yorkshire Police,South Yorkshire Police,-1.474059,53.380878,On or near Parking Area,E01033265,Sheffield 074C,Violence and sexual offences,Unable to prosecute suspect,
14d1864537c3d9db136f4342f34f9c37ac5a960fea89e1f7d0b2135814d16ed8,2025-02,South Yorkshire Police,South Yorkshire Police,-1.475847,53.380913,On or near West Street,E01033265,Sheffield 074C,Violence and sexual offences,Unable to prosecute suspect,
936f65e5aab01b0360137c761a0a737acbfe0233a980be771a908fd7300e5f5d,2025-02,South Yorkshire Police,South Yorkshire Police,-1.475847,53.380913,On or near West Street,E01033265,Sheffield 074C,Violence and sexual offences,Offender given a caution,
093bca6bade9a5eb35904bbf7dfc6f8cefde12eb3026a03faa68a839951bc908,2025-02,South Yorkshire Police,South Yorkshire Police,-1.473829,53.380041,On or near Carver Street,E01033265,Sheffield 074C,Violence and sexual offences,Unable to prosecute suspect,
d39339b2e4e9c09e8e6acf77bbe5c1315c0d99a379221709462953f348fc17bb,2025-02,South Yorkshire Police,South Yorkshire Police,-1.474065,53.380215,On or near Nightclub,E01033265,Sheffield 074C,Violence and sexual offences,Investigation complete; no suspect identified,
6fc2fdc44e0017eccb1f37870874054dbf866ba2e822a89f2cc64d667b51f9aa,2025-02,South Yorkshire Police,South Yorkshire Police,-1.473021,53.379732,On or near Backfields,E01033265,Sheffield 074C,Violence and sexual offences,Unable to prosecute suspect,
97b980bf01f6f08d0c7bc4ee60520484d42d7cdeeffae9005c749bcc11fd5b8f,2025-02,South Yorkshire Police,South Yorkshire Police,-1.476699,53.380099,On or near Westfield Terrace,E01033265,Sheffield 074C,Violence and sexual offences,Investigation complete; no suspect identified,
dac0b9861da8d2d73f7f5dbea8ef563b5b3ce6075d74694a280a68e48fc767a7,2025-02,South Yorkshire Police,South Yorkshire Police,-1.471061,53.377755,On or near Furnival Gate,E01033265,Sheffield 074C,Violence and sexual offences,Unable to prosecute suspect,
b6efa8fde4bbb86ef0f511ab54107374b14a42993dceb90949f05fe8e5737760,2025-02,South Yorkshire Police,South Yorkshire Police,-1.474268,53.380641,On or near Nightclub,E01033265,Sheffield 074C,Violence and sexual offences,Investigation complete; no suspect identified,
65c17d508ea2563a563a6b7babb6277584bb0af758f7fcf84d0d17170f3f3922,2025-02,South Yorkshire Police,South Yorkshire Police,-1.475763,53.379205,On or near Devonshire Lane,E01033265,Sheffield 074C,Violence and sexual offences,Unable to prosecute suspect,
229e4d998b37588b6190b226da5f2900e313b65fa0c4aa6c19eef70f93f12786,2025-02,South Yorkshire Police,South Yorkshire Police,-1.471072,53.379247,On or near Cross Burgess Street,E01033265,Sheffield 074C,Violence and sexual offences,Unable to prosecute suspect,
555f2958b2f2607c82b3fe5bd16dd59f6fb2d51650c138281112cd7d63d58d0b,2025-02,South Yorkshire Police,South Yorkshire Police,-1.475763,53.379205,On or near Devonshire Lane,E01033265,Sheffield 074C,Violence and sexual offences,Unable to prosecute suspect,
5e3e5304394bc2958e54fd16b7fc013c389b8d5a2df1a6e6a31110b4accc917d,2025-02,South Yorkshire Police,South Yorkshire Police,-1.471064,53.381171,On or near Conference/Exhibition Centre,E01033265,Sheffield 074C,Violence and sexual offences,Investigation complete; no suspect identified,
8733ab80dffd48d0d8e1cf90f656b11d033c62c2432de893b855534e1efa9d31,2025-02,South Yorkshire Police,South Yorkshire Police,-1.471025,53.380604,On or near Barker'S Pool,E01033265,Sheffield 074C,Other crime,Status update unavailable,
849300aeb10f9b951d0b65f4ee843f6e50d263245c85fece1a1a61450461adea,2025-02,South Yorkshire Police,South Yorkshire Police,-1.476699,53.380099,On or near Westfield Terrace,E01033265,Sheffield 074C,Other crime,Unable to prosecute suspect,
dcee791f120a08a83fdd64e116591108dd538c9cf5706cabfc9200e496664b03,2025-02,South Yorkshire Police,South Yorkshire Police,-1.475847,53.380913,On or near West Street,E01033265,Sheffield 074C,Other crime,Unable to prosecute suspect,
,2025-02,South Yorkshire Police,South Yorkshire Police,-1.477620,53.381002,On or near Orange Street,E01034844,Sheffield 074F,Anti-social behaviour,,
,2025-02,South Yorkshire Police,South Yorkshire Police,-1.478971,53.379920,On or near Westhill Lane,E01034844,Sheffield 074F,Anti-social behaviour,,
,2025-02,South Yorkshire Police,South Yorkshire Police,-1.477620,53.381002,On or near Orange Street,E01034844,Sheffield 074F,Anti-social behaviour,,
,2025-02,South Yorkshire Police,South Yorkshire Police,-1.478325,53.379899,On or near Parking Area,E01034844,Sheffield 074F,Anti-social behaviour,,
,2025-02,South Yorkshire Police,South Yorkshire Police,-1.478325,53.379899,On or near Parking Area,E01034844,Sheffield 074F,Anti-social behaviour,,
,2025-02,South Yorkshire Police,South Yorkshire Police,-1.481218,53.378823,On or near Conference/Exhibition Centre,E01034844,Sheffield 074F,Anti-social behaviour,,
,2025-02,South Yorkshire Police,South Yorkshire Police,-1.476910,53.381331,On or near Parking Area,E01034844,Sheffield 074F,Anti-social behaviour,,
,2025-02,South Yorkshire Police,South Yorkshire Police,-1.478325,53.379899,On or near Parking Area,E01034844,Sheffield 074F,Anti-social behaviour,,
,2025-02,South Yorkshire Police,South Yorkshire Police,-1.477620,53.381002,On or near Orange Street,E01034844,Sheffield 074F,Anti-social behaviour,,
8ea081959db5f78fa507aa9fc2ede8b48efc9a00a2b0617c33efd9bba5bcc02a,2025-02,South Yorkshire Police,South Yorkshire Police,-1.482925,53.381142,On or near Leavy Greave Road,E01034844,Sheffield 074F,Bicycle theft,Unable to prosecute suspect,
134e668172fc87615797b4ca8643ef8005675d211983295f1d591d9bef8f6005,2025-02,South Yorkshire Police,South Yorkshire Police,-1.479329,53.381387,On or near Mappin Street,E01034844,Sheffield 074F,Bicycle theft,Investigation complete; no suspect identified,
cda46b1f54c0ce8b467f42a1fe561cb9d66bcd0d876961bdec4f03b5c1c895ad,2025-02,South Yorkshire Police,South Yorkshire Police,-1.478690,53.382013,On or near Abney Street,E01034844,Sheffield 074F,Bicycle theft,Status update unavailable,
15e01318782e98707ed413baccc2e33293a5801488517d417920c1a8a19a7c99,2025-02,South Yorkshire Police,South Yorkshire Police,-1.482925,53.381142,On or near Leavy Greave Road,E01034844,Sheffield 074F,Bicycle theft,Investigation complete; no suspect identified,
beadea2fe0d6d25756367c97f30e871f1a2150f3b5aebbc484740a1b4b78ab3b,2025-02,South Yorkshire Police,South Yorkshire Police,-1.477620,53.381002,On or near Orange Street,E01034844,Sheffield 074F,Criminal damage and arson,Investigation complete; no suspect identified,
fe810da92fbb1b73dce899293760c882a1c4253dd6caea771cdcac7a6d9f2e13,2025-02,South Yorkshire Police,South Yorkshire Police,-1.482925,53.381142,On or near Leavy Greave Road,E01034844,Sheffield 074F,Criminal damage and arson,Investigation complete; no suspect identified,
8d5df570a0bb413d00349f3073cc5f23dea0a21cd76a99b3a3d7f0e49ab4d296,2025-02,South Yorkshire Police,South Yorkshire Police,-1.480846,53.379020,On or near Cavendish Street,E01034844,Sheffield 074F,Other theft,Investigation complete; no suspect identified,
9abfc26fe16aad9faac31bf4d0bd8b52b934b08b72583c7f93554e1a4f6dcd12,2025-02,South Yorkshire Police,South Yorkshire Police,-1.480093,53.380410,On or near Charlotte Lane,E01034844,Sheffield 074F,Other theft,Investigation complete; no suspect identified,
0cc455c16dce2d15ea29a4bff5757269184689ebf50798b70d08983a64f0c350,2025-02,South Yorkshire Police,South Yorkshire Police,-1.477620,53.381002,On or near Orange Street,E01034844,Sheffield 074F,Other theft,Investigation complete; no suspect identified,
1c97cd025306b6f536c31b5e34a6f66f071ac9f5086bfc2451f6c788d4bd8658,2025-02,South Yorkshire Police,South Yorkshire Police,-1.478325,53.379899,On or near Parking Area,E01034844,Sheffield 074F,Other theft,Investigation complete; no suspect identified,
bc40fc926b7a076b58d2f5c8699e0ad2d0325841cb81ab7bcebe2022e15fc98b,2025-02,South Yorkshire Police,South Yorkshire Police,-1.479653,53.379969,On or near Nightclub,E01034844,Sheffield 074F,Public order,Unable to prosecute suspect,
e1cd96302604927dca09eb716483315190c166345c923ea3a571d16aa8ebf9cb,2025-02,South Yorkshire Police,South Yorkshire Police,-1.478325,53.379899,On or near Parking Area,E01034844,Sheffield 074F,Public order,Unable to prosecute suspect,
0a8756660bbb72b7ca195e6c7631807db454754183f639067259f9b62655665b,2025-02,South Yorkshire Police,South Yorkshire Police,-1.482925,53.381142,On or near Leavy Greave Road,E01034844,Sheffield 074F,Robbery,Status update unavailable,
a35e8fd8e512d3b411fc3866e287d0fd5cf98d06da464ada54e56fa62ef6802c,2025-02,South Yorkshire Police,South Yorkshire Police,-1.478325,53.379899,On or near Parking Area,E01034844,Sheffield 074F,Shoplifting,Unable to prosecute suspect,
c0990b1aeb7951c4b828823a3ee8ce30270044eaa6bae1d4f654179b5fba80a4,2025-02,South Yorkshire Police,South Yorkshire Police,-1.478971,53.379920,On or near Westhill Lane,E01034844,Sheffield 074F,Theft from the person,Investigation complete; no suspect identified,
757f8a70c3b14a88b5b0017b68894b0dfc86e3baf2b3b88b02d4ecbc77ed2e0c,2025-02,South Yorkshire Police,South Yorkshire Police,-1.478971,53.379920,On or near Westhill Lane,E01034844,Sheffield 074F,Theft from the person,Unable to prosecute suspect,
fafda455b5cf7ad1db9e959a1113454c054975347128ea22a0cb033a3c41f427,2025-02,South Yorkshire Police,South Yorkshire Police,-1.478690,53.382013,On or near Abney Street,E01034844,Sheffield 074F,Vehicle crime,Status update unavailable,
2d5658d9c8e0bc544057410ca5e82d66e5217f88f5ebd76deb3cfac049f96029,2025-02,South Yorkshire Police,South Yorkshire Police,-1.480093,53.380410,On or near Charlotte Lane,E01034844,Sheffield 074F,Vehicle crime,Investigation complete; no suspect identified,
7c6e71dd3c4644a10f079187afcea6f164d250831ce4487d6eed57bdf3c1aa22,2025-02,South Yorkshire Police,South Yorkshire Police,-1.478690,53.382013,On or near Abney Street,E01034844,Sheffield 074F,Vehicle crime,Investigation complete; no suspect identified,
9538a9c3f9d2d4901042ca11be0273fd39320fade8270f6016b29ab9580794b6,2025-02,South Yorkshire Police,South Yorkshire Police,-1.479279,53.379319,On or near Parking Area,E01034844,Sheffield 074F,Vehicle crime,Investigation complete; no suspect identified,
c2b80bc98c16b84373c39e85db99cd47330dc2fe470bde68ab6658425cd83539,2025-02,South Yorkshire Police,South Yorkshire Police,-1.480846,53.379020,On or near Cavendish Street,E01034844,Sheffield 074F,Violence and sexual offences,Unable to prosecute suspect,
cfc7678310dc9f7baeb1ac50b98af2b3c6c88a234da70b95f514a420710c515f,2025-02,South Yorkshire Police,South Yorkshire Police,-1.480093,53.380410,On or near Charlotte Lane,E01034844,Sheffield 074F,Violence and sexual offences,Status update unavailable,
e7250fc3f1fc1d293634f5f6ea1a6d6d08807875cb567446dfa52e1df126f229,2025-02,South Yorkshire Police,South Yorkshire Police,-1.479653,53.379969,On or near Nightclub,E01034844,Sheffield 074F,Violence and sexual offences,Status update unavailable,
392220f0aa38fd15ce750b2e05374e4c6352170fa3d4c479bb788317868057e2,2025-02,South Yorkshire Police,South Yorkshire Police,-1.482925,53.381142,On or near Leavy Greave Road,E01034844,Sheffield 074F,Violence and sexual offences,Status update unavailable,
cbeeee00918aa2b9cbf8aeb4964ad8b481ae7e6731cdf0e678003b185e8068a7,2025-02,South Yorkshire Police,South Yorkshire Police,-1.482925,53.381142,On or near Leavy Greave Road,E01034844,Sheffield 074F,Violence and sexual offences,Unable to prosecute suspect,
bb31bf34f55b7ec453b90e0c20e1aa5bbd3d5b09d422138bbd416ce1f6c2662f,2025-02,South Yorkshire Police,South Yorkshire Police,-1.479653,53.379969,On or near Nightclub,E01034844,Sheffield 074F,Violence and sexual offences,Status update unavailable,
697cf63e254bd910a85c9d10973e861ce8cda7412fe4a2b7ce4ea4d74744bfee,2025-02,South Yorkshire Police,South Yorkshire Police,-1.480093,53.380410,On or near Charlotte Lane,E01034844,Sheffield 074F,Violence and sexual offences,Status update unavailable,
781975ec875b4445f8dc90adecad94e62c79c6784fa3ac04cbaf0e49c0bf4c45,2025-02,South Yorkshire Police,South Yorkshire Police,-1.478325,53.379899,On or near Parking Area,E01034844,Sheffield 074F,Violence and sexual offences,Unable to prosecute suspect,
e111b7aaba511503e66c60216391cc517c5b1bb759b70b1a80a25b18438da999,2025-02,South Yorkshire Police,South Yorkshire Police,-1.479653,53.379969,On or near Nightclub,E01034844,Sheffield 074F,Violence and sexual offences,Investigation complete; no suspect identified,
f8e49d1d35fdd2dd826d06f76b140d15373ea7d16ed122e44a354b80eda0a018,2025-02,South Yorkshire Police,South Yorkshire Police,-1.480093,53.380410,On or near Charlotte Lane,E01034844,Sheffield 074F,Violence and sexual offences,Unable to prosecute suspect,
2a297ee7a41db5c2d0e2f2783237711cc0649da6b47ae498b50d74cfba6bc389,2025-02,South Yorkshire Police,South Yorkshire Police,-1.476337,53.381472,On or near Nightclub,E01034844,Sheffield 074F,Violence and sexual offences,Unable to prosecute suspect,
4263c97f9f01d0fc537c85482dda5396bdf207cd6e9b3a8bb9b597cea499e888,2025-02,South Yorkshire Police,South Yorkshire Police,-1.478325,53.379899,On or near Parking Area,E01034844,Sheffield 074F,Violence and sexual offences,Awaiting court outcome,
,2025-02,South Yorkshire Police,South Yorkshire Police,-1.448139,53.378498,On or near Sports/Recreation Area,E01007878,Sheffield 075A,Anti-social behaviour,,
,2025-02,South Yorkshire Police,South Yorkshire Police,-1.446317,53.380142,On or near Nuttall Place,E01007878,Sheffield 075A,Anti-social behaviour,,
,2025-02,South Yorkshire Police,South Yorkshire Police,-1.441054,53.377969,On or near Yorkstone Close,E01007878,Sheffield 075A,Anti-social behaviour,,
1634ecf818f702c40c3789d446c0968add2f9d6b6151fe92e3324065d04fa83e,2025-02,South Yorkshire Police,South Yorkshire Police,-1.442525,53.375827,On or near Plover Court,E01007878,Sheffield 075A,Criminal damage and arson,Investigation complete; no suspect identified,
6242c30610a2212b13296fac5e5e941d8b43a7194b64df8fb8600288487d0cff,2025-02,South Yorkshire Police,South Yorkshire Police,-1.441659,53.375392,On or near Osprey Gardens,E01007878,Sheffield 075A,Criminal damage and arson,Local resolution,
3084340885d43da35c507c92cb713fa3fa0f0330a3ca1d648853f1fe4117cb3d,2025-02,South Yorkshire Police,South Yorkshire Police,-1.443152,53.377313,On or near Tummon Road,E01007878,Sheffield 075A,Criminal damage and arson,Unable to prosecute suspect,
a54a4599646291eebaf53dd5335cf5f694a6eef3942c48ea59f38ef1688c5984,2025-02,South Yorkshire Police,South Yorkshire Police,-1.444373,53.375872,On or near Partridge View,E01007878,Sheffield 075A,Vehicle crime,Investigation complete; no suspect identified,
ba1612e16242aaca4716a5a0cacbfaa5c72d95e15f3c8349225aa8d26169398a,2025-02,South Yorkshire Police,South Yorkshire Police,-1.442846,53.375397,On or near Wren Bank,E01007878,Sheffield 075A,Vehicle crime,Investigation complete; no suspect identified,
7dc906377101a98522b2331b08643b7f79befb3eb9a464c0d8f71c07b36aea83,2025-02,South Yorkshire Police,South Yorkshire Police,-1.442823,53.378292,On or near Benson Road,E01007878,Sheffield 075A,Violence and sexual offences,Status update unavailable,
3e656015a665738cb28a15f448762c7d494d04b90508834e4668fd47a5e329a8,2025-02,South Yorkshire Police,South Yorkshire Police,-1.442823,53.378292,On or near Benson Road,E01007878,Sheffield 075A,Violence and sexual offences,Unable to prosecute suspect,
cf4d553f9da14b9fa97a205176d4c562d1955ca5a4662d50e4c6e32f61afafed,2025-02,South Yorkshire Police,South Yorkshire Police,-1.445271,53.376182,On or near Starling Mead,E01007878,Sheffield 075A,Violence and sexual offences,Unable to prosecute suspect,
99db0c8e9bbfb0f5c62f8b82f2c57b8120d4da9142ebe841f0eff0a7f58a49b8,2025-02,South Yorkshire Police,South Yorkshire Police,-1.445271,53.376182,On or near Starling Mead,E01007878,Sheffield 075A,Other crime,Status update unavailable,
,2025-02,South Yorkshire Police,South Yorkshire Police,-1.452490,53.375873,On or near Fitzwalter Road,E01007879,Sheffield 075B,Anti-social behaviour,,
d16284af3d15541a497777ffc65773ded1940b393917f77bcd32262bb51b0c8d,2025-02,South Yorkshire Police,South Yorkshire Police,-1.453343,53.377369,On or near B6070,E01007879,Sheffield 075B,Criminal damage and arson,Investigation complete; no suspect identified,
59d684a0ce78dca2ab168431b7fb7f18cc10826c82cb7e6dff25811115bc4038,2025-02,South Yorkshire Police,South Yorkshire Police,-1.452490,53.375873,On or near Fitzwalter Road,E01007879,Sheffield 075B,Criminal damage and arson,Investigation complete; no suspect identified,
8d11ff8bedbc03af5a19fe2328ac183506140f6cba651391025df2b22b944ba1,2025-02,South Yorkshire Police,South Yorkshire Police,-1.455191,53.378645,On or near Talbot Road,E01007879,Sheffield 075B,Other theft,Unable to prosecute suspect,
30f64ff3ba0f9dfb3880f6560d9de47a0725b94f151b7586ebfa1c5580c877a3,2025-02,South Yorkshire Police,South Yorkshire Police,-1.452490,53.375873,On or near Fitzwalter Road,E01007879,Sheffield 075B,Vehicle crime,Investigation complete; no suspect identified,
48a8858ef2d1f6577ba659d48c2b092c6a6c7c6253e4018c36daf6b194ec4019,2025-02,South Yorkshire Police,South Yorkshire Police,-1.452490,53.375873,On or near Fitzwalter Road,E01007879,Sheffield 075B,Vehicle crime,Investigation complete; no suspect identified,
56a2aa3a6655422558e4d134f3477219e8fb1a3cce2a18767a2e13e918ef86f5,2025-02,South Yorkshire Police,South Yorkshire Police,-1.459101,53.377279,On or near Claywood Drive,E01007879,Sheffield 075B,Vehicle crime,Investigation complete; no suspect identified,
751fba6a66178bbe663d21a7c58595987dc20dd93ddcbe6af087a349ead52db3,2025-02,South Yorkshire Police,South Yorkshire Police,-1.459101,53.377279,On or near Claywood Drive,E01007879,Sheffield 075B,Vehicle crime,Investigation complete; no suspect identified,
b6121ade3d631e4ecb56ce109cd999768a9191d921d2c482ecda25459f9061a1,2025-02,South Yorkshire Police,South Yorkshire Police,-1.456686,53.378041,On or near Talbot Gardens,E01007879,Sheffield 075B,Violence and sexual offences,Unable to prosecute suspect,
25d1d8fdd44a87ca50f665508499a6968981506543d566ee4d2582c036933b47,2025-02,South Yorkshire Police,South Yorkshire Police,-1.456410,53.378516,On or near Stafford Street,E01007879,Sheffield 075B,Violence and sexual offences,Unable to prosecute suspect,
ad8d66d5b796883cd6ec054668d968b5b3caa98f231cf5d8e7b323a46304c5eb,2025-02,South Yorkshire Police,South Yorkshire Police,-1.456410,53.378516,On or near Stafford Street,E01007879,Sheffield 075B,Violence and sexual offences,Unable to prosecute suspect,
8c49df50f2af217d758ce57b91b7421ff9cae4568ecb3155ea036a07dc537dcf,2025-02,South Yorkshire Police,South Yorkshire Police,-1.453343,53.377369,On or near B6070,E01007879,Sheffield 075B,Violence and sexual offences,Unable to prosecute suspect,
2c52111222e4944ac1715f608fad87c185008624de3bb46e95804cfb20be36f9,2025-02,South Yorkshire Police,South Yorkshire Police,-1.440310,53.368213,On or near City Road,E01007881,Sheffield 075C,Burglary,Investigation complete; no suspect identified,
e74c1b21be5b70b35f502ca79e17add8838951dabed8dc60d42c1fae4d14f33d,2025-02,South Yorkshire Police,South Yorkshire Police,-1.442496,53.368807,On or near St Aidan'S Way,E01007881,Sheffield 075C,Criminal damage and arson,Investigation complete; no suspect identified,
9e0b99938af4c3b9b83949d2e8597d9b1e864b447e623d7841acd47dfc5ea8f7,2025-02,South Yorkshire Police,South Yorkshire Police,-1.443198,53.372595,On or near Warley Road,E01007881,Sheffield 075C,Criminal damage and arson,Investigation complete; no suspect identified,
139517349fff41ed8d399d3fcaf9fd9c590e34e9d6944eb82ade03206a37f126,2025-02,South Yorkshire Police,South Yorkshire Police,-1.443198,53.372595,On or near Warley Road,E01007881,Sheffield 075C,Criminal damage and arson,Investigation complete; no suspect identified,
d5eaf2f0dc4aedf1cdc0ed6cbe50eddcf94ff60ca3d534d3dd19be643f7b5d64,2025-02,South Yorkshire Police,South Yorkshire Police,-1.443198,53.372595,On or near Warley Road,E01007881,Sheffield 075C,Criminal damage and arson,Investigation complete; no suspect identified,
4d5389b4e2fc88eb805c32f8c63d3005b2ce4fbc3152143d92627289da539963,2025-02,South Yorkshire Police,South Yorkshire Police,-1.444142,53.369372,On or near St Aidan'S Drive,E01007881,Sheffield 075C,Other theft,Unable to prosecute suspect,
cdc6e88ca938ea6cc73589b58bf63aeb3a7f2df6ff28e92779e7ee67d8648a50,2025-02,South Yorkshire Police,South Yorkshire Police,-1.444142,53.369372,On or near St Aidan'S Drive,E01007881,Sheffield 075C,Other theft,Unable to prosecute suspect,
74ed9db0851cd78fc93bf2d1345b52af33b67fb1f01121f475cad8aac754f20c,2025-02,South Yorkshire Police,South Yorkshire Police,-1.444142,53.369372,On or near St Aidan'S Drive,E01007881,Sheffield 075C,Public order,Unable to prosecute suspect,
db476e541b7587fc2750a62c6dfea7ff7b7157e282cde01eab7ec6d590ca0d40,2025-02,South Yorkshire Police,South Yorkshire Police,-1.443198,53.372595,On or near Warley Road,E01007881,Sheffield 075C,Public order,Action to be taken by another organisation,
f9a038cd06e0e34fb13caacc473f7e0bb0ea6ea679da959bca96250affe53427,2025-02,South Yorkshire Police,South Yorkshire Police,-1.440310,53.368213,On or near City Road,E01007881,Sheffield 075C,Public order,Investigation complete; no suspect identified,
7152d4a216fd439606458534b0d1064cd532e041c182c8f602344b4cee56df26,2025-02,South Yorkshire Police,South Yorkshire Police,-1.440326,53.373831,On or near Swift Way,E01007881,Sheffield 075C,Vehicle crime,Investigation complete; no suspect identified,
f4e5877fb78982d2e6031087269daeccef27d05c0867e4548f8e66725c9cb79f,2025-02,South Yorkshire Police,South Yorkshire Police,-1.443198,53.372595,On or near Warley Road,E01007881,Sheffield 075C,Vehicle crime,Investigation complete; no suspect identified,
f1e609e924459480fc03b122ccca5d2ab792dc0b75457d98a60be9affbbe3d08,2025-02,South Yorkshire Police,South Yorkshire Police,-1.440310,53.368213,On or near City Road,E01007881,Sheffield 075C,Violence and sexual offences,Unable to prosecute suspect,
b1609fef1229c4ef0dd2b2ea6c99a0d0ba20ab000a6456dcf8e694bf28f640e8,2025-02,South Yorkshire Police,South Yorkshire Police,-1.443198,53.372595,On or near Warley Road,E01007881,Sheffield 075C,Violence and sexual offences,Unable to prosecute suspect,
,2025-02,South Yorkshire Police,South Yorkshire Police,-1.449086,53.374105,On or near Tylney Road,E01007882,Sheffield 075D,Anti-social behaviour,,
,2025-02,South Yorkshire Police,South Yorkshire Police,-1.445351,53.372362,On or near Essex Road,E01007882,Sheffield 075D,Anti-social behaviour,,
7e8353917e0061ce38afcdb33d203e95792219ccaec2562e180669f3b6179955,2025-02,South Yorkshire Police,South Yorkshire Police,-1.449086,53.374105,On or near Tylney Road,E01007882,Sheffield 075D,Burglary,Investigation complete; no suspect identified,
81b7566b868b7732bdbad99cf0e867f4cc5255a646ecb8588bf04685cfc35c89,2025-02,South Yorkshire Police,South Yorkshire Police,-1.450497,53.375406,On or near Ingram Court,E01007882,Sheffield 075D,Burglary,Investigation complete; no suspect identified,
1428f677bcb892384990cd410427a6db713ed83b43a4a09af59af7d6124a2bb5,2025-02,South Yorkshire Police,South Yorkshire Police,-1.446129,53.374972,On or near Skye Edge Road,E01007882,Sheffield 075D,Burglary,Investigation complete; no suspect identified,
32e300632f01db92116129915845ac7b453e79c44c80cc55411da8b1e9f4006b,2025-02,South Yorkshire Police,South Yorkshire Police,-1.446405,53.372232,On or near Holdings Road,E01007882,Sheffield 075D,Burglary,Investigation complete; no suspect identified,
efffd1df2c33481f8778b684854cf8780e9c34024971d7e21b94317a3de545ee,2025-02,South Yorkshire Police,South Yorkshire Police,-1.445351,53.372362,On or near Essex Road,E01007882,Sheffield 075D,Burglary,Investigation complete; no suspect identified,
c6e014eb6f189dacc75e7c7eaea692340cb88576f1f6fa13cd80ad61924d1934,2025-02,South Yorkshire Police,South Yorkshire Police,-1.450497,53.375406,On or near Ingram Court,E01007882,Sheffield 075D,Burglary,Investigation complete; no suspect identified,
3bfef295298840e3a5a87879b677f8023d2b67ec2f1670d059dff6ad5f01b933,2025-02,South Yorkshire Police,South Yorkshire Police,-1.449086,53.374105,On or near Tylney Road,E01007882,Sheffield 075D,Other theft,Investigation complete; no suspect identified,
03fde4bd2a9aef0a754f25f53f64117b607b4e1b064fa1bfe65460240b94e1c2,2025-02,South Yorkshire Police,South Yorkshire Police,-1.448973,53.374680,On or near Ingram Road,E01007882,Sheffield 075D,Other theft,Awaiting court outcome,
422ee65f60f1ab6eca2b31d75ba816e5655b268359aab715f8985ba47b3cf0cc,2025-02,South Yorkshire Police,South Yorkshire Police,-1.445351,53.372362,On or near Essex Road,E01007882,Sheffield 075D,Possession of weapons,Investigation complete; no suspect identified,
42c4a8df61977eecab322b55c19b37e4f4d5f1ef1b558b591f3e16b513c1b06b,2025-02,South Yorkshire Police,South Yorkshire Police,-1.449086,53.374105,On or near Tylney Road,E01007882,Sheffield 075D,Public order,Unable to prosecute suspect,
4e32448d2fa01ede3a3ff9702f7cf297878bd53b5ca4d2522b2f1e44fb2fe628,2025-02,South Yorkshire Police,South Yorkshire Police,-1.445351,53.372362,On or near Essex Road,E01007882,Sheffield 075D,Shoplifting,Investigation complete; no suspect identified,
fb7fe2e3ab4e71a3d7797c0b4c2be7d59a6a64fbdcd28b5c260db88cb81387c1,2025-02,South Yorkshire Police,South Yorkshire Police,-1.449086,53.374105,On or near Tylney Road,E01007882,Sheffield 075D,Violence and sexual offences,Unable to prosecute suspect,
6b04975f695be2d004d310e8c586e1345d71ae2d2bfd8d1b3b9202566967928f,2025-02,South Yorkshire Police,South Yorkshire Police,-1.445351,53.372362,On or near Essex Road,E01007882,Sheffield 075D,Violence and sexual offences,Investigation complete; no suspect identified,
07833a0c0ea8089d9fa1cfe57aa31bc948660d5b65343376e3c4d96d6d9f5c68,2025-02,South Yorkshire Police,South Yorkshire Police,-1.447058,53.371651,On or near Donnington Road,E01007882,Sheffield 075D,Violence and sexual offences,Unable to prosecute suspect,
,2025-02,South Yorkshire Police,South Yorkshire Police,-1.447999,53.383781,On or near Derwent Street,E01007885,Sheffield 075E,Anti-social behaviour,,
,2025-02,South Yorkshire Police,South Yorkshire Police,-1.446760,53.381896,On or near White'S Lane,E01007885,Sheffield 075E,Anti-social behaviour,,
,2025-02,South Yorkshire Police,South Yorkshire Police,-1.452419,53.384970,On or near B6071,E01007885,Sheffield 075E,Anti-social behaviour,,
bfbd1637cc3a2c5efce67449c40ae49f3ba01ce3741b7e27820d1bdff5902427,2025-02,South Yorkshire Police,South Yorkshire Police,-1.455673,53.386764,On or near Blast Lane,E01007885,Sheffield 075E,Criminal damage and arson,Awaiting court outcome,
35bbc5a3ea2f6438367b35a9c9531e9218845ead196d74b0c3d42b108cf3fa7d,2025-02,South Yorkshire Police,South Yorkshire Police,-1.447999,53.383781,On or near Derwent Street,E01007885,Sheffield 075E,Criminal damage and arson,Investigation complete; no suspect identified,
e7b378ba711094f4cffffb4b1ec7543bace67e23afaaa743fd01ea0ea6c11836,2025-02,South Yorkshire Police,South Yorkshire Police,-1.444318,53.381301,On or near Maltravers Way,E01007885,Sheffield 075E,Criminal damage and arson,Investigation complete; no suspect identified,
a0e5d03f2c43e2efa5ed9372d22a8cabaa8ee67fa3de21a3fc7bac4824acd678,2025-02,South Yorkshire Police,South Yorkshire Police,-1.446251,53.384087,On or near Aston Street,E01007885,Sheffield 075E,Criminal damage and arson,Investigation complete; no suspect identified,
47a4307c360a66eda3d5ce0da3b805e4a54e1eb4b724f3037d9ce3ca60997efb,2025-02,South Yorkshire Police,South Yorkshire Police,-1.451535,53.383554,On or near St John'S Road,E01007885,Sheffield 075E,Drugs,Status update unavailable,
06383107d46177a17b2f71adcf4944d637e0d6eb140afc8499a971ea796e90ba,2025-02,South Yorkshire Police,South Yorkshire Police,-1.444179,53.382720,On or near Maltravers Place,E01007885,Sheffield 075E,Drugs,Investigation complete; no suspect identified,
25833218691ea1909603aaeae3bb44f1116d25df178bd61b30413389576bf1e3,2025-02,South Yorkshire Police,South Yorkshire Police,-1.451535,53.383554,On or near St John'S Road,E01007885,Sheffield 075E,Other theft,Unable to prosecute suspect,
ca466517bd96889e279b682d99c7aa770ecc1298cdd9232d6a31e552e7f64ea1,2025-02,South Yorkshire Police,South Yorkshire Police,-1.451535,53.383554,On or near St John'S Road,E01007885,Sheffield 075E,Other theft,Investigation complete; no suspect identified,
36cb0af45b3fee48c92873484a86dfbca3b1ccc8050a9cda03eb0e8a029668d0,2025-02,South Yorkshire Police,South Yorkshire Police,-1.451535,53.383554,On or near St John'S Road,E01007885,Sheffield 075E,Public order,Investigation complete; no suspect identified,
2cc63ff5d6edc399ad4b3609f6be17bb104145d3974f7a8358a27812e88f9425,2025-02,South Yorkshire Police,South Yorkshire Police,-1.444869,53.382831,On or near Nunnery Court,E01007885,Sheffield 075E,Public order,Awaiting court outcome,
7872a9d410526025295ed2937eeb8be9a69fc08594e770c852a2f622e69e24e4,2025-02,South Yorkshire Police,South Yorkshire Police,-1.452419,53.384970,On or near B6071,E01007885,Sheffield 075E,Theft from the person,Investigation complete; no suspect identified,
c2911df7212ea7cf12c6c40e5d011c947bf99b07d6816bac303a722d8714bcbe,2025-02,South Yorkshire Police,South Yorkshire Police,-1.451535,53.383554,On or near St John'S Road,E01007885,Sheffield 075E,Vehicle crime,Investigation complete; no suspect identified,
7b9b7b3833911521051be4759a6367c036d1e420d746b0655774708644b2b887,2025-02,South Yorkshire Police,South Yorkshire Police,-1.452419,53.384970,On or near B6071,E01007885,Sheffield 075E,Vehicle crime,Investigation complete; no suspect identified,
c391ef8d76cfaee10d5e99adecc8bef65accebc733d0e3b85e2db90123890f8f,2025-02,South Yorkshire Police,South Yorkshire Police,-1.446251,53.384087,On or near Aston Street,E01007885,Sheffield 075E,Vehicle crime,Investigation complete; no suspect identified,
f865ed54bae01e68d3d2d3720f437307d8347e13bbc60d7623a7f7937e92a9de,2025-02,South Yorkshire Police,South Yorkshire Police,-1.452563,53.383119,On or near Parking Area,E01007885,Sheffield 075E,Violence and sexual offences,Unable to prosecute suspect,
331553e8933d6ed2ca9c8faed8c12b61a3d4d2d5ea0e7296a2477a7e25840386,2025-02,South Yorkshire Police,South Yorkshire Police,-1.446760,53.381896,On or near White'S Lane,E01007885,Sheffield 075E,Violence and sexual offences,Status update unavailable,
24959e89e7982f6ce26867940af898b48bb4d28d631face80b3fba8e51058655,2025-02,South Yorkshire Police,South Yorkshire Police,-1.452563,53.383119,On or near Parking Area,E01007885,Sheffield 075E,Violence and sexual offences,Unable to prosecute suspect,
5957c9b7f0fde1f2b03ffaf3fb7addb4a7e281d89197fef5d56663a66f09416f,2025-02,South Yorkshire Police,South Yorkshire Police,-1.451535,53.383554,On or near St John'S Road,E01007885,Sheffield 075E,Violence and sexual offences,Unable to prosecute suspect,
b379020defe55d5778fa33b85527c73be4c2833d55a6322210469c95f07de006,2025-02,South Yorkshire Police,South Yorkshire Police,-1.451535,53.383554,On or near St John'S Road,E01007885,Sheffield 075E,Violence and sexual offences,Unable to prosecute suspect,
092b2fd2622a1bebfc1fdedd9dd429eb3583aab986d7ab382b379f66d4be3967,2025-02,South Yorkshire Police,South Yorkshire Police,-1.444318,53.381301,On or near Maltravers Way,E01007885,Sheffield 075E,Violence and sexual offences,Unable to prosecute suspect,
efd1842d997e6639eb795f36a635945d45dff97db37a8c2b7c9a192da77ebbaa,2025-02,South Yorkshire Police,South Yorkshire Police,-1.451535,53.383554,On or near St John'S Road,E01007885,Sheffield 075E,Violence and sexual offences,Unable to prosecute suspect,
615db96de2b7d0c575a76b9317cae7670bdf47a34971e960c11cab921976b362,2025-02,South Yorkshire Police,South Yorkshire Police,-1.447999,53.383781,On or near Derwent Street,E01007885,Sheffield 075E,Violence and sexual offences,Local resolution,
b1243c1e5466ec635ba8703c829f390087b68706eef1f9de3d22633f2e484cf5,2025-02,South Yorkshire Police,South Yorkshire Police,-1.444869,53.382831,On or near Nunnery Court,E01007885,Sheffield 075E,Violence and sexual offences,Unable to prosecute suspect,
,2025-02,South Yorkshire Police,South Yorkshire Police,-1.437700,53.382645,On or near Manor Way,E01007886,Sheffield 075F,Anti-social behaviour,,
0a33a5848c23473ab9c464a08937f56728ea0136f5334fb5ab304382e1dc1308,2025-02,South Yorkshire Police,South Yorkshire Police,-1.439657,53.377908,On or near Maltravers Terrace,E01007886,Sheffield 075F,Criminal damage and arson,Investigation complete; no suspect identified,
dc3040755aa13d85d9a83f88d1ee9d10ca7ad80673ee33edbf614db6454525a7,2025-02,South Yorkshire Police,South Yorkshire Police,-1.439568,53.380101,On or near Saunders Place,E01007886,Sheffield 075F,Criminal damage and arson,Investigation complete; no suspect identified,
032b8535e6475cda3c4962a9dd3dded4c6ae90c9fee2ba5771d3fd79aab81407,2025-02,South Yorkshire Police,South Yorkshire Police,-1.434535,53.378711,On or near Manor Lane,E01007886,Sheffield 075F,Criminal damage and arson,Local resolution,
ba714f100df1e51a3c44abfb7208dbebf5ae6c7fbe0a991d5526e3a1f7edfb37,2025-02,South Yorkshire Police,South Yorkshire Police,-1.440010,53.376211,On or near Southend Place,E01007886,Sheffield 075F,Drugs,Investigation complete; no suspect identified,
c631a70313d7ee4af24b83da6ffb0bad8b4efcec6855e98eda72b2345b8d065e,2025-02,South Yorkshire Police,South Yorkshire Police,-1.445258,53.379507,On or near Eaton Place,E01007886,Sheffield 075F,Drugs,Investigation complete; no suspect identified,
e1ace315104637ba4cee44f0527afa93a77f289af85c3337ba732e588c91d60b,2025-02,South Yorkshire Police,South Yorkshire Police,-1.439657,53.377908,On or near Maltravers Terrace,E01007886,Sheffield 075F,Robbery,Investigation complete; no suspect identified,
433bfa760d99edd58ca5f74789f81793c095670a46214416eadfb2dbce60db70,2025-02,South Yorkshire Police,South Yorkshire Police,-1.437700,53.382645,On or near Manor Way,E01007886,Sheffield 075F,Vehicle crime,Investigation complete; no suspect identified,
db4acd1ddc0c14f8d77a0bd1bf599f4054d051e88d26cb7084af76311d237d67,2025-02,South Yorkshire Police,South Yorkshire Police,-1.439657,53.377908,On or near Maltravers Terrace,E01007886,Sheffield 075F,Violence and sexual offences,Unable to prosecute suspect,
82f29cc2454fd473a25714a44d1db9de098826451503b72f1102121426935fda,2025-02,South Yorkshire Police,South Yorkshire Police,-1.437224,53.381151,On or near Nunnery Terrace,E01007886,Sheffield 075F,Other crime,Investigation complete; no suspect identified,
,2025-02,South Yorkshire Police,South Yorkshire Police,-1.458969,53.382959,On or near Broad Street,E01033268,Sheffield 075G,Anti-social behaviour,,
,2025-02,South Yorkshire Police,South Yorkshire Police,-1.459289,53.374358,On or near Castle Croft Drive,E01033268,Sheffield 075G,Anti-social behaviour,,
,2025-02,South Yorkshire Police,South Yorkshire Police,-1.460326,53.375550,On or near Barnes Court,E01033268,Sheffield 075G,Anti-social behaviour,,
,2025-02,South Yorkshire Police,South Yorkshire Police,-1.463179,53.385288,On or near Castlegate,E01033268,Sheffield 075G,Anti-social behaviour,,
,2025-02,South Yorkshire Police,South Yorkshire Police,-1.463989,53.383549,On or near Shopping Area,E01033268,Sheffield 075G,Anti-social behaviour,,
,2025-02,South Yorkshire Police,South Yorkshire Police,-1.457569,53.383115,On or near Bard Street,E01033268,Sheffield 075G,Anti-social behaviour,,
,2025-02,South Yorkshire Police,South Yorkshire Police,-1.458033,53.384492,On or near Wharf Street,E01033268,Sheffield 075G,Anti-social behaviour,,
,2025-02,South Yorkshire Police,South Yorkshire Police,-1.463989,53.383549,On or near Shopping Area,E01033268,Sheffield 075G,Anti-social behaviour,,
,2025-02,South Yorkshire Police,South Yorkshire Police,-1.459464,53.381892,On or near Anson Street,E01033268,Sheffield 075G,Anti-social behaviour,,
,2025-02,South Yorkshire Police,South Yorkshire Police,-1.458033,53.384492,On or near Wharf Street,E01033268,Sheffield 075G,Anti-social behaviour,,
,2025-02,South Yorkshire Police,South Yorkshire Police,-1.463989,53.383549,On or near Shopping Area,E01033268,Sheffield 075G,Anti-social behaviour,,
,2025-02,South Yorkshire Police,South Yorkshire Police,-1.460136,53.384609,On or near Park/Open Space,E01033268,Sheffield 075G,Anti-social behaviour,,
,2025-02,South Yorkshire Police,South Yorkshire Police,-1.454095,53.373831,On or near Granville Road,E01033268,Sheffield 075G,Anti-social behaviour,,
,2025-02,South Yorkshire Police,South Yorkshire Police,-1.463989,53.383549,On or near Shopping Area,E01033268,Sheffield 075G,Anti-social behaviour,,
,2025-02,South Yorkshire Police,South Yorkshire Police,-1.462791,53.376720,On or near Parking Area,E01033268,Sheffield 075G,Anti-social behaviour,,
e5463207a018f08d43946247fb3aa3b746ea1277a37dcedfddc8b2174eda2db5,2025-02,South Yorkshire Police,South Yorkshire Police,-1.454095,53.373831,On or near Granville Road,E01033268,Sheffield 075G,Bicycle theft,Investigation complete; no suspect identified,
8eb5e35b13a8ea8f43d9f9b061e44cc23d046b8b4d4c74d79df19c46f9ef6098,2025-02,South Yorkshire Police,South Yorkshire Police,-1.459464,53.381892,On or near Anson Street,E01033268,Sheffield 075G,Criminal damage and arson,Investigation complete; no suspect identified,
c2223514d254d277d32a9b7acdfece2acae37e7dba3e618b2060435ed6ac8a07,2025-02,South Yorkshire Police,South Yorkshire Police,-1.457569,53.383115,On or near Bard Street,E01033268,Sheffield 075G,Criminal damage and arson,Awaiting court outcome,
8e8acac8f0e8175a9999d82726af919a129d74c00da8bb222946eb1dfc8cdc61,2025-02,South Yorkshire Police,South Yorkshire Police,-1.463989,53.383549,On or near Shopping Area,E01033268,Sheffield 075G,Criminal damage and arson,Awaiting court outcome,
ec934610fe2f6714caef4990e208bb18bfce630aba62c718305fce554a2f887a,2025-02,South Yorkshire Police,South Yorkshire Police,-1.460209,53.386003,On or near Victoria Station Road,E01033268,Sheffield 075G,Criminal damage and arson,Unable to prosecute suspect,
13dec492e13e62f90bd9948c48d2b22a307d7a8beb5ef44751a98a398d36de0f,2025-02,South Yorkshire Police,South Yorkshire Police,-1.463989,53.383549,On or near Shopping Area,E01033268,Sheffield 075G,Criminal damage and arson,Awaiting court outcome,
6475108492481d07a38a96d7b1625d510e32cf8631ece5f1d4617d032dee2a3e,2025-02,South Yorkshire Police,South Yorkshire Police,-1.460136,53.384609,On or near Park/Open Space,E01033268,Sheffield 075G,Criminal damage and arson,Investigation complete; no suspect identified,
09f0f52805f4bb0f414c444b0bfa433ace892380007d146921beee168e60f3d0,2025-02,South Yorkshire Police,South Yorkshire Police,-1.460136,53.384609,On or near Park/Open Space,E01033268,Sheffield 075G,Criminal damage and arson,Investigation complete; no suspect identified,
0ec8b1ac63d3e65023b8e0a56e4f8e9b32a7a2cf5febc9abf49e00746fd2bafe,2025-02,South Yorkshire Police,South Yorkshire Police,-1.456648,53.383425,On or near Stepney Street,E01033268,Sheffield 075G,Criminal damage and arson,Unable to prosecute suspect,
e4a87a0b932460a4a7562a6052509c5be31f46e4f11b48f49952599933fc99dc,2025-02,South Yorkshire Police,South Yorkshire Police,-1.463989,53.383549,On or near Shopping Area,E01033268,Sheffield 075G,Criminal damage and arson,Awaiting court outcome,
55fe24b122282742b947d105c0db6971bbaf38d7417b83315fe92fa198d8b2d9,2025-02,South Yorkshire Police,South Yorkshire Police,-1.460209,53.386003,On or near Victoria Station Road,E01033268,Sheffield 075G,Criminal damage and arson,Unable to prosecute suspect,
76de6be8794b296430dee3ba9bbfbbc0a213a73f70f58123b343f1d1a262f186,2025-02,South Yorkshire Police,South Yorkshire Police,-1.461444,53.375042,On or near Granville Street,E01033268,Sheffield 075G,Criminal damage and arson,Investigation complete; no suspect identified,
848ec0010b6a12c34fb94db6cbde34a67eb2c4eb845b8330a2d55bd7551dd249,2025-02,South Yorkshire Police,South Yorkshire Police,-1.460948,53.385782,On or near Parking Area,E01033268,Sheffield 075G,Criminal damage and arson,Unable to prosecute suspect,
d31c2c820c614369e2e00068390ffa65a8f62920732558f7575ee7d8f63c95c5,2025-02,South Yorkshire Police,South Yorkshire Police,-1.457569,53.383115,On or near Bard Street,E01033268,Sheffield 075G,Drugs,Investigation complete; no suspect identified,
3db997305a86823e83446cd713cbe597d1fdd379d604288a7ee31ebd3b7d6202,2025-02,South Yorkshire Police,South Yorkshire Police,-1.461444,53.375042,On or near Granville Street,E01033268,Sheffield 075G,Drugs,Local resolution,
ada6ade24698577c62f049df8667b583a344590f82ae9fb3467b36caaf7c949e,2025-02,South Yorkshire Police,South Yorkshire Police,-1.455078,53.387499,On or near Sussex Street,E01033268,Sheffield 075G,Drugs,Offender given a caution,
2d16f5ce957d3f00774a997a6fb75238bdbbcbc5952686e78e2c6ff58907cf7a,2025-02,South Yorkshire Police,South Yorkshire Police,-1.455078,53.387499,On or near Sussex Street,E01033268,Sheffield 075G,Drugs,Unable to prosecute suspect,
7197f818199536454c72be06a04ece658ef0f8fe228b8d6aa96f0915460cf593,2025-02,South Yorkshire Police,South Yorkshire Police,-1.463989,53.383549,On or near Shopping Area,E01033268,Sheffield 075G,Other theft,Investigation complete; no suspect identified,
377a883cc4526a0030124593031cab20c4f4e7c33388ec4a376d462f7c75e7e3,2025-02,South Yorkshire Police,South Yorkshire Police,-1.455078,53.387499,On or near Sussex Street,E01033268,Sheffield 075G,Other theft,Investigation complete; no suspect identified,
3db6f02086478581df55bd11db861487bdb22172eda454f2581f5ba4f027553c,2025-02,South Yorkshire Police,South Yorkshire Police,-1.455078,53.387499,On or near Sussex Street,E01033268,Sheffield 075G,Other theft,Unable to prosecute suspect,
062d4e05cac00ae106156fa0e88526c218d33f2fb04145b1bd164da28bdab7e4,2025-02,South Yorkshire Police,South Yorkshire Police,-1.458969,53.382959,On or near Broad Street,E01033268,Sheffield 075G,Other theft,Investigation complete; no suspect identified,
b6e5794297f9f5f88e9c627b7dd8eccee6fd66c08fb88ce9bfe55aa2321bd3d8,2025-02,South Yorkshire Police,South Yorkshire Police,-1.460948,53.385782,On or near Parking Area,E01033268,Sheffield 075G,Public order,Investigation complete; no suspect identified,
fb0733467e2bbc89555e4e8fa6d498c2e71eb2fc4db24538be2a5b68a85e5037,2025-02,South Yorkshire Police,South Yorkshire Police,-1.457569,53.383115,On or near Bard Street,E01033268,Sheffield 075G,Public order,Awaiting court outcome,
fdf362f5f05ffb931da69e1fee09624a575d228de7d8c14122f931a2951694ed,2025-02,South Yorkshire Police,South Yorkshire Police,-1.463989,53.383549,On or near Shopping Area,E01033268,Sheffield 075G,Public order,Awaiting court outcome,
69c37b86a41ab4a1bb9ed5375248586e4dbd0daf20d7b355729479c5590457ed,2025-02,South Yorkshire Police,South Yorkshire Police,-1.461444,53.375042,On or near Granville Street,E01033268,Sheffield 075G,Public order,Investigation complete; no suspect identified,
6def2f30dfa1964bde4089261d02ddd51ca8df6351034be2d99e47eb50af2030,2025-02,South Yorkshire Police,South Yorkshire Police,-1.460390,53.381132,On or near Gilbert Street,E01033268,Sheffield 075G,Public order,Investigation complete; no suspect identified,
1f3407b4831deafd7b8123a152f3746a25e54bb32fcb7d466aa79b9217795d5f,2025-02,South Yorkshire Police,South Yorkshire Police,-1.457569,53.383115,On or near Bard Street,E01033268,Sheffield 075G,Public order,Awaiting court outcome,
121fca3a41bb27eaf882238b1283945dfcd97c81c070b962ebf951c69df548a4,2025-02,South Yorkshire Police,South Yorkshire Police,-1.458969,53.382959,On or near Broad Street,E01033268,Sheffield 075G,Robbery,Unable to prosecute suspect,
fc8d35403db0d48926fefb5c1d85a40081a84b7d7dc1eb13161b403f2327e4c8,2025-02,South Yorkshire Police,South Yorkshire Police,-1.464330,53.384691,On or near Waingate,E01033268,Sheffield 075G,Robbery,Investigation complete; no suspect identified,
3d86a5ba2ae24d5b867e6d066e172b70464a4abdc60c66fe2ea583e6aadcd902,2025-02,South Yorkshire Police,South Yorkshire Police,-1.460136,53.384609,On or near Park/Open Space,E01033268,Sheffield 075G,Vehicle crime,Investigation complete; no suspect identified,
7848e8e09ee68954c3e9072de9ba06bb4d9bd72a4f4251c4322cc4e53e3d9728,2025-02,South Yorkshire Police,South Yorkshire Police,-1.460948,53.385782,On or near Parking Area,E01033268,Sheffield 075G,Vehicle crime,Investigation complete; no suspect identified,
3c16132ade55b79279ea29d2146a1a1aae4322db116b20d17ca925c70159daa3,2025-02,South Yorkshire Police,South Yorkshire Police,-1.458033,53.384492,On or near Wharf Street,E01033268,Sheffield 075G,Vehicle crime,Unable to prosecute suspect,
3334608aec8b19ac46b4fdfb60729c415a7478cf83f30d66fc7db2f3216881b4,2025-02,South Yorkshire Police,South Yorkshire Police,-1.457261,53.374259,On or near Farm Bank Road,E01033268,Sheffield 075G,Violence and sexual offences,Unable to prosecute suspect,
a822071de465ce2974f6771def297597cbd6967033f5735a5737459582b06f76,2025-02,South Yorkshire Police,South Yorkshire Police,-1.457261,53.374259,On or near Farm Bank Road,E01033268,Sheffield 075G,Violence and sexual offences,Unable to prosecute suspect,
1b0424897c48659fdf578da0b1514d2520ab362ee6948a006c20d6c6d1bc4321,2025-02,South Yorkshire Police,South Yorkshire Police,-1.457261,53.374259,On or near Farm Bank Road,E01033268,Sheffield 075G,Violence and sexual offences,Awaiting court outcome,
3476a4443cc04932bc37bd9502a5f31fc6a27ba797cf91b139d9ad5cb4102b75,2025-02,South Yorkshire Police,South Yorkshire Police,-1.456039,53.381678,On or near Blackwell Place,E01033268,Sheffield 075G,Violence and sexual offences,Unable to prosecute suspect,
5f5d3a06b860f649aa2753678702e6854f4b4eb896a2861f62f6759a579ba286,2025-02,South Yorkshire Police,South Yorkshire Police,-1.457315,53.379437,On or near Rhodes Street,E01033268,Sheffield 075G,Violence and sexual offences,Local resolution,
970495ecd2bf706683684826ee8bdbc6932ecae7ed001558db28e6ea78b7fb81,2025-02,South Yorkshire Police,South Yorkshire Police,-1.464053,53.376798,On or near Parking Area,E01033268,Sheffield 075G,Violence and sexual offences,Unable to prosecute suspect,
6c19af498e6bd7287e0e092ed90cfb84a5af286f37d37713d327d7417dad2ce0,2025-02,South Yorkshire Police,South Yorkshire Police,-1.463989,53.383549,On or near Shopping Area,E01033268,Sheffield 075G,Violence and sexual offences,Awaiting court outcome,
c02d34b5808414363d0691b332e27573082f6330f1bfdcaf15327bdff5fd6719,2025-02,South Yorkshire Police,South Yorkshire Police,-1.453591,53.381469,On or near Hyde Park Walk,E01033268,Sheffield 075G,Violence and sexual offences,Unable to prosecute suspect,
90f50639e84342a7c7b6efbab97b71fcdb116772991103db7222c05fc544f572,2025-02,South Yorkshire Police,South Yorkshire Police,-1.458969,53.382959,On or near Broad Street,E01033268,Sheffield 075G,Violence and sexual offences,Investigation complete; no suspect identified,
4e921dcb5b0c40ff6be11bb0e0e98ea805d8983ef26b9222068fbf93230d5c07,2025-02,South Yorkshire Police,South Yorkshire Police,-1.464330,53.384691,On or near Waingate,E01033268,Sheffield 075G,Violence and sexual offences,Investigation complete; no suspect identified,
6aa589ad3ed0a135cd818ebc1a7c9e4a5cecce919f0c3f1b2eb212ead24d4039,2025-02,South Yorkshire Police,South Yorkshire Police,-1.453591,53.381469,On or near Hyde Park Walk,E01033268,Sheffield 075G,Violence and sexual offences,Unable to prosecute suspect,
ca667a18feaff0824d09bd1331656472b64cfe92a5827ddea89c212ac3a43776,2025-02,South Yorkshire Police,South Yorkshire Police,-1.455078,53.387499,On or near Sussex Street,E01033268,Sheffield 075G,Violence and sexual offences,Unable to prosecute suspect,
1508ca2e26f4564046344f41dadf7d44606645ca75007d9e0cfb3fc55c0f0808,2025-02,South Yorkshire Police,South Yorkshire Police,-1.455078,53.387499,On or near Sussex Street,E01033268,Sheffield 075G,Violence and sexual offences,Unable to prosecute suspect,
66c93a1801751191ce98d426741538988cbc17402f5071dccd5b70b552df91a8,2025-02,South Yorkshire Police,South Yorkshire Police,-1.459464,53.381892,On or near Anson Street,E01033268,Sheffield 075G,Violence and sexual offences,Unable to prosecute suspect,
83cb3f4a6face1d24bb1b6ce2d4bd664386d6c4d121b83ab9b092bc25078d6eb,2025-02,South Yorkshire Police,South Yorkshire Police,-1.464053,53.376798,On or near Parking Area,E01033268,Sheffield 075G,Violence and sexual offences,Unable to prosecute suspect,
91d934abff6b9b39269b6ca49b70f3e41f4a75fcc178132ec5b675d8a5693820,2025-02,South Yorkshire Police,South Yorkshire Police,-1.458570,53.381249,On or near Parking Area,E01033268,Sheffield 075G,Violence and sexual offences,Awaiting court outcome,
1c85b838935c63fe484e5fe9cee722c331333784fc5a698b84be673922dc77d2,2025-02,South Yorkshire Police,South Yorkshire Police,-1.461444,53.375042,On or near Granville Street,E01033268,Sheffield 075G,Violence and sexual offences,Unable to prosecute suspect,
efb7836056634832b63fa0d61a16f6bad098bb28dda29f3dd975ea3ea6afec0a,2025-02,South Yorkshire Police,South Yorkshire Police,-1.455396,53.381415,On or near Bernard Street,E01033268,Sheffield 075G,Violence and sexual offences,Investigation complete; no suspect identified,
ee083cf17f3f32a6e8735466d6c1098af173e23c84d9dab2a6c71a6fbf5ebe52,2025-02,South Yorkshire Police,South Yorkshire Police,-1.460390,53.381132,On or near Gilbert Street,E01033268,Sheffield 075G,Violence and sexual offences,Unable to prosecute suspect,
40a895881a501c862efc210bb05c80c3bcea07af676da89bd4d4efd7957be1f0,2025-02,South Yorkshire Police,South Yorkshire Police,-1.455078,53.387499,On or near Sussex Street,E01033268,Sheffield 075G,Violence and sexual offences,Investigation complete; no suspect identified,
a8b68d48b1f6ddc58caaa1605ba57b55ff665b840aee4e689605f8a4c89c4faa,2025-02,South Yorkshire Police,South Yorkshire Police,-1.457261,53.374259,On or near Farm Bank Road,E01033268,Sheffield 075G,Violence and sexual offences,Investigation complete; no suspect identified,
b65baecf2307169c1ee3b48e5e249fe9c46e7bb4589bbedf4a5c5d514a92778c,2025-02,South Yorkshire Police,South Yorkshire Police,-1.459289,53.374358,On or near Castle Croft Drive,E01033268,Sheffield 075G,Violence and sexual offences,Unable to prosecute suspect,
f84705ef41d56f76c238a3ea4369c9d15f7e0276e49c85dbd2005c44a6b17059,2025-02,South Yorkshire Police,South Yorkshire Police,-1.458570,53.381249,On or near Parking Area,E01033268,Sheffield 075G,Violence and sexual offences,Status update unavailable,
6e4dc152b41c92e49872eb3d2e463b91a05e87936d35d52a4a32442e8ebd33b6,2025-02,South Yorkshire Police,South Yorkshire Police,-1.463989,53.383549,On or near Shopping Area,E01033268,Sheffield 075G,Other crime,Investigation complete; no suspect identified,
df42422b0f50c4674a52f2189d9d0dba2f19ec2a0256762640284219aa874581,2025-02,South Yorkshire Police,South Yorkshire Police,-1.463989,53.383549,On or near Shopping Area,E01033268,Sheffield 075G,Other crime,Investigation complete; no suspect identified,
1853af007805854133b97e9c9de60b074940c8e4330c5ff0f23ae48ec3936fcb,2025-02,South Yorkshire Police,South Yorkshire Police,-1.395735,53.347986,On or near East Glade Way,E01007838,Sheffield 076A,Criminal damage and arson,Unable to prosecute suspect,
91aa37a67cbb124a3033be35ac2d505a86c064c84e24ad25b0cc0161999e637b,2025-02,South Yorkshire Police,South Yorkshire Police,-1.398545,53.346850,On or near Petrol Station,E01007838,Sheffield 076A,Other theft,Investigation complete; no suspect identified,
cf6649d6bba1a5b6b35341dc17245af53a3be51a5a19d4a561a8e2aef0abd9a7,2025-02,South Yorkshire Police,South Yorkshire Police,-1.398545,53.346850,On or near Petrol Station,E01007838,Sheffield 076A,Other theft,Investigation complete; no suspect identified,
ef9f6ca2fe1e8bc84bccfa4c49860f15f9b709504dd6909fc8663e98ff1b72f8,2025-02,South Yorkshire Police,South Yorkshire Police,-1.397974,53.346874,On or near Birley Moor Road,E01007838,Sheffield 076A,Possession of weapons,Awaiting court outcome,
a2b2aee977b3fff4977970154344470a36cac518cad3c1ff5ad1e52dea9ddaa6,2025-02,South Yorkshire Police,South Yorkshire Police,-1.397990,53.351045,On or near Alport Avenue,E01007838,Sheffield 076A,Public order,Unable to prosecute suspect,
7392a52b41a65c9550e916a96cc9909ed882c3473e0f276fd0c973c20aba426f,2025-02,South Yorkshire Police,South Yorkshire Police,-1.398560,53.348989,On or near Silkstone Crescent,E01007838,Sheffield 076A,Shoplifting,Awaiting court outcome,
ed34679b9a211f0e5ccfbb169211fcc306c7cd7c10dda61d912ed69c048b8f31,2025-02,South Yorkshire Police,South Yorkshire Police,-1.398560,53.348989,On or near Silkstone Crescent,E01007838,Sheffield 076A,Shoplifting,Awaiting court outcome,
82d50f79429a5ff0f7d565ceef92042fe4f2b0aef7acb017410dcacbaec8ee1a,2025-02,South Yorkshire Police,South Yorkshire Police,-1.398560,53.348989,On or near Silkstone Crescent,E01007838,Sheffield 076A,Shoplifting,Awaiting court outcome,
67348de023281ad6f8df7737a43767a6f57afed18173f43abe9c50d469099dfc,2025-02,South Yorkshire Police,South Yorkshire Police,-1.398560,53.348989,On or near Silkstone Crescent,E01007838,Sheffield 076A,Shoplifting,Investigation complete; no suspect identified,
104820d5b3e0f05fca4dc928a56f9208809ec4150a4b52f51ae57c5365040535,2025-02,South Yorkshire Police,South Yorkshire Police,-1.398560,53.348989,On or near Silkstone Crescent,E01007838,Sheffield 076A,Shoplifting,Awaiting court outcome,
7f4381ea5b4bdf93246fef5c7ed527b2ec35d0a50d1eed236d1139be1ec44485,2025-02,South Yorkshire Police,South Yorkshire Police,-1.398560,53.348989,On or near Silkstone Crescent,E01007838,Sheffield 076A,Shoplifting,Investigation complete; no suspect identified,
636b546a373466648e999d964a7207270529ae2dfc74148763d5f8327a43c160,2025-02,South Yorkshire Police,South Yorkshire Police,-1.398560,53.348989,On or near Silkstone Crescent,E01007838,Sheffield 076A,Shoplifting,Awaiting court outcome,
1e8378eae27a527bb8ec8fe7df492a454dd3d1d298659a7acd8a2ecf9f782131,2025-02,South Yorkshire Police,South Yorkshire Police,-1.398560,53.348989,On or near Silkstone Crescent,E01007838,Sheffield 076A,Shoplifting,Investigation complete; no suspect identified,
6bc2dd5377e5ce9c4266b2a339fbcec53abea631aeec866e9a34bd12153b4327,2025-02,South Yorkshire Police,South Yorkshire Police,-1.398560,53.348989,On or near Silkstone Crescent,E01007838,Sheffield 076A,Shoplifting,Investigation complete; no suspect identified,
56196bcc13d763b112bb590c716427d9fc3664790ab7d0726cc7fa1589246ff7,2025-02,South Yorkshire Police,South Yorkshire Police,-1.398560,53.348989,On or near Silkstone Crescent,E01007838,Sheffield 076A,Shoplifting,Investigation complete; no suspect identified,
0999e1b7a097a5faf5a82c647d3b2750d6e5cb7711548bbba52954f3fa82d49a,2025-02,South Yorkshire Police,South Yorkshire Police,-1.398560,53.348989,On or near Silkstone Crescent,E01007838,Sheffield 076A,Shoplifting,Awaiting court outcome,
7f5b74d60691d3765c4802ddf520344a48d263cbaf1e0866bfca13f78428d26f,2025-02,South Yorkshire Police,South Yorkshire Police,-1.398560,53.348989,On or near Silkstone Crescent,E01007838,Sheffield 076A,Shoplifting,Investigation complete; no suspect identified,
a0a0a4fdf5fee31b6c9ee4cf180e0487ceeee66eb8379a2438e0cbb5e74daef2,2025-02,South Yorkshire Police,South Yorkshire Police,-1.398560,53.348989,On or near Silkstone Crescent,E01007838,Sheffield 076A,Shoplifting,Investigation complete; no suspect identified,
b6cafeceee6e478d3d1aa609a960a5489357aeb0efbc7fb1be5c3c903bf6de8c,2025-02,South Yorkshire Police,South Yorkshire Police,-1.398560,53.348989,On or near Silkstone Crescent,E01007838,Sheffield 076A,Shoplifting,Investigation complete; no suspect identified,
8ddc9a825d71bd847b4a686c8616774bb3243147936d8d6b00a04bc2e42fce78,2025-02,South Yorkshire Police,South Yorkshire Police,-1.398560,53.348989,On or near Silkstone Crescent,E01007838,Sheffield 076A,Shoplifting,Investigation complete; no suspect identified,
3cb31007ecf9760fa7e83a4069d7fd614e5884381532b53cc0759610bec59250,2025-02,South Yorkshire Police,South Yorkshire Police,-1.398560,53.348989,On or near Silkstone Crescent,E01007838,Sheffield 076A,Shoplifting,Investigation complete; no suspect identified,
0c39f460c5bbcc2b6a7e29579e1b12f9eb32ba18c82aec68c855e50256b5b4f8,2025-02,South Yorkshire Police,South Yorkshire Police,-1.398560,53.348989,On or near Silkstone Crescent,E01007838,Sheffield 076A,Shoplifting,Investigation complete; no suspect identified,
d7c7745cdc919e397cbbf877b729eefec39209f8ac35ab8fe91b7f8bad74e06f,2025-02,South Yorkshire Police,South Yorkshire Police,-1.398560,53.348989,On or near Silkstone Crescent,E01007838,Sheffield 076A,Shoplifting,Awaiting court outcome,
1d370d190217bebd0a0d3fee67149f2f7d5eca86ba17736b116d698333dbe5f0,2025-02,South Yorkshire Police,South Yorkshire Police,-1.398560,53.348989,On or near Silkstone Crescent,E01007838,Sheffield 076A,Shoplifting,Awaiting court outcome,
91d00568e1a3f94ac695a0b32cd3b870dd68c5168f2a9f8e2691a852006f1a01,2025-02,South Yorkshire Police,South Yorkshire Police,-1.398560,53.348989,On or near Silkstone Crescent,E01007838,Sheffield 076A,Shoplifting,Investigation complete; no suspect identified,
f0b9af7308751b9e358171316a5c6cc6015b05dfe32b847e30c341bc40c81bce,2025-02,South Yorkshire Police,South Yorkshire Police,-1.398560,53.348989,On or near Silkstone Crescent,E01007838,Sheffield 076A,Shoplifting,Awaiting court outcome,
5a7fb83179394239785a7ba5adde90715e1c8c0fbe0a6b13f5e83e7e6dc1affd,2025-02,South Yorkshire Police,South Yorkshire Police,-1.398560,53.348989,On or near Silkstone Crescent,E01007838,Sheffield 076A,Shoplifting,Investigation complete; no suspect identified,
ce287ce64d7817ce14a593a1bca3592c107187a815f6fcef8f754013d5d434de,2025-02,South Yorkshire Police,South Yorkshire Police,-1.398560,53.348989,On or near Silkstone Crescent,E01007838,Sheffield 076A,Shoplifting,Awaiting court outcome,
c2fb0a6aa02343a2d73d93b03b45cb67605331e0b2c3bc7e590a2b66fdf2c035,2025-02,South Yorkshire Police,South Yorkshire Police,-1.398560,53.348989,On or near Silkstone Crescent,E01007838,Sheffield 076A,Shoplifting,Awaiting court outcome,
d0720a18d78895cb2ee2b01d308a5f4b35e8b06ab9ed44009697e6179952fcc5,2025-02,South Yorkshire Police,South Yorkshire Police,-1.398560,53.348989,On or near Silkstone Crescent,E01007838,Sheffield 076A,Shoplifting,Awaiting court outcome,
e34b253c2628d45178a0d22b4b0e8ac237a6232d70fd441c8a1705906a12a10b,2025-02,South Yorkshire Police,South Yorkshire Police,-1.397990,53.351045,On or near Alport Avenue,E01007838,Sheffield 076A,Theft from the person,Investigation complete; no suspect identified,
fa50247015bb8111c2ba6e41aac66a2a66554a445a02872c0651b81a40ef5a99,2025-02,South Yorkshire Police,South Yorkshire Police,-1.396454,53.352376,On or near Alport Drive,E01007838,Sheffield 076A,Vehicle crime,Investigation complete; no suspect identified,
d4a98247a0cd7608d91a935ce44c387ed5f19190c166ecc389fb6226cf5807f7,2025-02,South Yorkshire Police,South Yorkshire Police,-1.398545,53.346850,On or near Petrol Station,E01007838,Sheffield 076A,Violence and sexual offences,Unable to prosecute suspect,
c6f5f70a0c3d88d75d7419346fa9c7d147b0b66d8e4eba44864fb6a6e9aab2cb,2025-02,South Yorkshire Police,South Yorkshire Police,-1.397443,53.352579,On or near Portway Close,E01007838,Sheffield 076A,Violence and sexual offences,Unable to prosecute suspect,
c370ed506b76713635273f760a47fc9e227cee2d9dcfcf32df3fda3fbb8dc95b,2025-02,South Yorkshire Police,South Yorkshire Police,-1.401136,53.350584,On or near Silkstone Drive,E01007838,Sheffield 076A,Violence and sexual offences,Unable to prosecute suspect,
1a0706967b9515e5efd6ab91246d44e0bd0a6940aac616d56153a9522c26b175,2025-02,South Yorkshire Police,South Yorkshire Police,-1.397974,53.346874,On or near Birley Moor Road,E01007838,Sheffield 076A,Violence and sexual offences,Unable to prosecute suspect,
,2025-02,South Yorkshire Police,South Yorkshire Police,-1.405601,53.349276,On or near Brushfield Grove,E01007839,Sheffield 076B,Anti-social behaviour,,
8fb4af66cd6b5c2cf08cc19e489cde788d8f318a336b30b445ff64402fef3d6b,2025-02,South Yorkshire Police,South Yorkshire Police,-1.408049,53.352569,On or near Wingfield Crescent,E01007839,Sheffield 076B,Criminal damage and arson,Investigation complete; no suspect identified,
0362aee1cc3fac4c08bf0dd7ee8290587b57a8ef9f87a3f6dac6899e255646fb,2025-02,South Yorkshire Police,South Yorkshire Police,-1.400805,53.348533,On or near Supermarket,E01007839,Sheffield 076B,Other theft,Investigation complete; no suspect identified,
6e2feef5d74a5d01d82e798387c39d33d21226b5bef951845bfba47d596300e0,2025-02,South Yorkshire Police,South Yorkshire Police,-1.400805,53.348533,On or near Supermarket,E01007839,Sheffield 076B,Public order,Investigation complete; no suspect identified,
15df7f70d44973ac8d55cc6a8c3e9d89f9a5c4ace0007603eadad6c2f17028e2,2025-02,South Yorkshire Police,South Yorkshire Police,-1.400805,53.348533,On or near Supermarket,E01007839,Sheffield 076B,Public order,Investigation complete; no suspect identified,
4ae1e1cd2f97af3a6005ca901ecae7e89ceebd6f3a0ace0da27d2a3b8d363875,2025-02,South Yorkshire Police,South Yorkshire Police,-1.400805,53.348533,On or near Supermarket,E01007839,Sheffield 076B,Public order,Investigation complete; no suspect identified,
50b5ebf2496f4332e406426b5806f90075edf62df00e8281a6605b66a709d22a,2025-02,South Yorkshire Police,South Yorkshire Police,-1.408049,53.352569,On or near Wingfield Crescent,E01007839,Sheffield 076B,Robbery,Unable to prosecute suspect,
ad0eea2ff863f24c43bac4918ef4728f148df7be61422ea9867aef14b26eef5a,2025-02,South Yorkshire Police,South Yorkshire Police,-1.408049,53.352569,On or near Wingfield Crescent,E01007839,Sheffield 076B,Vehicle crime,Investigation complete; no suspect identified,
40ec69e042414fad7838317449e035c006fa7404b5224fc926be993600df506b,2025-02,South Yorkshire Police,South Yorkshire Police,-1.408049,53.352569,On or near Wingfield Crescent,E01007839,Sheffield 076B,Vehicle crime,Investigation complete; no suspect identified,
46ff6a6a3bc9149806da3dfde8a2ddf6fb7fecf0f865e63b50d65398a2a250b8,2025-02,South Yorkshire Police,South Yorkshire Police,-1.400805,53.348533,On or near Supermarket,E01007839,Sheffield 076B,Violence and sexual offences,Unable to prosecute suspect,
791586ff3f619c5dc244d76981458639f931ba25024931797564fd7fb3e644c6,2025-02,South Yorkshire Police,South Yorkshire Police,-1.400805,53.348533,On or near Supermarket,E01007839,Sheffield 076B,Violence and sexual offences,Unable to prosecute suspect,
3bca1ee3c13fea87c76e7a15e12aa2bb90de8c0e88d4bdaace3a48c5c785dc24,2025-02,South Yorkshire Police,South Yorkshire Police,-1.409367,53.346401,On or near Kildonan Grove,E01007841,Sheffield 076C,Burglary,Investigation complete; no suspect identified,
ece580ad4f8241420848eb3c904267826043477dadf1b26119d3461bdd14e8ae,2025-02,South Yorkshire Police,South Yorkshire Police,-1.408537,53.347727,On or near Fox Lane Court,E01007841,Sheffield 076C,Other theft,Investigation complete; no suspect identified,
1eaa642eec74aabb6493d3adbbeb215933aab866ac717c7e64ecee6d883b770c,2025-02,South Yorkshire Police,South Yorkshire Police,-1.408537,53.347727,On or near Fox Lane Court,E01007841,Sheffield 076C,Other theft,Investigation complete; no suspect identified,
fce474ae283c154b010d30d7da42432a0e59a87522a3f9dd06ca597d664bc88a,2025-02,South Yorkshire Police,South Yorkshire Police,-1.407093,53.345715,On or near Hayfield Drive,E01007841,Sheffield 076C,Vehicle crime,Investigation complete; no suspect identified,
,2025-02,South Yorkshire Police,South Yorkshire Police,-1.401452,53.346316,On or near Brackenfield Grove,E01007842,Sheffield 076D,Anti-social behaviour,,
f55c61b60a2918229a745523e191d36d0cc043b73c26512473fe27049ffba9e5,2025-02,South Yorkshire Police,South Yorkshire Police,-1.402130,53.345070,On or near Thornbridge Close,E01007842,Sheffield 076D,Burglary,Investigation complete; no suspect identified,
8716f3deddf1579b17260d95b0e3a99fc702eb9d634838ff36f0ffe8de8763cf,2025-02,South Yorkshire Police,South Yorkshire Police,-1.402004,53.340144,On or near Birley Lane,E01007842,Sheffield 076D,Public order,Unable to prosecute suspect,
21ab5424310863e261f6f3d365bcc68e533da236870390667726279e14190047,2025-02,South Yorkshire Police,South Yorkshire Police,-1.402004,53.340144,On or near Birley Lane,E01007842,Sheffield 076D,Public order,Unable to prosecute suspect,
41b2256d2beed174787ad87aa144797cd933b20d27c7d192555b75914ff68a85,2025-02,South Yorkshire Police,South Yorkshire Police,-1.399665,53.341939,On or near Birley Moor Way,E01007842,Sheffield 076D,Vehicle crime,Investigation complete; no suspect identified,
87d305225a736cbb3c1de2f4b43bcd4673d387881fbe30733f0b53d6cba444c2,2025-02,South Yorkshire Police,South Yorkshire Police,-1.395660,53.344804,On or near Birley Moor Close,E01007842,Sheffield 076D,Vehicle crime,Awaiting court outcome,
a972a21d3cc2370e424e408ccd7b724933e8c1cbfabefe6f328970d6ef34a178,2025-02,South Yorkshire Police,South Yorkshire Police,-1.402004,53.340144,On or near Birley Lane,E01007842,Sheffield 076D,Violence and sexual offences,Unable to prosecute suspect,
59b2f5a88ea3b2c5132198ce0a8db53f98f256625addc305580f662f524845c4,2025-02,South Yorkshire Police,South Yorkshire Police,-1.402625,53.344021,On or near Thornbridge Avenue,E01007842,Sheffield 076D,Violence and sexual offences,Unable to prosecute suspect,
c7fd045590ab4c8c3b0a492e7d241e5afe93f6db006d3c9804499cf48a73929e,2025-02,South Yorkshire Police,South Yorkshire Police,-1.402004,53.340144,On or near Birley Lane,E01007842,Sheffield 076D,Violence and sexual offences,Unable to prosecute suspect,
09bfca452b4aa4a7bf739b260110cce325d02019d74c53641240cd2151afea14,2025-02,South Yorkshire Police,South Yorkshire Police,-1.402441,53.343238,On or near Thornbridge Grove,E01007842,Sheffield 076D,Violence and sexual offences,Unable to prosecute suspect,
f175a07803d44cbc7d810d86379f4c965e503ea2cdbcc26896076b2b8700eee9,2025-02,South Yorkshire Police,South Yorkshire Police,-1.402004,53.340144,On or near Birley Lane,E01007842,Sheffield 076D,Violence and sexual offences,Unable to prosecute suspect,
092437e41204567fabccd8dce3ce9681b4f35866c499427e5c58a5db5396ef3f,2025-02,South Yorkshire Police,South Yorkshire Police,-1.402004,53.340144,On or near Birley Lane,E01007842,Sheffield 076D,Violence and sexual offences,Unable to prosecute suspect,
51f273c7abaa6bae712d01ca512a0c20845f1d829ca3eac365e408ccb602945b,2025-02,South Yorkshire Police,South Yorkshire Police,-1.401393,53.343026,On or near Thornbridge Road,E01007842,Sheffield 076D,Violence and sexual offences,Unable to prosecute suspect,
2a6fb918e4b6b047f585fc63ad7c156bb572b44510a53ab2dc64fd0b3153f5e0,2025-02,South Yorkshire Police,South Yorkshire Police,-1.395660,53.344804,On or near Birley Moor Close,E01007842,Sheffield 076D,Other crime,Unable to prosecute suspect,
,2025-02,South Yorkshire Police,South Yorkshire Police,-1.384973,53.346367,On or near Spring Water Drive,E01033279,Sheffield 076F,Anti-social behaviour,,
fb4f321d77e20513443b7cf4fb3d3650c2f893075e90fd90e93caaab5d8ea68c,2025-02,South Yorkshire Police,South Yorkshire Police,-1.396559,53.351361,On or near Alport Grove,E01033279,Sheffield 076F,Criminal damage and arson,Investigation complete; no suspect identified,
bdb6194248afb7dc13c6fcb6f2f2c465afdbcf784cccf3aad0b0cf026f3d8b20,2025-02,South Yorkshire Police,South Yorkshire Police,-1.386646,53.352210,On or near Scowerdons Close,E01033279,Sheffield 076F,Drugs,Offender given a caution,
846edc7e8854f92587ba2b337a8b146e465e167913e8e270497de0ebff0de9b5,2025-02,South Yorkshire Police,South Yorkshire Police,-1.381742,53.347465,On or near Dyke Vale Place,E01033279,Sheffield 076F,Public order,Unable to prosecute suspect,
8e238ba93229afde7ce8f4eab4636bd3dec50c9c584576f94e1a6553b1880f76,2025-02,South Yorkshire Police,South Yorkshire Police,-1.381223,53.349072,On or near Carr Forge Mount,E01033279,Sheffield 076F,Violence and sexual offences,Status update unavailable,
340da99d01e1ebee89b10f928ba2e5aacadc26a3ce3a885fed5c83dbb3dc38c7,2025-02,South Yorkshire Police,South Yorkshire Police,-1.386646,53.352210,On or near Scowerdons Close,E01033279,Sheffield 076F,Violence and sexual offences,Unable to prosecute suspect,
db18f34d078f6d52dde3d71a86d58bd1f0a3b98443c2a8ac0d9f14c846041907,2025-02,South Yorkshire Police,South Yorkshire Police,-1.391673,53.350510,On or near Newhill Lane,E01033279,Sheffield 076F,Violence and sexual offences,Unable to prosecute suspect,
c280a59805258adcfc82520b6a9e7b45c3169808e8883a817de3bd97f9c50caa,2025-02,South Yorkshire Police,South Yorkshire Police,-1.386646,53.352210,On or near Scowerdons Close,E01033279,Sheffield 076F,Violence and sexual offences,Unable to prosecute suspect,
b16ac2686433843d111ec71595873a43512da08cabda5f85419f11734cc625a8,2025-02,South Yorkshire Police,South Yorkshire Police,-1.381223,53.349072,On or near Carr Forge Mount,E01033279,Sheffield 076F,Violence and sexual offences,Unable to prosecute suspect,
df35673f4eb617f65df5ad75ecb64d7a5463a2499ff34e5d6b559aed00d26712,2025-02,South Yorkshire Police,South Yorkshire Police,-1.386272,53.351111,On or near Dyke Vale Road,E01033279,Sheffield 076F,Violence and sexual offences,Unable to prosecute suspect,
7d77bdebbd1ab18149b163bac80202468d68d0ae6a2d22e2675f8b88a02c4b72,2025-02,South Yorkshire Police,South Yorkshire Police,-1.386272,53.351111,On or near Dyke Vale Road,E01033279,Sheffield 076F,Violence and sexual offences,Unable to prosecute suspect,
b026a4ebea1ebe1f9dd64a7c14b6f0d6b4b165aec1657a899f937edd62f4913a,2025-02,South Yorkshire Police,South Yorkshire Police,-1.396559,53.351361,On or near Alport Grove,E01033279,Sheffield 076F,Violence and sexual offences,Unable to prosecute suspect,
67efceb5f97beddf920a42c41f7eff2178109168cbc0e1156e1574c716fa08ea,2025-02,South Yorkshire Police,South Yorkshire Police,-1.381170,53.345494,On or near Cotleigh Gardens,E01033279,Sheffield 076F,Other crime,Status update unavailable,
1904dc2cd3e639cb6c9fd41018130eb4e31b35fc1bc748b8bf6f7094c5af0185,2025-02,South Yorkshire Police,South Yorkshire Police,-1.384373,53.348396,On or near Dyke Vale Way,E01034845,Sheffield 076G,Burglary,Unable to prosecute suspect,
0f3934da046706b337776d0b4178c398c8037ff3d1ec49fca8ee956b7808ea38,2025-02,South Yorkshire Police,South Yorkshire Police,-1.384373,53.348396,On or near Dyke Vale Way,E01034845,Sheffield 076G,Criminal damage and arson,Awaiting court outcome,
c90b4f10c333fe7edc63cf54ab83e5c0c23063178d0d3a363ea12f4763a75258,2025-02,South Yorkshire Police,South Yorkshire Police,-1.384373,53.348396,On or near Dyke Vale Way,E01034845,Sheffield 076G,Criminal damage and arson,Awaiting court outcome,
8dacd905f904245851739eb8f21f3ada219b126063d2bdaaf38fb639352f5cab,2025-02,South Yorkshire Police,South Yorkshire Police,-1.393021,53.345546,On or near Jermyn Way,E01034845,Sheffield 076G,Criminal damage and arson,Investigation complete; no suspect identified,
dfe871bb1247f34a03df51cbada6b322bb52b23824dc830ebea08353d41ae3cb,2025-02,South Yorkshire Police,South Yorkshire Police,-1.384373,53.348396,On or near Dyke Vale Way,E01034845,Sheffield 076G,Vehicle crime,Investigation complete; no suspect identified,
537aee71cc870a5df80dba026c28ba0e44e36fd9612cc73e832c0bdfe5d5a81e,2025-02,South Yorkshire Police,South Yorkshire Police,-1.387980,53.345124,On or near Spa View Avenue,E01034845,Sheffield 076G,Vehicle crime,Unable to prosecute suspect,
0e882b1fe45f4db974c1b9dbaa622ed151fbbb2fa64a7f8b97e5e3f1174fc295,2025-02,South Yorkshire Police,South Yorkshire Police,-1.390943,53.346928,On or near Jermyn Crescent,E01034845,Sheffield 076G,Violence and sexual offences,Unable to prosecute suspect,
b833b801cc4f5794048be080c1d52a58816caee588400551034748999b4a58a3,2025-02,South Yorkshire Police,South Yorkshire Police,-1.384373,53.348396,On or near Dyke Vale Way,E01034845,Sheffield 076G,Violence and sexual offences,Awaiting court outcome,
5d54193d5256e5c9164c6c66fde1e4974dacd794d8884435643e0a3bf9b69661,2025-02,South Yorkshire Police,South Yorkshire Police,-1.390788,53.346244,On or near Jermyn Close,E01034845,Sheffield 076G,Violence and sexual offences,Status update unavailable,
0593f345301c16e9296794db6538db80683e2fecbc41029080a12e47e4bbcc7a,2025-02,South Yorkshire Police,South Yorkshire Police,-1.384373,53.348396,On or near Dyke Vale Way,E01034845,Sheffield 076G,Violence and sexual offences,Awaiting court outcome,
a7c40b90399ecdb7e38e33f09a6b98e662d4701820a150a30a3854360b74564d,2025-02,South Yorkshire Police,South Yorkshire Police,-1.395953,53.346351,On or near East Glade Square,E01034845,Sheffield 076G,Violence and sexual offences,Unable to prosecute suspect,
083e188c6f4c88fd11e6f2e4fe39669d413677e9b8db01e8ed20e74e5ab5b8fc,2025-02,South Yorkshire Police,South Yorkshire Police,-1.390943,53.346928,On or near Jermyn Crescent,E01034845,Sheffield 076G,Violence and sexual offences,Unable to prosecute suspect,
cbf898cbce51ca93624e9c03ba60a1f9934cd1f04ff2158c5a8c4fb585cdd7c2,2025-02,South Yorkshire Police,South Yorkshire Police,-1.393021,53.345546,On or near Jermyn Way,E01034845,Sheffield 076G,Violence and sexual offences,Investigation complete; no suspect identified,
edfee925e9385014c267a1a2181093eb9ef679969fe877412965be58406eddd9,2025-02,South Yorkshire Police,South Yorkshire Police,-1.390943,53.346928,On or near Jermyn Crescent,E01034845,Sheffield 076G,Violence and sexual offences,Unable to prosecute suspect,
6b70e40a35cfba48141d937dbaf00e468f27a7f888e3ae2212f978ccad96d50f,2025-02,South Yorkshire Police,South Yorkshire Police,-1.390943,53.346928,On or near Jermyn Crescent,E01034845,Sheffield 076G,Violence and sexual offences,Unable to prosecute suspect,
b86a8a79bc6af4c8afbf485864abc0be4b277212536b9a1c38e565ddbd346a8e,2025-02,South Yorkshire Police,South Yorkshire Police,-1.384373,53.348396,On or near Dyke Vale Way,E01034845,Sheffield 076G,Other crime,Awaiting court outcome,
79c0ff5c511b96307755930ca972e092bb9888b4c672afbf1312471d3049bbf5,2025-02,South Yorkshire Police,South Yorkshire Police,-1.384373,53.348396,On or near Dyke Vale Way,E01034845,Sheffield 076G,Other crime,Unable to prosecute suspect,
1f63d77fb290f463820a0138ddc9afb7755f46a481486b961e9249f6a73617b7,2025-02,South Yorkshire Police,South Yorkshire Police,-1.388606,53.344363,On or near Occupation Lane,E01034846,Sheffield 076H,Burglary,Investigation complete; no suspect identified,
5b274e1c8c57294d377511e529a36a477dcb85d479ae33b0c83c59a03011e5fd,2025-02,South Yorkshire Police,South Yorkshire Police,-1.390309,53.343995,On or near Fern View Close,E01034846,Sheffield 076H,Criminal damage and arson,Unable to prosecute suspect,
e8fb51848ecc866ff7fac81616813584ca11ce9cc6d4bf7d906e4e292ee7cb94,2025-02,South Yorkshire Police,South Yorkshire Police,-1.388468,53.342484,On or near Parkside Close,E01034846,Sheffield 076H,Drugs,Investigation complete; no suspect identified,
0157a1699e84e3e2378b15e50f316c5c824ceb43bfdbdb97c3b664df761afc8c,2025-02,South Yorkshire Police,South Yorkshire Police,-1.386651,53.342439,On or near Grassdale View,E01034846,Sheffield 076H,Vehicle crime,Investigation complete; no suspect identified,
309bd30f6048d7fb3d44ef3fa376b6b474074fc85355edc30501333a31cb8758,2025-02,South Yorkshire Police,South Yorkshire Police,-1.386005,53.343496,On or near Halcyon Close,E01034846,Sheffield 076H,Vehicle crime,Investigation complete; no suspect identified,
b93048c6e3bbf8276ecb00d2e34e939577a7642e881117f36607d564e0506912,2025-02,South Yorkshire Police,South Yorkshire Police,-1.390972,53.343854,On or near Weakland Way,E01034846,Sheffield 076H,Violence and sexual offences,Unable to prosecute suspect,
fccd8ddf99b0c2d49cae0cba1b0730e97fef2a865b0ecbeecbb22555d8c599f7,2025-02,South Yorkshire Police,South Yorkshire Police,-1.719031,52.471349,On or near The Crescent,E01010110,Solihull 009B,Vehicle crime,Status update unavailable,
b4561543d6c25bdbddc18f381c7092a26f606f3185264914af12b4f8074ad027,2025-02,South Yorkshire Police,South Yorkshire Police,-1.419189,54.877141,On or near Aldenham Road,E01008777,Sunderland 026C,Other crime,Unable to prosecute suspect,
,2025-02,South Yorkshire Police,South Yorkshire Police,-1.499121,53.678756,On or near Ings Road,E01034264,Wakefield 017E,Anti-social behaviour,,
,2025-02,South Yorkshire Police,South Yorkshire Police,-1.410004,53.612169,On or near High Well Hill Lane,E01011784,Wakefield 040C,Anti-social behaviour,,
dc88b946b873b9e66524b3dd996910b93bae05b0f01df942ba5717c0a2b8beb0,2025-02,South Yorkshire Police,South Yorkshire Police,-1.356700,53.605656,On or near Greenfield Road,E01011865,Wakefield 042D,Vehicle crime,Offender given a caution,
5f597e3a8ab086bf48fa4f5ca90c34fedc535f2b0b8ff993a1ebdcb315ef3828,2025-02,South Yorkshire Police,South Yorkshire Police,,,No Location,,,Bicycle theft,Investigation complete; no suspect identified,
44721ea4475dc34591d3c622a6b97079dbeeb1843bdd8378809579c123d97726,2025-02,South Yorkshire Police,South Yorkshire Police,,,No Location,,,Bicycle theft,Investigation complete; no suspect identified,
2096d0ce4800797a8f396cab18a20631b33ad5f7cfdac5cb08e752a51a61a19b,2025-02,South Yorkshire Police,South Yorkshire Police,,,No Location,,,Bicycle theft,Unable to prosecute suspect,
2c3237bc110d66e073e66abba9eaeac26385f84426d221d87d11bd40ae5dac67,2025-02,South Yorkshire Police,South Yorkshire Police,,,No Location,,,Bicycle theft,Investigation complete; no suspect identified,
06bb0990608b413f514fc56017c3b785dd5f5263c898e1641ee31679f557e73f,2025-02,South Yorkshire Police,South Yorkshire Police,,,No Location,,,Burglary,Investigation complete; no suspect identified,
4d0f0d86ef349d87b5c0b2714b0b9639f342a4c6457b572140b0dea7a18ed4c7,2025-02,South Yorkshire Police,South Yorkshire Police,,,No Location,,,Burglary,Investigation complete; no suspect identified,
5c58915ade39023b1589f926e96ed7e255a4acc88c883fc921eb98f674c9d096,2025-02,South Yorkshire Police,South Yorkshire Police,,,No Location,,,Burglary,Investigation complete; no suspect identified,
dd3f32441b1293a826fe237bef74c770898d859d0c4f34fef7b7bf354e105ada,2025-02,South Yorkshire Police,South Yorkshire Police,,,No Location,,,Burglary,Investigation complete; no suspect identified,
63de87b39d06901f6dc9d40f2110d4d9c26f9c2c9e6cc6a53018855da3b7fd40,2025-02,South Yorkshire Police,South Yorkshire Police,,,No Location,,,Burglary,Investigation complete; no suspect identified,
f9edc1a1414de001129fe5ca33f74cfa2fd1c5f0fcbd8cf22b225314a7ae0184,2025-02,South Yorkshire Police,South Yorkshire Police,,,No Location,,,Burglary,Investigation complete; no suspect identified,
0189dc6090743e30260acd8821220386242b5b8c78ab19474d0f70df71af906b,2025-02,South Yorkshire Police,South Yorkshire Police,,,No Location,,,Burglary,Investigation complete; no suspect identified,
b6d862cd05f3223b5ce52775a4dc0f758d83a0150d0f33794297c100bad92cf0,2025-02,South Yorkshire Police,South Yorkshire Police,,,No Location,,,Burglary,Investigation complete; no suspect identified,
1b357fa176c55bf963e8a552cded66402c9694c3547a0edeccf0ad05773ec4b2,2025-02,South Yorkshire Police,South Yorkshire Police,,,No Location,,,Burglary,Investigation complete; no suspect identified,
a140fd4906e7bad119700735539e4430837eac96be3daa83b03ec37ffd6fa162,2025-02,South Yorkshire Police,South Yorkshire Police,,,No Location,,,Burglary,Investigation complete; no suspect identified,
3ac61519366e12c6b319e187bbd7c143f50ffbdc4d31d8c7af7eeb69ed67b7cd,2025-02,South Yorkshire Police,South Yorkshire Police,,,No Location,,,Burglary,Investigation complete; no suspect identified,
84c6bae509a1b047730b2edd2d3e592a2f95f1e53b186f781bfee3c6a55b426e,2025-02,South Yorkshire Police,South Yorkshire Police,,,No Location,,,Burglary,Investigation complete; no suspect identified,
84821d313fbc9bc4fda4c4f8d67c04c4907f979893fb066982ea666ffdd6e98b,2025-02,South Yorkshire Police,South Yorkshire Police,,,No Location,,,Burglary,Investigation complete; no suspect identified,
7df9af2fe4733382fc0ee04e614d42e030e2677c2d4603fb03800883df50f670,2025-02,South Yorkshire Police,South Yorkshire Police,,,No Location,,,Burglary,Investigation complete; no suspect identified,
39bd05152fe16dd0a7d6f73832916d4fdd2a7e3b63362b100bdb81eaf6f29b55,2025-02,South Yorkshire Police,South Yorkshire Police,,,No Location,,,Burglary,Investigation complete; no suspect identified,
28baa68441bbb4915eaef927d02d7514571b8c6d1641ae3ba8f3273746f45f32,2025-02,South Yorkshire Police,South Yorkshire Police,,,No Location,,,Burglary,Investigation complete; no suspect identified,
b9690bb025676026d7ec48f96999fd1cbf6ade58ada36729bd6c019520973c78,2025-02,South Yorkshire Police,South Yorkshire Police,,,No Location,,,Burglary,Investigation complete; no suspect identified,
03643d8d2948fb48a96ca423669c9bbf8a2fb484622de1f9c3defc45f779a3c1,2025-02,South Yorkshire Police,South Yorkshire Police,,,No Location,,,Burglary,Unable to prosecute suspect,
9d517a1b0f73e4364435b9724bb694277852baa3355a8c1463bcba41efcc48e9,2025-02,South Yorkshire Police,South Yorkshire Police,,,No Location,,,Burglary,Awaiting court outcome,
dedde531429eae659f697e9e83e84818def1ea5fa85e4b7080e45eceb684c5a6,2025-02,South Yorkshire Police,South Yorkshire Police,,,No Location,,,Burglary,Unable to prosecute suspect,
132e24afc1f72721bba5b40a3e0b9de157bfbb44bc30ab6b473adcad64851c38,2025-02,South Yorkshire Police,South Yorkshire Police,,,No Location,,,Burglary,Investigation complete; no suspect identified,
6b6e2aafbe8fb7f1d8ee70a0c96c5588289a68862494a9d0cfec39b9fb010d0d,2025-02,South Yorkshire Police,South Yorkshire Police,,,No Location,,,Burglary,Investigation complete; no suspect identified,
512d4d9ec0ea949989d413f284bd27b086cff1f9736b8186bab15186b9e6ac2d,2025-02,South Yorkshire Police,South Yorkshire Police,,,No Location,,,Burglary,Investigation complete; no suspect identified,
e8c2819fb8e2808465de7c955561c208b0995499cd21a11eef9b82f5deb5a3a9,2025-02,South Yorkshire Police,South Yorkshire Police,,,No Location,,,Burglary,Unable to prosecute suspect,
27963010c3e2abab0daaa9b33ecfdae0434c5e48d7d0437fc11b6538d18ad08c,2025-02,South Yorkshire Police,South Yorkshire Police,,,No Location,,,Burglary,Investigation complete; no suspect identified,
98342117d19331a7739950662228164d0749da2a83f3ac7a8df3f61123ce2f87,2025-02,South Yorkshire Police,South Yorkshire Police,,,No Location,,,Burglary,Investigation complete; no suspect identified,
4ee520a8c273a94552d01530076687177a46b72ce6667e9e78eb13f8db62acbf,2025-02,South Yorkshire Police,South Yorkshire Police,,,No Location,,,Burglary,Investigation complete; no suspect identified,
bccc9b20403f2a3232216c8edee0aa1d3110c972b39b806a62abac308860aaa2,2025-02,South Yorkshire Police,South Yorkshire Police,,,No Location,,,Burglary,Status update unavailable,
b75e63c909e73ca7fa5564afe626a5a26971fa7433b63fb411b2652c959c4e1e,2025-02,South Yorkshire Police,South Yorkshire Police,,,No Location,,,Burglary,Investigation complete; no suspect identified,
186b59509882e160b16fd5d8c51eebad7f60c807692b75952adf7d6aedd7d2c1,2025-02,South Yorkshire Police,South Yorkshire Police,,,No Location,,,Burglary,Investigation complete; no suspect identified,
2f269af4e2233e33545bc16ed6f0daa61229ffa40843c9d8137430ddd9abd28c,2025-02,South Yorkshire Police,South Yorkshire Police,,,No Location,,,Burglary,Investigation complete; no suspect identified,
87425527b60e13a28075058de892dd4d999cc218e84b5f10e219802363f156ec,2025-02,South Yorkshire Police,South Yorkshire Police,,,No Location,,,Burglary,Investigation complete; no suspect identified,
525cafc6785a1bedca85d33f352c004f47b03d6ddd78eebff2610bb8dd685097,2025-02,South Yorkshire Police,South Yorkshire Police,,,No Location,,,Burglary,Investigation complete; no suspect identified,
45ed77295578b0e809d22c695dc81e97f8cb43692c99b4f8c5fd89e89745c57a,2025-02,South Yorkshire Police,South Yorkshire Police,,,No Location,,,Burglary,Investigation complete; no suspect identified,
3ba1ba700b72b898c4fac08a8660f8fd84dfce462e3955e7fcf2171b9d5c0a87,2025-02,South Yorkshire Police,South Yorkshire Police,,,No Location,,,Burglary,Investigation complete; no suspect identified,
0f625a3dec6d96db46bc59815216fadfd2621a74f91c3857bf4792f654f9b23e,2025-02,South Yorkshire Police,South Yorkshire Police,,,No Location,,,Burglary,Investigation complete; no suspect identified,
9ccbdaf415d222333b84f9a7a9fe6bf9cb29e069a71957e2186edad4904e8fcc,2025-02,South Yorkshire Police,South Yorkshire Police,,,No Location,,,Burglary,Investigation complete; no suspect identified,
474d52e2f25dbe3a422a73bcf782026bc6de041830940eb4b115ac2525996a9c,2025-02,South Yorkshire Police,South Yorkshire Police,,,No Location,,,Burglary,Investigation complete; no suspect identified,
75a60478edf332f7504a97ffb292ccb56f73a90f44c086515487eab859190d27,2025-02,South Yorkshire Police,South Yorkshire Police,,,No Location,,,Burglary,Investigation complete; no suspect identified,
f0177750d2367293e598b7b3ea0400d2f5074e3d03119e1cdaa3c8ceca443bd9,2025-02,South Yorkshire Police,South Yorkshire Police,,,No Location,,,Burglary,Investigation complete; no suspect identified,
4c0a03d0fe997c7e6c30ee57b40b381b26885bbd053bc669e71a42f7536d78a6,2025-02,South Yorkshire Police,South Yorkshire Police,,,No Location,,,Burglary,Investigation complete; no suspect identified,
317d1a86edb8ed53adb872866d343860c164f095e365572927ad86857c13b030,2025-02,South Yorkshire Police,South Yorkshire Police,,,No Location,,,Burglary,Investigation complete; no suspect identified,
8b2c4913a3a666a7670aac65618597c266344be3cf26c25922d01bd816c809d1,2025-02,South Yorkshire Police,South Yorkshire Police,,,No Location,,,Burglary,Investigation complete; no suspect identified,
adb9692010120017f98ee360e2f7e5a416ffacb9103d4dc03fd797efb78d6bc4,2025-02,South Yorkshire Police,South Yorkshire Police,,,No Location,,,Burglary,Investigation complete; no suspect identified,
c2294abd2e388fb8f1ecae2013c69b5e1eb0ba33dd943bb5162f546ff7628823,2025-02,South Yorkshire Police,South Yorkshire Police,,,No Location,,,Burglary,Investigation complete; no suspect identified,
749feaf0935b4e83c713bf073080125ee51b0841f7a4c777194bc9935930a9f1,2025-02,South Yorkshire Police,South Yorkshire Police,,,No Location,,,Burglary,Investigation complete; no suspect identified,
fa6594c8325dc0a6b4de7eb05855fae1808b71a455d00c37fc8bf11b49463578,2025-02,South Yorkshire Police,South Yorkshire Police,,,No Location,,,Burglary,Investigation complete; no suspect identified,
949caa210eb777b5f8f7601f6444f0eed345f86d2373a2452d500251e99f6a39,2025-02,South Yorkshire Police,South Yorkshire Police,,,No Location,,,Burglary,Investigation complete; no suspect identified,
0b3bbee3fd1d5fee9d91034b7a9ab3695efd6e24453e867d8e8383223cf08350,2025-02,South Yorkshire Police,South Yorkshire Police,,,No Location,,,Burglary,Awaiting court outcome,
6ee107fe623c88b6e188ab3fdedab86ccf1637d46c0966df57c1f69f317872df,2025-02,South Yorkshire Police,South Yorkshire Police,,,No Location,,,Burglary,Investigation complete; no suspect identified,
955a4d4d998864cc073b0d59d0de6e67bdbd60432a7de3bb73f2894bc8222a19,2025-02,South Yorkshire Police,South Yorkshire Police,,,No Location,,,Burglary,Status update unavailable,
a5b6cb55b95ce1ae7ecb1104a834dc0b779d75a8bf45c60813b3e0eeb0c42932,2025-02,South Yorkshire Police,South Yorkshire Police,,,No Location,,,Burglary,Investigation complete; no suspect identified,
ab2dae42aaa60bfffa47e0e0e29d5d892eea26abec2159e855d3b696b182d603,2025-02,South Yorkshire Police,South Yorkshire Police,,,No Location,,,Burglary,Investigation complete; no suspect identified,
89580148195a6514c5f5bdd76c332905beddbc1f4ac2aa1023f7555a801f49df,2025-02,South Yorkshire Police,South Yorkshire Police,,,No Location,,,Criminal damage and arson,Investigation complete; no suspect identified,
4a11bcf3f496f2acae70f56f9fc7b3408bec748015d5e1e62a9f18fe25945d5b,2025-02,South Yorkshire Police,South Yorkshire Police,,,No Location,,,Criminal damage and arson,Investigation complete; no suspect identified,
7219b2b3548e41d1deed8bde029cccf0a3e6cd3dd3a39939025a09fdee9a7e66,2025-02,South Yorkshire Police,South Yorkshire Police,,,No Location,,,Criminal damage and arson,Investigation complete; no suspect identified,
b6bf690efe3134fa12dfde2348610f0effaf9976e9a67fa4d348b9f4da095ef0,2025-02,South Yorkshire Police,South Yorkshire Police,,,No Location,,,Criminal damage and arson,Investigation complete; no suspect identified,
9a9c3e874fbf8555e3d80c70e3cea3f144c803a42dd575f583f45605311c032f,2025-02,South Yorkshire Police,South Yorkshire Police,,,No Location,,,Criminal damage and arson,Unable to prosecute suspect,
2419792ffaf87f10d1cf2448a08525be670c4116ae187392b181924ce2752021,2025-02,South Yorkshire Police,South Yorkshire Police,,,No Location,,,Criminal damage and arson,Investigation complete; no suspect identified,
684bf4b2e90246bc119044b5ba393e24e250d3461b803857a5876622421c78e8,2025-02,South Yorkshire Police,South Yorkshire Police,,,No Location,,,Criminal damage and arson,Investigation complete; no suspect identified,
956ca8cc10353ed47970c52914ad9d7a1b5b130a7f07e21b77e1643489a384b6,2025-02,South Yorkshire Police,South Yorkshire Police,,,No Location,,,Criminal damage and arson,Status update unavailable,
a3259283ee556ba4a565b82f9fe11f740fb839bc8d34dde7f42d8199ff632b62,2025-02,South Yorkshire Police,South Yorkshire Police,,,No Location,,,Criminal damage and arson,Investigation complete; no suspect identified,
94a9dff37e6dab0cc9073d7e6000593ce27ab20614cd064c01fba31f6d5c114b,2025-02,South Yorkshire Police,South Yorkshire Police,,,No Location,,,Criminal damage and arson,Unable to prosecute suspect,
b8f7f5302e613f7b0cbea8cf0e870ff85813145894056603e95f291323ff2cc3,2025-02,South Yorkshire Police,South Yorkshire Police,,,No Location,,,Criminal damage and arson,Investigation complete; no suspect identified,
9986d33ab266eaf46d1552a278d7c74055d65551d249afd5eacdd7b2bbaf9b09,2025-02,South Yorkshire Police,South Yorkshire Police,,,No Location,,,Criminal damage and arson,Investigation complete; no suspect identified,
c17df5959eda24c23136a2caffdf9d73527b0cb0f14f19ec8f5e43534253a60d,2025-02,South Yorkshire Police,South Yorkshire Police,,,No Location,,,Criminal damage and arson,Investigation complete; no suspect identified,
c6a385e19d394df01adb5559cf219dc51fac49d1d4e21cd734b93dbb49c59820,2025-02,South Yorkshire Police,South Yorkshire Police,,,No Location,,,Criminal damage and arson,Offender given a caution,
9a219ca3ffb5a91a3632d5a1be1a6d05ec824082e6bb8b54d95e6442dcf2877e,2025-02,South Yorkshire Police,South Yorkshire Police,,,No Location,,,Criminal damage and arson,Investigation complete; no suspect identified,
6835306e39b2a7ef335f52d7c1eceaced6b444c3fa4734fbd2f5fb1ea7c08440,2025-02,South Yorkshire Police,South Yorkshire Police,,,No Location,,,Criminal damage and arson,Investigation complete; no suspect identified,
623d4bb7b6592166cf4d37da9f027a3419bd01a84d8ed2ef97b763e204a591fa,2025-02,South Yorkshire Police,South Yorkshire Police,,,No Location,,,Criminal damage and arson,Investigation complete; no suspect identified,
6e39101d32197c9bfaad25676aa6724324f30eba190ebef11b11d769ac74706d,2025-02,South Yorkshire Police,South Yorkshire Police,,,No Location,,,Criminal damage and arson,Investigation complete; no suspect identified,
ee4c34283a597bef633305c6de03b5981cb839a4e3b159bb37b5e3b02806db22,2025-02,South Yorkshire Police,South Yorkshire Police,,,No Location,,,Criminal damage and arson,Unable to prosecute suspect,
415e9453d5b69c1bb6371f5ec611554a65b9a149eea619d8eeea9888f84da395,2025-02,South Yorkshire Police,South Yorkshire Police,,,No Location,,,Criminal damage and arson,Investigation complete; no suspect identified,
22e82ce563f004ace66225b80d57f04e4f3e380aef4d2fe18c4d6178229495f8,2025-02,South Yorkshire Police,South Yorkshire Police,,,No Location,,,Criminal damage and arson,Investigation complete; no suspect identified,
4ee2c033d4235d12c816ab25bd266aba5734b7a8b11caf9f2178d6e74ed2f3c6,2025-02,South Yorkshire Police,South Yorkshire Police,,,No Location,,,Criminal damage and arson,Unable to prosecute suspect,
f88eaf61edabb9eec1658df8f0d830f421055b91f994bc597135bd5cc5e588dd,2025-02,South Yorkshire Police,South Yorkshire Police,,,No Location,,,Criminal damage and arson,Awaiting court outcome,
5f9a2d1db13a2fbb50e320003bfa45cccab5bd9147f5f7d765ade7f4d73ab813,2025-02,South Yorkshire Police,South Yorkshire Police,,,No Location,,,Criminal damage and arson,Offender given a caution,
61c660024bf4bca0ea0ebdad6dcf781aea436365aacb8a1d350f3e4ca056c793,2025-02,South Yorkshire Police,South Yorkshire Police,,,No Location,,,Criminal damage and arson,Investigation complete; no suspect identified,
bcdd3c9ab4f2b2fb7ff09eced1fe4a45612b5514f5761da9a66461909203bc58,2025-02,South Yorkshire Police,South Yorkshire Police,,,No Location,,,Criminal damage and arson,Investigation complete; no suspect identified,
7e65ac10c967c25275e18f9d37240fecdd7062421fb2d643be9ce0451856bd98,2025-02,South Yorkshire Police,South Yorkshire Police,,,No Location,,,Criminal damage and arson,Investigation complete; no suspect identified,
2abcb39d74fea8a9579f861fe1d95b9238cf800070e45f29c4807eeeb09c7a6f,2025-02,South Yorkshire Police,South Yorkshire Police,,,No Location,,,Criminal damage and arson,Awaiting court outcome,
7ec2a42f0e5cdd178bb2b4092a722e2329636271f12e925deac1094f57369808,2025-02,South Yorkshire Police,South Yorkshire Police,,,No Location,,,Criminal damage and arson,Investigation complete; no suspect identified,
88c1b150607adedbefff8f47f969889005cb522b96bb4f5634731c86e622ffba,2025-02,South Yorkshire Police,South Yorkshire Police,,,No Location,,,Criminal damage and arson,Investigation complete; no suspect identified,
0cee6f861d5eace3af2b69a009352c7f64a0bb25087e322d8d086ebd7fd2bbfe,2025-02,South Yorkshire Police,South Yorkshire Police,,,No Location,,,Criminal damage and arson,Investigation complete; no suspect identified,
baf811bdfb0a751ae0246670f16576528f5d265fd2b0ab5c5f7878369adc8c60,2025-02,South Yorkshire Police,South Yorkshire Police,,,No Location,,,Criminal damage and arson,Investigation complete; no suspect identified,
1202363ec75cf87cbf4de4db5ec46b6bf52075800693d7bf4b76c82a3b5065b0,2025-02,South Yorkshire Police,South Yorkshire Police,,,No Location,,,Criminal damage and arson,Unable to prosecute suspect,
2d7c42de34658963f7ae49bf57e322f3d69df2cbb39f9a3054da1a9c96c99cc0,2025-02,South Yorkshire Police,South Yorkshire Police,,,No Location,,,Criminal damage and arson,Investigation complete; no suspect identified,
3059cdd235bf410d8e67623987801e56ed15ae11b02725879fded87d34668b98,2025-02,South Yorkshire Police,South Yorkshire Police,,,No Location,,,Criminal damage and arson,Investigation complete; no suspect identified,
3e9beea7c36a69d4aa89be8f3ec4f878fe76adfd7b468bc4ea75ccd90dca85e0,2025-02,South Yorkshire Police,South Yorkshire Police,,,No Location,,,Criminal damage and arson,Unable to prosecute suspect,
8f7733f1940b02080eb29874163695f39fa33d32356a8e9f1c3f5e12fdd80d30,2025-02,South Yorkshire Police,South Yorkshire Police,,,No Location,,,Criminal damage and arson,Investigation complete; no suspect identified,
80cc5de239838a5e7ed9b01d932cf88d7d9d9e82cdfa14bbe9b3d0cd55521d27,2025-02,South Yorkshire Police,South Yorkshire Police,,,No Location,,,Criminal damage and arson,Investigation complete; no suspect identified,
e449a84dc87513f345f651692241e951412682f22688ce12c74fe40cb0c1bf33,2025-02,South Yorkshire Police,South Yorkshire Police,,,No Location,,,Criminal damage and arson,Unable to prosecute suspect,
f2d89b83c26972924f74f3de581800e1c63a56ef8fb2631370a37c523b55e574,2025-02,South Yorkshire Police,South Yorkshire Police,,,No Location,,,Criminal damage and arson,Investigation complete; no suspect identified,
774051b173b095c5824088c4fd4db80905e414bd28d87be62eb94b6d87c65d95,2025-02,South Yorkshire Police,South Yorkshire Police,,,No Location,,,Criminal damage and arson,Status update unavailable,
fb7be6e7859ef420b5ca55e5cc4b5d0c2b5a9253dfd8ecfa7e4266909a24e84f,2025-02,South Yorkshire Police,South Yorkshire Police,,,No Location,,,Criminal damage and arson,Unable to prosecute suspect,
824b1a480553ee92899b4ddb1cbaafc243da701ea83bb041fbbd088a1cfff1ef,2025-02,South Yorkshire Police,South Yorkshire Police,,,No Location,,,Criminal damage and arson,Unable to prosecute suspect,
7fdb70cdc6ee01744d90280ff71e98e12f25bee2ea486a1263d339afb03d4b2e,2025-02,South Yorkshire Police,South Yorkshire Police,,,No Location,,,Criminal damage and arson,Status update unavailable,
a2bfca4706604c1dabb7627fb850812a624767a396e41ddc3989748d166768c8,2025-02,South Yorkshire Police,South Yorkshire Police,,,No Location,,,Criminal damage and arson,Investigation complete; no suspect identified,
0ca01af166789f55506ad9f6c34ce72e5cdadb796c2ca9c739441d39a36cb3e2,2025-02,South Yorkshire Police,South Yorkshire Police,,,No Location,,,Criminal damage and arson,Unable to prosecute suspect,
eb684ffe70f6ca8584fb1fe142d34a96c20f584c6b0036f3d9cdd9a9e6757910,2025-02,South Yorkshire Police,South Yorkshire Police,,,No Location,,,Criminal damage and arson,Investigation complete; no suspect identified,
1c5e36c6e52b100d0b4cc4783087ea65e170bc271f31652af62846f770857a0f,2025-02,South Yorkshire Police,South Yorkshire Police,,,No Location,,,Criminal damage and arson,Unable to prosecute suspect,
fef80180f313f4c533af31bd26133209502748ebfe330992a092b6ca79880702,2025-02,South Yorkshire Police,South Yorkshire Police,,,No Location,,,Criminal damage and arson,Unable to prosecute suspect,
af1bad9f42ae5540a293fffd75710cad184d97c2edd01f75817382b9182df553,2025-02,South Yorkshire Police,South Yorkshire Police,,,No Location,,,Criminal damage and arson,Investigation complete; no suspect identified,
033a35dc0b08034d407d6686e9dfc4c5515cc237498f3eff1689792af329042f,2025-02,South Yorkshire Police,South Yorkshire Police,,,No Location,,,Criminal damage and arson,Investigation complete; no suspect identified,
b5d5481e5a9b339f963c575cdb684a74574cc903f14c3474a985e120159d0bff,2025-02,South Yorkshire Police,South Yorkshire Police,,,No Location,,,Drugs,Unable to prosecute suspect,
b84ebe24a2025649771fdc2051a060a36ef95a51ff98eec5980f86aa7a8ab9b4,2025-02,South Yorkshire Police,South Yorkshire Police,,,No Location,,,Drugs,Further investigation is not in the public interest,
8718b906a372f3542a5a6251a5b3258e1b02eddf74392f35f530d330de73a9ce,2025-02,South Yorkshire Police,South Yorkshire Police,,,No Location,,,Drugs,Local resolution,
ebd70d479aa7445d4e7a2cb65e18d911968afa36b57b23ba1ca54770c53c2226,2025-02,South Yorkshire Police,South Yorkshire Police,,,No Location,,,Drugs,Awaiting court outcome,
63c79d79d6b92ac12bc59faada233915d509230d0abd4d8a7c79322927afce26,2025-02,South Yorkshire Police,South Yorkshire Police,,,No Location,,,Drugs,Awaiting court outcome,
8898be0ecd9ae511d7c55d6bc6b60ed6dcef290df6115707c2cb1bf975897def,2025-02,South Yorkshire Police,South Yorkshire Police,,,No Location,,,Drugs,Awaiting court outcome,
93ea49166b28e016f5f527cbb48d9cb241dd87e01cba482afa3b897ab0f5464d,2025-02,South Yorkshire Police,South Yorkshire Police,,,No Location,,,Drugs,Local resolution,
f90622df4626964000feeef69ac98338c9b5a1bb88aba998b4577c1f7fc339e2,2025-02,South Yorkshire Police,South Yorkshire Police,,,No Location,,,Drugs,Investigation complete; no suspect identified,
6860f7e50896b4b442f375aaef717684c4018495be37cab88f906ade820eebde,2025-02,South Yorkshire Police,South Yorkshire Police,,,No Location,,,Drugs,Local resolution,
835f9d20b9c152f551e6965e48632201071e2f37b3a4e40bf03b841aab44f7e6,2025-02,South Yorkshire Police,South Yorkshire Police,,,No Location,,,Drugs,Unable to prosecute suspect,
c698310bf3ab3f66aa2215c269f46921533c55827cb0d9dfed79e84cea3c0720,2025-02,South Yorkshire Police,South Yorkshire Police,,,No Location,,,Drugs,Status update unavailable,
0656e37fa9a0f93eba094f3dd5e4cc410a99fde92368a34e74cbc358a7eee7ba,2025-02,South Yorkshire Police,South Yorkshire Police,,,No Location,,,Drugs,Offender given a caution,
35bb861241c36885215dc55fe0fe5bd6e0b0ca5361591fb4dde7c41e32db8855,2025-02,South Yorkshire Police,South Yorkshire Police,,,No Location,,,Drugs,Offender given a caution,
f9d9e1414b622fc622c0c920f73d1f9c6352bc354d660e74801bb5950ab4cc17,2025-02,South Yorkshire Police,South Yorkshire Police,,,No Location,,,Drugs,Unable to prosecute suspect,
01f51eedae7f6191df226e86bc0d1687943089d06681dc15669979a6f7ee9b98,2025-02,South Yorkshire Police,South Yorkshire Police,,,No Location,,,Drugs,Offender given a drugs possession warning,
635b988f8f7bf3418340aca5e4b93e6f479f2c15b1bffccbc5878c1d65baa9e0,2025-02,South Yorkshire Police,South Yorkshire Police,,,No Location,,,Drugs,Local resolution,
d892e05e9001ba5caad0291e0f974d0eb67d1dff79c43a20f516a2b7df9f6918,2025-02,South Yorkshire Police,South Yorkshire Police,,,No Location,,,Drugs,Investigation complete; no suspect identified,
a9602ea7655139a82b2f8a31b741f7718600de2fcc4d380eeec2ba6b9e5ac016,2025-02,South Yorkshire Police,South Yorkshire Police,,,No Location,,,Drugs,Status update unavailable,
a1c004c0cb95f5be163518b425e8b089667d3164b83e7d7bd7db7b7cac609512,2025-02,South Yorkshire Police,South Yorkshire Police,,,No Location,,,Drugs,Status update unavailable,
5f3e09bcade6db7d94a6ce04dcc9d34d0d7c6a1c6ad1dc6ee3e92a377fbdaa0d,2025-02,South Yorkshire Police,South Yorkshire Police,,,No Location,,,Drugs,Local resolution,
c086dbd16bf35940a111b207ae7b7dceddf9e9abada58b17a4cac20ee7364cbb,2025-02,South Yorkshire Police,South Yorkshire Police,,,No Location,,,Drugs,Further investigation is not in the public interest,
984a43dae45e0f3f5b42b1f701354f72ed90ab3002e4cb61a07a74a3dbf23c95,2025-02,South Yorkshire Police,South Yorkshire Police,,,No Location,,,Drugs,Local resolution,
e0153f3a1003c7e92563caf8bde96f36a9530741b31d6b5854f04604a9444a62,2025-02,South Yorkshire Police,South Yorkshire Police,,,No Location,,,Drugs,Awaiting court outcome,
391a8902bbcfae44b98609c44e10158315942553205d2003aa0d320acc9c9bf8,2025-02,South Yorkshire Police,South Yorkshire Police,,,No Location,,,Drugs,Status update unavailable,
a5659a4f41cb31d894df8aae84039a82eb01601cb9c4b430bd072826dbe33089,2025-02,South Yorkshire Police,South Yorkshire Police,,,No Location,,,Drugs,Awaiting court outcome,
6234e7a385093c332da9182c1a7b72d92ce00f9fcac64b2a066cf3a31132feb0,2025-02,South Yorkshire Police,South Yorkshire Police,,,No Location,,,Drugs,Awaiting court outcome,
f1f5a0b39fb09a792bcb847a30e20cc7081b65eebf505752cf42d65892b52a84,2025-02,South Yorkshire Police,South Yorkshire Police,,,No Location,,,Drugs,Local resolution,
07be6943943ca84f59eab119637ca7d7a58c8a381e0ffcc7aa19c42429fefbfa,2025-02,South Yorkshire Police,South Yorkshire Police,,,No Location,,,Drugs,Awaiting court outcome,
97c02c879a3b7c9656ee7c24732df3e888f6c593d1f301026a578b74b84e33df,2025-02,South Yorkshire Police,South Yorkshire Police,,,No Location,,,Drugs,Offender given a caution,
fd749b5f9f84d876da8a88aa6d14eb49e05480684b19676f5c640280256c9525,2025-02,South Yorkshire Police,South Yorkshire Police,,,No Location,,,Drugs,Investigation complete; no suspect identified,
f1e48a86287757f0b44818cafb895eb8b5ac337da4443c90581fffc4d68798f5,2025-02,South Yorkshire Police,South Yorkshire Police,,,No Location,,,Drugs,Offender given a drugs possession warning,
dfd78913f608f0fd40a22ae51bd2c9433e50292c57f3035c2e55dab749902230,2025-02,South Yorkshire Police,South Yorkshire Police,,,No Location,,,Drugs,Unable to prosecute suspect,
2aff42befa6a334a2bae34bde1debb7e3fa025b850b02b107b466816e01cf14a,2025-02,South Yorkshire Police,South Yorkshire Police,,,No Location,,,Drugs,Unable to prosecute suspect,
68f848f25366475583d838f8a68f08c1116d3a71fb2ed1c98e53bf07bef71668,2025-02,South Yorkshire Police,South Yorkshire Police,,,No Location,,,Drugs,Investigation complete; no suspect identified,
6daa517d6eabccc565973ceccecbc711ef30ede6b34f54902ced5c15a7b91b3e,2025-02,South Yorkshire Police,South Yorkshire Police,,,No Location,,,Drugs,Status update unavailable,
13df07a9b80332c08c8c790ed4f259477cc55926f295870ba745dcbc8781459c,2025-02,South Yorkshire Police,South Yorkshire Police,,,No Location,,,Drugs,Further investigation is not in the public interest,
d7329a998b2833ab0505c7ce92e882458dcf1c6f510018a254279df3c73e07e3,2025-02,South Yorkshire Police,South Yorkshire Police,,,No Location,,,Drugs,Status update unavailable,
2e472bae555a8bcd087e0e7ba99816d68e4e56438d721c6318d9b2aab29e5159,2025-02,South Yorkshire Police,South Yorkshire Police,,,No Location,,,Drugs,Awaiting court outcome,
d1911bb150d9cd6cc0732f5cf3395678e420b0ef94e33de0960726b9a6e5f877,2025-02,South Yorkshire Police,South Yorkshire Police,,,No Location,,,Drugs,Awaiting court outcome,
ae4045faa68be151b0db3efac64fc4d3691a55e1a5278e94ea1191efda9df0a0,2025-02,South Yorkshire Police,South Yorkshire Police,,,No Location,,,Drugs,Offender given a caution,
9db8ba14b169fe909c27c045454dbd818392945909e48484d9bc673cab6eb10c,2025-02,South Yorkshire Police,South Yorkshire Police,,,No Location,,,Drugs,Awaiting court outcome,
070cd6e0c0e564c3443aaae198ee57c5c0ebb4e6225452b0a3f1f9208d956080,2025-02,South Yorkshire Police,South Yorkshire Police,,,No Location,,,Drugs,Offender given a caution,
578c1fd143acbd845fd6ab09cbe6a6db05650cda59105690136d0ac404d09b11,2025-02,South Yorkshire Police,South Yorkshire Police,,,No Location,,,Drugs,Local resolution,
2c1fc9d51b1007c567280a716e1bca2322a3718110aba29e314984bbdfa78ea9,2025-02,South Yorkshire Police,South Yorkshire Police,,,No Location,,,Drugs,Status update unavailable,
2bd9594b63618113a5a5daa8edc98359dd8cfebebac45b225a759914ef87ebc5,2025-02,South Yorkshire Police,South Yorkshire Police,,,No Location,,,Drugs,Local resolution,
036e03216488563cc4feb07878f359451ebf30a78007c5fe12ecc7bf3ff2549e,2025-02,South Yorkshire Police,South Yorkshire Police,,,No Location,,,Other theft,Investigation complete; no suspect identified,
945af64f4905e43993baa73fa4a200bf01bb135dc66b139abefbc2b214f9c9fa,2025-02,South Yorkshire Police,South Yorkshire Police,,,No Location,,,Other theft,Investigation complete; no suspect identified,
86ef2a460891cd1807f245eddfb4ef3b99a6af4b10069c3757a31a0a4a3b7283,2025-02,South Yorkshire Police,South Yorkshire Police,,,No Location,,,Other theft,Investigation complete; no suspect identified,
3084321919ba4825fbca33471d7ed49e6380d286ef41f89afe38070a429fb42c,2025-02,South Yorkshire Police,South Yorkshire Police,,,No Location,,,Other theft,Investigation complete; no suspect identified,
15f39ab76847ebb610527fd83ce7abe251cacd0222074a5a49e5628d11382fe8,2025-02,South Yorkshire Police,South Yorkshire Police,,,No Location,,,Other theft,Investigation complete; no suspect identified,
11df086c1144019a6aaec41d15102d6a61d785e105935ceb92b2621cfe949de0,2025-02,South Yorkshire Police,South Yorkshire Police,,,No Location,,,Other theft,Investigation complete; no suspect identified,
19b0e3ff8469e513c8ac636ceb58cb3804563e15a9f55043b74f05becfd895c6,2025-02,South Yorkshire Police,South Yorkshire Police,,,No Location,,,Other theft,Unable to prosecute suspect,
0cafab31994e0ea11c677b48530640d766f512e520bf3fd7ed33d83601556eca,2025-02,South Yorkshire Police,South Yorkshire Police,,,No Location,,,Other theft,Investigation complete; no suspect identified,
83ffb45f948e472a3ff09f06b2d8290db8a8462c665bdcd2e1712d61d16ec3d9,2025-02,South Yorkshire Police,South Yorkshire Police,,,No Location,,,Other theft,Investigation complete; no suspect identified,
3c4bfe7231ed4f6dfa0b15b61512e8ea09014a5cc019629c6f4cfc5bfc7b64df,2025-02,South Yorkshire Police,South Yorkshire Police,,,No Location,,,Other theft,Investigation complete; no suspect identified,
feeebe16aa1fb5321d4e94320ff0677c411fbff871f84106ee338eabf89d0c98,2025-02,South Yorkshire Police,South Yorkshire Police,,,No Location,,,Other theft,Investigation complete; no suspect identified,
33b8b70e2f5357f7fc9e3a6298b7e7b8ec1e1c6ce2492e85b0edb455d91277db,2025-02,South Yorkshire Police,South Yorkshire Police,,,No Location,,,Other theft,Investigation complete; no suspect identified,
8d22187106349f0e057f7c6496957aba945d9be9fc303f6d37d6bcc530dde96b,2025-02,South Yorkshire Police,South Yorkshire Police,,,No Location,,,Other theft,Investigation complete; no suspect identified,
6ecf7f28334e8f045554e136a6cdb347fe63f99acc8c682ae713ba73fbe417ea,2025-02,South Yorkshire Police,South Yorkshire Police,,,No Location,,,Other theft,Investigation complete; no suspect identified,
7ebd9ad43dc2d4a496cdb4921abf148918e825607b23e8937a76cc9ffd49eb9c,2025-02,South Yorkshire Police,South Yorkshire Police,,,No Location,,,Other theft,Investigation complete; no suspect identified,
805b87753bcb0bf5dcad2bc8fc6a0e3f74e3849b5fe309d7bee80a502c5d40c6,2025-02,South Yorkshire Police,South Yorkshire Police,,,No Location,,,Other theft,Unable to prosecute suspect,
142a1911cd4e545c37ccae3b67114e1877278480ea975397a83d3d0b09493c82,2025-02,South Yorkshire Police,South Yorkshire Police,,,No Location,,,Other theft,Investigation complete; no suspect identified,
d2e946caf7361d3288c7cacef0e971182f8db9f0775f90e413cd8c7872b81a0c,2025-02,South Yorkshire Police,South Yorkshire Police,,,No Location,,,Other theft,Unable to prosecute suspect,
c9033677333244219f79f8b3e1f41ff1e6a388745ca396656c2ea8e30d270e00,2025-02,South Yorkshire Police,South Yorkshire Police,,,No Location,,,Other theft,Investigation complete; no suspect identified,
c2f02bf99eb698a6ce4834a304fb538ede430fa90b231e675c0b9d1fa161f39a,2025-02,South Yorkshire Police,South Yorkshire Police,,,No Location,,,Other theft,Investigation complete; no suspect identified,
9b1586977789e8ded94682ecaf341a78a5ebfe63cb54d99a38ca09f3d5c03dd5,2025-02,South Yorkshire Police,South Yorkshire Police,,,No Location,,,Other theft,Unable to prosecute suspect,
0fd35fec35d2e33ceb6b6fc2ab967323ac290de15b39a937a05627a53dee42ec,2025-02,South Yorkshire Police,South Yorkshire Police,,,No Location,,,Other theft,Investigation complete; no suspect identified,
7657c46218594e46f5898568e4aefd106bee2c83b569804d425b666cb16e4fed,2025-02,South Yorkshire Police,South Yorkshire Police,,,No Location,,,Other theft,Investigation complete; no suspect identified,
39393ebe8a467b05ef581f4082a71d32e294be4ed4d2b94c01c7d8517cecb8a7,2025-02,South Yorkshire Police,South Yorkshire Police,,,No Location,,,Other theft,Investigation complete; no suspect identified,
e2d2547943b888c641661e1b4c0a18d933cada2a94145bf406f0cf8de96d17ef,2025-02,South Yorkshire Police,South Yorkshire Police,,,No Location,,,Other theft,Investigation complete; no suspect identified,
a5c5493432ea8b784019c2e634dddab09cf5870f83ac9c9ac11c78ec574bf15b,2025-02,South Yorkshire Police,South Yorkshire Police,,,No Location,,,Other theft,Investigation complete; no suspect identified,
3319fafcab6c49b5da169212c0a8f088632c2bc38a66ef96b3ead429bf908114,2025-02,South Yorkshire Police,South Yorkshire Police,,,No Location,,,Other theft,Unable to prosecute suspect,
4057ff37c888fb176802b42520cc52c36c6833706d842c197011a64b6a3ccae6,2025-02,South Yorkshire Police,South Yorkshire Police,,,No Location,,,Other theft,Unable to prosecute suspect,
edec16dd3b61a039c50a352262f02b2911d8ce338656e10a1374982c18bf81ed,2025-02,South Yorkshire Police,South Yorkshire Police,,,No Location,,,Possession of weapons,Unable to prosecute suspect,
37b2b9fa0afe1c0ac83f755325a9ec097b38e5bfa1a91597d25b191b4e7fd321,2025-02,South Yorkshire Police,South Yorkshire Police,,,No Location,,,Possession of weapons,Awaiting court outcome,
93e6b52ef205ad3e1ab8ef6331dd9e9c59ef791b34c969d511ef19b2a8827482,2025-02,South Yorkshire Police,South Yorkshire Police,,,No Location,,,Possession of weapons,Unable to prosecute suspect,
0118c52f9f184d97fd541e6f5ec85d401c82835da82fe275b13ab129ff0117d3,2025-02,South Yorkshire Police,South Yorkshire Police,,,No Location,,,Possession of weapons,Investigation complete; no suspect identified,
deeb137177e956718e3235315c7ae9fd705745b52f4f7b3f3f9fe73ae1c037a5,2025-02,South Yorkshire Police,South Yorkshire Police,,,No Location,,,Possession of weapons,Awaiting court outcome,
cb51f89fb05cc6125b5f69fd255606fb18b4bd7a28ebedbfae8bb97acb6d8169,2025-02,South Yorkshire Police,South Yorkshire Police,,,No Location,,,Possession of weapons,Status update unavailable,
32b2c9d730d5fe2412c74fcdb096e2d6d28da59a8a3e2fd6c7dfa984551dee05,2025-02,South Yorkshire Police,South Yorkshire Police,,,No Location,,,Possession of weapons,Awaiting court outcome,
1d4b6836e40fb1bd5794b09e4649111108b407628bb38f39c9699ad300c0529f,2025-02,South Yorkshire Police,South Yorkshire Police,,,No Location,,,Possession of weapons,Unable to prosecute suspect,
e3a38610bef91c745232b3f72a02a67db5d5f10b47aad7fdb648914f2caa15c3,2025-02,South Yorkshire Police,South Yorkshire Police,,,No Location,,,Possession of weapons,Status update unavailable,
b4f7dc978e920d9fdf7da7ac45d303ba2bb852e8acc4469711c85ba346d075c2,2025-02,South Yorkshire Police,South Yorkshire Police,,,No Location,,,Possession of weapons,Unable to prosecute suspect,
96dbbe1a48b7829dc0cef1b5ebbeba7978d4ebf91663c63c85df8498b2d95122,2025-02,South Yorkshire Police,South Yorkshire Police,,,No Location,,,Possession of weapons,Unable to prosecute suspect,
a0b6aff6a32966c7e8a9ab3c46024a7fedb3be5ec70eebde8f8166950203baee,2025-02,South Yorkshire Police,South Yorkshire Police,,,No Location,,,Possession of weapons,Unable to prosecute suspect,
6f57c3da8dcff8fba5e88d97a242a8629df65990154e2af4830b1add5c0b57bf,2025-02,South Yorkshire Police,South Yorkshire Police,,,No Location,,,Public order,Investigation complete; no suspect identified,
9f8e088610d96a3b1051e9a1577720dab2f78e5535351b9a0dcb975632c79910,2025-02,South Yorkshire Police,South Yorkshire Police,,,No Location,,,Public order,Unable to prosecute suspect,
4b7cf3e0320da5822c206f38d01591143255798c94370993c1bafa8e421ca908,2025-02,South Yorkshire Police,South Yorkshire Police,,,No Location,,,Public order,Unable to prosecute suspect,
7fcef54903dbaa8c7144909d8cf0b3a6ec7b68b7badb0dfd4c82f1855d51a6b0,2025-02,South Yorkshire Police,South Yorkshire Police,,,No Location,,,Public order,Unable to prosecute suspect,
8c656ab2e2ffee6847ab939d5ac8960fffa9a8214d642e96caa033a50b56f952,2025-02,South Yorkshire Police,South Yorkshire Police,,,No Location,,,Public order,Investigation complete; no suspect identified,
5761e91c6cfdfd7cce7ef937961bc19b69561912308364150d158320b929eac9,2025-02,South Yorkshire Police,South Yorkshire Police,,,No Location,,,Public order,Investigation complete; no suspect identified,
5b46f4e948f8f8207a98ab11937fad9947f3df373545dc11bf7c75456e581fbc,2025-02,South Yorkshire Police,South Yorkshire Police,,,No Location,,,Public order,Investigation complete; no suspect identified,
eca7cebbc07ad63db2b30e55df4902e01ea932ff7441144141ba63ebb91c5979,2025-02,South Yorkshire Police,South Yorkshire Police,,,No Location,,,Public order,Unable to prosecute suspect,
d5f69e3ea4e9d7fdcaf192c0b03e9c1521076085d51617d1b7c97e9fa3b523ce,2025-02,South Yorkshire Police,South Yorkshire Police,,,No Location,,,Public order,Unable to prosecute suspect,
6942cb12606df5348419261e33e875aed9c6dc6c68710f3c8f0bb80852c90d27,2025-02,South Yorkshire Police,South Yorkshire Police,,,No Location,,,Public order,Investigation complete; no suspect identified,
359b539dce2f804431b52b717ebd95433c84135ccb70e93914ad37168ee509db,2025-02,South Yorkshire Police,South Yorkshire Police,,,No Location,,,Public order,Unable to prosecute suspect,
74c82ad5136505087d821ec21dc421b81a4ab17423c73c3e11716868d2ba4ca9,2025-02,South Yorkshire Police,South Yorkshire Police,,,No Location,,,Public order,Investigation complete; no suspect identified,
80960fb9958f5ca62804c6e50ff24423098a198e77eab2642860da772c94b94e,2025-02,South Yorkshire Police,South Yorkshire Police,,,No Location,,,Public order,Investigation complete; no suspect identified,
0287ed15141439ac22c4e27ac50c08a13637db8d6050af8d37bff3d546a4a519,2025-02,South Yorkshire Police,South Yorkshire Police,,,No Location,,,Public order,Unable to prosecute suspect,
1259cd66d4ae2a94e6f75a55efc721bd1727b40b2a809d90dd2108fb856e7b30,2025-02,South Yorkshire Police,South Yorkshire Police,,,No Location,,,Public order,Unable to prosecute suspect,
a98255a8b98edf6a69632038ce6e110714dc0f66e5f894a5cb4521e43675652d,2025-02,South Yorkshire Police,South Yorkshire Police,,,No Location,,,Public order,Unable to prosecute suspect,
d8f136bdd5af284ae858833a97cc7fbdb971e32bc3bd7be204e59aa773b927a1,2025-02,South Yorkshire Police,South Yorkshire Police,,,No Location,,,Public order,Unable to prosecute suspect,
6908e66bbb615895a91a1ee86a0061b08f24c250c0a5a5f388fe3e0960ed34c8,2025-02,South Yorkshire Police,South Yorkshire Police,,,No Location,,,Public order,Unable to prosecute suspect,
102d74a9f7a4b4e2811ddc46e0f857d665802bb2bcaec1ec4530c5f885f5c92e,2025-02,South Yorkshire Police,South Yorkshire Police,,,No Location,,,Public order,Unable to prosecute suspect,
d9d5f6360de385080606e1992f0136627842984e8f648a6b3f1a7b2c2db51355,2025-02,South Yorkshire Police,South Yorkshire Police,,,No Location,,,Public order,Investigation complete; no suspect identified,
e981ac22261ef0bedbe659ac6afd569c4fa4f69f6be6e9c6bce9ee4d7e7956f5,2025-02,South Yorkshire Police,South Yorkshire Police,,,No Location,,,Public order,Unable to prosecute suspect,
5fbd972835743747b13f8821803a849a5c71458ee656cfd5631b0c525fc90b79,2025-02,South Yorkshire Police,South Yorkshire Police,,,No Location,,,Public order,Investigation complete; no suspect identified,
da7bc17cbbd386229fe104dc30b819ab262d0c26c4042ef0c0ae110c425b0432,2025-02,South Yorkshire Police,South Yorkshire Police,,,No Location,,,Public order,Awaiting court outcome,
0797444c47504d53eb9198701fd1035fc1993e3545a49db0002fb4d0ee2f7252,2025-02,South Yorkshire Police,South Yorkshire Police,,,No Location,,,Public order,Unable to prosecute suspect,
984f02cb997487902bd728ed9ed83ba82dd151b89ab03420b3b5c1dd4820b4c6,2025-02,South Yorkshire Police,South Yorkshire Police,,,No Location,,,Public order,Unable to prosecute suspect,
695617e988586ee6291d21959b85288ef0976f2a1422d3a3c14c59660045ed4f,2025-02,South Yorkshire Police,South Yorkshire Police,,,No Location,,,Public order,Unable to prosecute suspect,
0bed96681c725133cfebfeacdd31157f9b8929236ca901a6979259a1a8038042,2025-02,South Yorkshire Police,South Yorkshire Police,,,No Location,,,Public order,Unable to prosecute suspect,
28fced68cf86224faa9247f03045cdab8390cb0f4c7dd7b85b67f41d302f558d,2025-02,South Yorkshire Police,South Yorkshire Police,,,No Location,,,Public order,Investigation complete; no suspect identified,
1cd2ed46d75202dcf7a3c241f43f7b0cbb45a2de028f46f67c598b013f16505c,2025-02,South Yorkshire Police,South Yorkshire Police,,,No Location,,,Public order,Unable to prosecute suspect,
3e5ccf249a3348b768b4501d415121810a96281233bf00643eba4cfd9cb63dc7,2025-02,South Yorkshire Police,South Yorkshire Police,,,No Location,,,Public order,Investigation complete; no suspect identified,
8b1076733cfa0ffeb2b8d868b56814484a237df1bafee372912b76c6c8757aaa,2025-02,South Yorkshire Police,South Yorkshire Police,,,No Location,,,Public order,Awaiting court outcome,
19a7c87d18af8c0059d1228a4512957b039d3f1aa25b0df48f6b765e7fec64f4,2025-02,South Yorkshire Police,South Yorkshire Police,,,No Location,,,Public order,Investigation complete; no suspect identified,
81900113bb2d8689a7965b974196e12185d8f0d06db1908f08a4db116145e754,2025-02,South Yorkshire Police,South Yorkshire Police,,,No Location,,,Public order,Investigation complete; no suspect identified,
c59249fa86f01e6e82c1ff79b5ede86283be09ab3828707fb0d9d09cce7a766f,2025-02,South Yorkshire Police,South Yorkshire Police,,,No Location,,,Public order,Further investigation is not in the public interest,
533c3f52c79d0e57671d247af38b6550e8a131e7ce8c8adc2c147ec3d460c778,2025-02,South Yorkshire Police,South Yorkshire Police,,,No Location,,,Public order,Awaiting court outcome,
89e03e5fbe5cd5eed7967c66165b375f6d44559ccc5e36542272d47502a9688a,2025-02,South Yorkshire Police,South Yorkshire Police,,,No Location,,,Public order,Unable to prosecute suspect,
6e0d0718dfd0161ea4486705b909d39d87df51244c641cd80aa7171503a19e5d,2025-02,South Yorkshire Police,South Yorkshire Police,,,No Location,,,Public order,Investigation complete; no suspect identified,
69b3de484ea2b2ad407ff153a75d0a358a7e7174165db2aba41321d8a8fdefd1,2025-02,South Yorkshire Police,South Yorkshire Police,,,No Location,,,Public order,Investigation complete; no suspect identified,
802cfb4ab50680a9202a7f80bce08423ffcccc89dfac9fe5f0e222a350ea9296,2025-02,South Yorkshire Police,South Yorkshire Police,,,No Location,,,Public order,Investigation complete; no suspect identified,
ec0f950d6d07dd256209a86f4306cf5959cf9242ebc98dc3d560aa56bd9cf6a4,2025-02,South Yorkshire Police,South Yorkshire Police,,,No Location,,,Public order,Unable to prosecute suspect,
4d3391a3a2a9bfa63fc0b22b0798973c60b05423a2270777dc70f42f2ef5a9b8,2025-02,South Yorkshire Police,South Yorkshire Police,,,No Location,,,Public order,Unable to prosecute suspect,
c23aa182a07c14ef48742f27e29b058f8919e390c08b698517206f11db0d7418,2025-02,South Yorkshire Police,South Yorkshire Police,,,No Location,,,Public order,Unable to prosecute suspect,
d46a71897c4545e588a344d40c1662d1f577f67041978b8c82c60afa9cc379df,2025-02,South Yorkshire Police,South Yorkshire Police,,,No Location,,,Public order,Investigation complete; no suspect identified,
1cf8529dc45637edced9a6537790b964fc55844b6d7b56cc61b24097069722b3,2025-02,South Yorkshire Police,South Yorkshire Police,,,No Location,,,Public order,Awaiting court outcome,
c608033c044f42f2d90ae09aa88fb3d20f581bda0e141cbba2292cdf7b36ee06,2025-02,South Yorkshire Police,South Yorkshire Police,,,No Location,,,Public order,Awaiting court outcome,
959e64dbd322c338d2069431db03dba0b114f91d5c760844ebbec5ec85d35161,2025-02,South Yorkshire Police,South Yorkshire Police,,,No Location,,,Public order,Unable to prosecute suspect,
eb0526148b5d459e165e5ae062be937f657eba201fa751ee5f4da951f918faa5,2025-02,South Yorkshire Police,South Yorkshire Police,,,No Location,,,Public order,Investigation complete; no suspect identified,
4784f801a589d778ac17aff82aeed4293d328d273fb9cb1fb140d93cc3e6f58b,2025-02,South Yorkshire Police,South Yorkshire Police,,,No Location,,,Public order,Investigation complete; no suspect identified,
0e08d3e3808e8d5f3b331a30522202fc2f34945a27a33bdd65f4be03309981a4,2025-02,South Yorkshire Police,South Yorkshire Police,,,No Location,,,Public order,Investigation complete; no suspect identified,
7cf728b5a112ac22fd4731092635c33d753a39217273a98dfc2a811a41530fbb,2025-02,South Yorkshire Police,South Yorkshire Police,,,No Location,,,Public order,Unable to prosecute suspect,
4ef295e85cc0ffc640f877f81990e51aa5998c05f9ea2f26b3543082ea1ac2f6,2025-02,South Yorkshire Police,South Yorkshire Police,,,No Location,,,Public order,Investigation complete; no suspect identified,
070e16514e41ac44bae7f2c20f176161da5134a09bfc39b97361132f3764f0e7,2025-02,South Yorkshire Police,South Yorkshire Police,,,No Location,,,Public order,Investigation complete; no suspect identified,
4b9b237c2b3303e0bec0aad0677578d7ada3f3bf89f70f7673d80fc1a66f2c39,2025-02,South Yorkshire Police,South Yorkshire Police,,,No Location,,,Public order,Unable to prosecute suspect,
f51e0c1a06df3ee1cec15d555930f30e6b9945636ae9c16bf4b50e2b488394c2,2025-02,South Yorkshire Police,South Yorkshire Police,,,No Location,,,Public order,Investigation complete; no suspect identified,
bb9feaff0350705f3b2acd9093caa013d51518a9e26df66c35954c804a98b91b,2025-02,South Yorkshire Police,South Yorkshire Police,,,No Location,,,Public order,Awaiting court outcome,
3b1eebab559f45ea992ad9467f841dddf6f1230d3727c6c81fd93df2d302c418,2025-02,South Yorkshire Police,South Yorkshire Police,,,No Location,,,Public order,Unable to prosecute suspect,
e4c360d3197323eb12cbe4ce37ffa4ffafea20978b76c6f451822ee907f1cac3,2025-02,South Yorkshire Police,South Yorkshire Police,,,No Location,,,Public order,Investigation complete; no suspect identified,
acfc39735a83ae5b658f328961190deef069fabeb6cb1f205d46ec28a8710e9f,2025-02,South Yorkshire Police,South Yorkshire Police,,,No Location,,,Public order,Investigation complete; no suspect identified,
e5249a644228b8685d69ef0ad602e9c6cdd35f17012d25a0505e1640f5da49a6,2025-02,South Yorkshire Police,South Yorkshire Police,,,No Location,,,Public order,Unable to prosecute suspect,
ab14a7bad8c144dea65ea1f25b630a9e0e93a2e0dbd4718878b24248962140cd,2025-02,South Yorkshire Police,South Yorkshire Police,,,No Location,,,Public order,Unable to prosecute suspect,
61975077daf4dfdd069fa762a0ddcd5423a660fd2293e2b57d40851a10128bd1,2025-02,South Yorkshire Police,South Yorkshire Police,,,No Location,,,Public order,Investigation complete; no suspect identified,
c5d04008b9a6ea2be5040ac7e05a001ae3297a3a76a492bb0ae47377c5b6e51a,2025-02,South Yorkshire Police,South Yorkshire Police,,,No Location,,,Public order,Unable to prosecute suspect,
b751602c056bdd814e45a0fe865e752e42a781fbb919cb7430370b3fea82b7f3,2025-02,South Yorkshire Police,South Yorkshire Police,,,No Location,,,Robbery,Unable to prosecute suspect,
e898b93c89b073dfa899408b5e8c2b1c1a26425f2735c1e4aa4974995fb6a32d,2025-02,South Yorkshire Police,South Yorkshire Police,,,No Location,,,Robbery,Investigation complete; no suspect identified,
7f6c36331ee3835120a0951aafb2d6106b10612cf90fbd199bcb2bd0d2dbeb75,2025-02,South Yorkshire Police,South Yorkshire Police,,,No Location,,,Robbery,Status update unavailable,
31f50cbc357979453369cf51903d20557766ee9ad0d87335a9c2c57d00e3bd13,2025-02,South Yorkshire Police,South Yorkshire Police,,,No Location,,,Robbery,Status update unavailable,
c232155dd8974f499017c5c6a1e12c7b4f29bd4bad68b02613f23ad224319fdc,2025-02,South Yorkshire Police,South Yorkshire Police,,,No Location,,,Robbery,Investigation complete; no suspect identified,
bc276bdce14cfc5893f38afad1ce45415294357c023e23e7e3acafee0590c3f5,2025-02,South Yorkshire Police,South Yorkshire Police,,,No Location,,,Robbery,Investigation complete; no suspect identified,
bdb057f9967678535d41ee8eb93fa05253a2d9aa04e35a36e007ee9096fbf11e,2025-02,South Yorkshire Police,South Yorkshire Police,,,No Location,,,Robbery,Status update unavailable,
e2a3fcf484f095367d8b31545d8dee5f6ef218f4fbd50d9ddb8817fd97b293c4,2025-02,South Yorkshire Police,South Yorkshire Police,,,No Location,,,Robbery,Investigation complete; no suspect identified,
55b6b87fd68f8a1768f6e9129119f9a918eee8d2823979e3e3b4644393d70e13,2025-02,South Yorkshire Police,South Yorkshire Police,,,No Location,,,Robbery,Awaiting court outcome,
0804ef689032c043a8547fd417cdb9c490a948fb5550eeaf711f637cd9632c1d,2025-02,South Yorkshire Police,South Yorkshire Police,,,No Location,,,Robbery,Investigation complete; no suspect identified,
90dc9756f259c4b91aaab34af93ff02fb26e060fcb042e29a2f57994da148f50,2025-02,South Yorkshire Police,South Yorkshire Police,,,No Location,,,Robbery,Unable to prosecute suspect,
7881d9a4e5660b366289f3ab60708a0e9a20bb71503c7090fdec8f6b898b27cc,2025-02,South Yorkshire Police,South Yorkshire Police,,,No Location,,,Robbery,Unable to prosecute suspect,
cf13b9482567bb5c69eed2dd2fbde3e26810b27fb962eb2941793d2b6cbf2c56,2025-02,South Yorkshire Police,South Yorkshire Police,,,No Location,,,Robbery,Status update unavailable,
45caa893c9446a7fcc94c2e23cb088f57eea9ff68364238e65dfad9a27dac7f5,2025-02,South Yorkshire Police,South Yorkshire Police,,,No Location,,,Robbery,Investigation complete; no suspect identified,
e602ec2d2af11bf1beeaedeafd19389894dc96fe62304ecc5aaf04b33f10b71b,2025-02,South Yorkshire Police,South Yorkshire Police,,,No Location,,,Robbery,Local resolution,
38cfdee488b53cf9d89171766f5b8c8551303fba3a0ad814b08278a17b7dea57,2025-02,South Yorkshire Police,South Yorkshire Police,,,No Location,,,Robbery,Investigation complete; no suspect identified,
eb205c22e8c97c702925cbb751f37e693fd03b0b6303f91770dab0c5e66b27ee,2025-02,South Yorkshire Police,South Yorkshire Police,,,No Location,,,Robbery,Unable to prosecute suspect,
ce0cf0f1e1b229ab73095540fef3a6ebdc24ffd8ea16084aa49846dd9b640a69,2025-02,South Yorkshire Police,South Yorkshire Police,,,No Location,,,Robbery,Investigation complete; no suspect identified,
a081cc7474f11f685b8d322d74ad4cb6b27dc49b978f096e8a55a735ed1b81ad,2025-02,South Yorkshire Police,South Yorkshire Police,,,No Location,,,Robbery,Status update unavailable,
1f275ad8d8848cff75f59fcf7272ebe5bace87ccaff2868bd9085e9c18b2c0e3,2025-02,South Yorkshire Police,South Yorkshire Police,,,No Location,,,Robbery,Awaiting court outcome,
a6372edb90fb4788841b2ea08466501a1820fccfeb5a22380a4d3dbe97b861fb,2025-02,South Yorkshire Police,South Yorkshire Police,,,No Location,,,Shoplifting,Local resolution,
512779268f5d8f4300e370b7db89959a261553f9b013ebbfe64343822e331646,2025-02,South Yorkshire Police,South Yorkshire Police,,,No Location,,,Shoplifting,Awaiting court outcome,
befeee65370fd524c84f6c861de7ab4ba54d1b5c02dcd5b33cf08386e106fd03,2025-02,South Yorkshire Police,South Yorkshire Police,,,No Location,,,Shoplifting,Unable to prosecute suspect,
e24ed47297b52aab834736e7a70e19c3305052ecd6a88d42ec99d587c000b27e,2025-02,South Yorkshire Police,South Yorkshire Police,,,No Location,,,Shoplifting,Investigation complete; no suspect identified,
a78f0c5707be6d8b0fdc35578470b98fe8c4c73df420805d8e8525527f4259ad,2025-02,South Yorkshire Police,South Yorkshire Police,,,No Location,,,Shoplifting,Awaiting court outcome,
e653b7a5cfc3d7a5db38a2ba44a915050dfcf132c0b20210da02a72ed44de722,2025-02,South Yorkshire Police,South Yorkshire Police,,,No Location,,,Shoplifting,Unable to prosecute suspect,
dfa79b3000720369587cdae4ca18b385db7530690a5666a1002aaddd8631f3c1,2025-02,South Yorkshire Police,South Yorkshire Police,,,No Location,,,Shoplifting,Investigation complete; no suspect identified,
18e45ffd380056019640c32835569ec473c0146c416f35cf361f4bb51714df32,2025-02,South Yorkshire Police,South Yorkshire Police,,,No Location,,,Shoplifting,Investigation complete; no suspect identified,
583f53f3a1bb72d005f3eea18157f42f4363b0686378c43d03f6c4c33bbf2262,2025-02,South Yorkshire Police,South Yorkshire Police,,,No Location,,,Shoplifting,Investigation complete; no suspect identified,
747fd894121e87dad6044cebd08d7cb11ab0b1c6d0f2dc527323f8f59317de73,2025-02,South Yorkshire Police,South Yorkshire Police,,,No Location,,,Shoplifting,Investigation complete; no suspect identified,
ce38fe9c688b91a93877844645530d33474a88bfce0e15ebd6d106d566c46bc4,2025-02,South Yorkshire Police,South Yorkshire Police,,,No Location,,,Shoplifting,Local resolution,
f02caf5f20a268499f709b5eb3757d7c19039ce7d5a2b656a951a1ea163ba4e4,2025-02,South Yorkshire Police,South Yorkshire Police,,,No Location,,,Shoplifting,Unable to prosecute suspect,
cfe0aa0019090da9dc9193bccd0fd4c0e4c9899695a19993067a9bcf8d98a3b5,2025-02,South Yorkshire Police,South Yorkshire Police,,,No Location,,,Shoplifting,Investigation complete; no suspect identified,
9cf8b099d42043056ac7e54cf416f8113d2255bf647273667928b19dd438c69a,2025-02,South Yorkshire Police,South Yorkshire Police,,,No Location,,,Shoplifting,Awaiting court outcome,
69eb4baa3c1d0b471b60caa8df4884dbea758c34fd0a232d6f1bade4345ed5f1,2025-02,South Yorkshire Police,South Yorkshire Police,,,No Location,,,Shoplifting,Awaiting court outcome,
92f1b2cb958ff1c8f3dc96b7cc6e1f5a0cb9a3a556ea1d6fbdc643e1be975fb9,2025-02,South Yorkshire Police,South Yorkshire Police,,,No Location,,,Shoplifting,Investigation complete; no suspect identified,
55d61f2aadb24a27e675e3d233a3db845eeffa720ba79847834e842efc7615e3,2025-02,South Yorkshire Police,South Yorkshire Police,,,No Location,,,Shoplifting,Awaiting court outcome,
771cd4769780723137dc27c6e9fdd77d1f0a5f7a6c3b23ccbc6adc0f88e07594,2025-02,South Yorkshire Police,South Yorkshire Police,,,No Location,,,Shoplifting,Awaiting court outcome,
a16816d04d6733bb386dc3d3dbb3b3229951271b76f994b114fa21da141f8616,2025-02,South Yorkshire Police,South Yorkshire Police,,,No Location,,,Shoplifting,Unable to prosecute suspect,
ea2dac3bd9478bbcafe7ac0d9671d064cc42ecc93f957a93ba7a6d299c92dbc6,2025-02,South Yorkshire Police,South Yorkshire Police,,,No Location,,,Shoplifting,Investigation complete; no suspect identified,
af9dc71f6d9be60f31586854ce91d76e27600ae3f716eb3914af865565ebf4cc,2025-02,South Yorkshire Police,South Yorkshire Police,,,No Location,,,Shoplifting,Awaiting court outcome,
953bbe7c85fa84649a9cc9ed77c0ff852f7f93e78a7586e3d1b25d61a6d3af42,2025-02,South Yorkshire Police,South Yorkshire Police,,,No Location,,,Shoplifting,Investigation complete; no suspect identified,
81e6746c196844052b134f78fdc68837d829f5843c0d6e504eb5f1c3af04b22e,2025-02,South Yorkshire Police,South Yorkshire Police,,,No Location,,,Shoplifting,Awaiting court outcome,
1f9ed1f4d427b002287b0c790ecfd521364ac7b75ce2b4d4b3b950dc763a71b6,2025-02,South Yorkshire Police,South Yorkshire Police,,,No Location,,,Shoplifting,Investigation complete; no suspect identified,
be6de46fc9c67f72f97fe306ebea7deeabfcd80ab5e57096098c40d53b3043de,2025-02,South Yorkshire Police,South Yorkshire Police,,,No Location,,,Shoplifting,Investigation complete; no suspect identified,
b9ded8ab0fb31015f4b8cbb9cf64e873fa3be46df342855efb2e56fc4049b697,2025-02,South Yorkshire Police,South Yorkshire Police,,,No Location,,,Shoplifting,Investigation complete; no suspect identified,
c6e8b0995405c868bab68657663fc4891100b85bbfc5d0dd1599e1ba60d4ab6e,2025-02,South Yorkshire Police,South Yorkshire Police,,,No Location,,,Shoplifting,Awaiting court outcome,
b22c97e3b08d3bbf7e3fc93267bdef9d4a9b4ac3d56dc35e89153527c96ed92f,2025-02,South Yorkshire Police,South Yorkshire Police,,,No Location,,,Shoplifting,Investigation complete; no suspect identified,
de9d15860f34152538543265cae58dc738434d0b106d7f166e0f9c9b86deb5a9,2025-02,South Yorkshire Police,South Yorkshire Police,,,No Location,,,Shoplifting,Investigation complete; no suspect identified,
e9286bdc9a0612b97b5722a5e9b9489d1971fbdf40ebdd4f3bdfcf7c58ba71db,2025-02,South Yorkshire Police,South Yorkshire Police,,,No Location,,,Shoplifting,Local resolution,
82b4a0df3c1c0f7a747f569150744b09b6c3f60331393c5b6388b2fbcb26a1b3,2025-02,South Yorkshire Police,South Yorkshire Police,,,No Location,,,Shoplifting,Awaiting court outcome,
b60967ee39a6f1dc8b9a46fdd3cbca52155e220b9a2cf88990df95bfeba08889,2025-02,South Yorkshire Police,South Yorkshire Police,,,No Location,,,Shoplifting,Awaiting court outcome,
cab56b7f1c406d20d995b9a407f1f1d64ea7893acf4554e2034ce4a882dfa3f8,2025-02,South Yorkshire Police,South Yorkshire Police,,,No Location,,,Shoplifting,Investigation complete; no suspect identified,
c3079577b05f6123bbfa494e9933135a18b3cef4662e1a9fe78027876349a7f0,2025-02,South Yorkshire Police,South Yorkshire Police,,,No Location,,,Shoplifting,Investigation complete; no suspect identified,
305f0ef0b8ab7f9739d5b331dc2e84c6f9a5641efffd430992084672a6d58d1a,2025-02,South Yorkshire Police,South Yorkshire Police,,,No Location,,,Shoplifting,Awaiting court outcome,
b52828b0e0d512dbda3791a58410e030cf1c86bd4a431d2372e85503b8412620,2025-02,South Yorkshire Police,South Yorkshire Police,,,No Location,,,Shoplifting,Local resolution,
19025695ca378cdebb1904ddf42fac1e47d757aea1b614205a23dd346e269982,2025-02,South Yorkshire Police,South Yorkshire Police,,,No Location,,,Shoplifting,Investigation complete; no suspect identified,
8d4ccec058aba2e5452a02a0ebfad7bf9454909902046c224a164787852bd589,2025-02,South Yorkshire Police,South Yorkshire Police,,,No Location,,,Shoplifting,Awaiting court outcome,
5ac4e19c3de4da9350a20885a911aa05f0f87c9151c018daa5d939c18bb86c35,2025-02,South Yorkshire Police,South Yorkshire Police,,,No Location,,,Shoplifting,Awaiting court outcome,
ac1b3d59c0788a08eca870dc4e32cea8a2ee6ad2a25dd388cc5616c8b5b2d6a7,2025-02,South Yorkshire Police,South Yorkshire Police,,,No Location,,,Shoplifting,Awaiting court outcome,
f293fa43cc4fd645fa42cefde0db22f0bea775304b01604933aa10af70a1c57c,2025-02,South Yorkshire Police,South Yorkshire Police,,,No Location,,,Theft from the person,Investigation complete; no suspect identified,
f3e0ec0d9727d9e6ec38626ea0df9af5a0ccc5d70eb99ff5af2a8677a848e17d,2025-02,South Yorkshire Police,South Yorkshire Police,,,No Location,,,Theft from the person,Investigation complete; no suspect identified,
b27c21ede136de4e1aa4dce3aef22816beea88070fe407753ead5f768b12f200,2025-02,South Yorkshire Police,South Yorkshire Police,,,No Location,,,Theft from the person,Investigation complete; no suspect identified,
3aa01c86f8ecdb57c28b8511df8e9ed9a5230b2a9d91cfcb62c190086d10b669,2025-02,South Yorkshire Police,South Yorkshire Police,,,No Location,,,Vehicle crime,Investigation complete; no suspect identified,
4201661102c96600413d7969c614545b31ff68d7941928ae1b92bca7a0498175,2025-02,South Yorkshire Police,South Yorkshire Police,,,No Location,,,Vehicle crime,Investigation complete; no suspect identified,
5cbcb43670a17287c51e7edf4500d032f35ea5947457fd7e6a420e5680b906ec,2025-02,South Yorkshire Police,South Yorkshire Police,,,No Location,,,Vehicle crime,Investigation complete; no suspect identified,
851c3580cbaa982b702b1f62d637423484493550e43179704e7e2f0c622da43c,2025-02,South Yorkshire Police,South Yorkshire Police,,,No Location,,,Vehicle crime,Investigation complete; no suspect identified,
8a910e5978e090ce5300efa9393c460890aa0f4de802b2dcebfb087edf6d49ea,2025-02,South Yorkshire Police,South Yorkshire Police,,,No Location,,,Vehicle crime,Investigation complete; no suspect identified,
5a37b664fd8125974808ad772fa168f933e722c5a8f4f6fd93464a89c25e5d9e,2025-02,South Yorkshire Police,South Yorkshire Police,,,No Location,,,Vehicle crime,Investigation complete; no suspect identified,
d8e5a460e5783414b99736cf098bbbba6cd9f890aef50755bdfe8c4a75bd7d29,2025-02,South Yorkshire Police,South Yorkshire Police,,,No Location,,,Vehicle crime,Investigation complete; no suspect identified,
0c7f837d2377f449c747e2f5ad514483a1d2767f7118fb29ede8dfec3ec7feb8,2025-02,South Yorkshire Police,South Yorkshire Police,,,No Location,,,Vehicle crime,Investigation complete; no suspect identified,
62193a9cbd57292bc27058378be927007409fa8d11693477a575aa10dc2cbbc6,2025-02,South Yorkshire Police,South Yorkshire Police,,,No Location,,,Vehicle crime,Unable to prosecute suspect,
645c433901dfd2aa4a7927828c0f6bc46a6262a27251a3fdc030654f84cccd33,2025-02,South Yorkshire Police,South Yorkshire Police,,,No Location,,,Vehicle crime,Investigation complete; no suspect identified,
f906cdb4e9261a2cb8b25e33ac2db76aabb01fecd26a8398ad69d34b194b5633,2025-02,South Yorkshire Police,South Yorkshire Police,,,No Location,,,Vehicle crime,Investigation complete; no suspect identified,
329d432a2641f2f029e91bfca5b0c348ce97f128a061f5c7471fefe90532608c,2025-02,South Yorkshire Police,South Yorkshire Police,,,No Location,,,Vehicle crime,Investigation complete; no suspect identified,
1c288961a3fb59552290660ae406ac6be9a7dbba0d7ef6e47cb2e993b39a9777,2025-02,South Yorkshire Police,South Yorkshire Police,,,No Location,,,Vehicle crime,Unable to prosecute suspect,
9ed615f4dbb3079aa61437f1a75b9b8ab5f9f1e9bfa3b6dc6cfbe8f41c2eaaec,2025-02,South Yorkshire Police,South Yorkshire Police,,,No Location,,,Vehicle crime,Investigation complete; no suspect identified,
ee897880e5940428a3231a93958880314dbdaa764be5c0a8ba800487b8c2cbd6,2025-02,South Yorkshire Police,South Yorkshire Police,,,No Location,,,Vehicle crime,Investigation complete; no suspect identified,
c80ab44d0e1d04d89c1d5da1c4358370f37d1ae796ad2748f4e3875f8c0a8b89,2025-02,South Yorkshire Police,South Yorkshire Police,,,No Location,,,Vehicle crime,Investigation complete; no suspect identified,
26ebb6c3860780dd1d567456f895764a130105ffdddbf5c5e46b23428c5baf0d,2025-02,South Yorkshire Police,South Yorkshire Police,,,No Location,,,Vehicle crime,Unable to prosecute suspect,
6d5b7683331f6a91ecd9a0393eb77295addfe8750fcf62f5fcf410b3ac2b3d99,2025-02,South Yorkshire Police,South Yorkshire Police,,,No Location,,,Vehicle crime,Investigation complete; no suspect identified,
00c2b36652032ad7a8ae442abccb149481946be1409cd120cfa8bd562639da73,2025-02,South Yorkshire Police,South Yorkshire Police,,,No Location,,,Vehicle crime,Investigation complete; no suspect identified,
e01480848141fbe105670864ff88c925a6c58f1b1ce2dbccbc485a3c2f7edc6e,2025-02,South Yorkshire Police,South Yorkshire Police,,,No Location,,,Vehicle crime,Unable to prosecute suspect,
70f927277e62d95b031d07b646d2e418c5a7e74725e5891cf3c7413691791901,2025-02,South Yorkshire Police,South Yorkshire Police,,,No Location,,,Vehicle crime,Investigation complete; no suspect identified,
595b3d44a46b15f7d1d6c5194fba097c151ca01947e02f082f0d6ed41478445e,2025-02,South Yorkshire Police,South Yorkshire Police,,,No Location,,,Vehicle crime,Unable to prosecute suspect,
618ac33323ea6ed41a37f365dda727f95ec3ef3cd4ebf1cd2d82bb73b9bc1452,2025-02,South Yorkshire Police,South Yorkshire Police,,,No Location,,,Vehicle crime,Investigation complete; no suspect identified,
8409557556710d26c88019a83ca5456ce06f42b9eb565fff3905c42816cc498b,2025-02,South Yorkshire Police,South Yorkshire Police,,,No Location,,,Vehicle crime,Investigation complete; no suspect identified,
3560ab724c6c0da067ea4367354a592aa16e54e0190d67661dab028d94092916,2025-02,South Yorkshire Police,South Yorkshire Police,,,No Location,,,Vehicle crime,Investigation complete; no suspect identified,
4cf36a0b7efa7ec4a8378fdeb02f3945149d7d765557bfe85ca0d8755773ee99,2025-02,South Yorkshire Police,South Yorkshire Police,,,No Location,,,Vehicle crime,Awaiting court outcome,
3ae99479bd6bee5ee22813f5c660b4ac2ac86dd550eef980e87fc1ef525f2223,2025-02,South Yorkshire Police,South Yorkshire Police,,,No Location,,,Vehicle crime,Investigation complete; no suspect identified,
745653b1fc3b972e4938e339b07c231003c2fddcceacf201b9567417ff4e673e,2025-02,South Yorkshire Police,South Yorkshire Police,,,No Location,,,Vehicle crime,Investigation complete; no suspect identified,
893189c6b4ad700c653177301947a812cc223b5859d6cccb4c0827b7386d7424,2025-02,South Yorkshire Police,South Yorkshire Police,,,No Location,,,Vehicle crime,Investigation complete; no suspect identified,
b60ae178d2b271701b6a21d9364e5696a814b6c49fad3a34b5bb81ae2e7ff07b,2025-02,South Yorkshire Police,South Yorkshire Police,,,No Location,,,Vehicle crime,Investigation complete; no suspect identified,
a24aae1bf716ef5a6f5767563d94bd7ee353261739598fcd984244dedf28d3b2,2025-02,South Yorkshire Police,South Yorkshire Police,,,No Location,,,Vehicle crime,Investigation complete; no suspect identified,
48e76cb18a6008b8f5d2217f8d3cbfe20dc978e1dabda12f858e334b7bf578a3,2025-02,South Yorkshire Police,South Yorkshire Police,,,No Location,,,Vehicle crime,Investigation complete; no suspect identified,
02f17912057ee5a051e7f6b76112931a2794275fa1f784b41b2eaf001ae13fab,2025-02,South Yorkshire Police,South Yorkshire Police,,,No Location,,,Vehicle crime,Investigation complete; no suspect identified,
6e5d70f5a51cb485989d30f5ef98417c4d24fc9123f62562de989c64ee8a1d28,2025-02,South Yorkshire Police,South Yorkshire Police,,,No Location,,,Vehicle crime,Investigation complete; no suspect identified,
7387e2a25e221291d72a6661bea60a9cd27cc33c79f677328e8fd398b612cd76,2025-02,South Yorkshire Police,South Yorkshire Police,,,No Location,,,Vehicle crime,Investigation complete; no suspect identified,
3a74928dded5e1c20a5c188c9dc24e91020f830171ecc0023eca374941b02f57,2025-02,South Yorkshire Police,South Yorkshire Police,,,No Location,,,Vehicle crime,Investigation complete; no suspect identified,
92a0a8fb07fa4f7655911c3bf441bb1ac8e971cd956f7c06129d6b321fcf05bb,2025-02,South Yorkshire Police,South Yorkshire Police,,,No Location,,,Vehicle crime,Investigation complete; no suspect identified,
8f1d29868f79c7e77560f815c10b78f2fd559e4597464fe362690fdd6d6a5832,2025-02,South Yorkshire Police,South Yorkshire Police,,,No Location,,,Vehicle crime,Investigation complete; no suspect identified,
2d4db86a5c22b5cf470fa08986aa84f4522e5de8ef673b7ae525d2fe2116d703,2025-02,South Yorkshire Police,South Yorkshire Police,,,No Location,,,Vehicle crime,Investigation complete; no suspect identified,
6dc09a97c6416d16d2b29f085bf2ad386a9e4623b68248d81ef6e71817dfbb2e,2025-02,South Yorkshire Police,South Yorkshire Police,,,No Location,,,Violence and sexual offences,Unable to prosecute suspect,
3a009044ebe09f2cab989f6646b0fb8f6cd077fed6174192ca495382ec6d3c50,2025-02,South Yorkshire Police,South Yorkshire Police,,,No Location,,,Violence and sexual offences,Unable to prosecute suspect,
024d9868415bd4d3ef3b109afd91e87477386beb5d7e188add996930820083ce,2025-02,South Yorkshire Police,South Yorkshire Police,,,No Location,,,Violence and sexual offences,Unable to prosecute suspect,
dc49c3a5664b1d769744a0d6b474dfe08917d44158cdc095b53135c803128456,2025-02,South Yorkshire Police,South Yorkshire Police,,,No Location,,,Violence and sexual offences,Investigation complete; no suspect identified,
2e34638fd851c8537096016726af350469018a9f08b440a6acb8ce5cadddb3d1,2025-02,South Yorkshire Police,South Yorkshire Police,,,No Location,,,Violence and sexual offences,Unable to prosecute suspect,
4a03fe290cf1264e02f2071632431db8bc6acfe0bd5d24b3784072d7b4e564ec,2025-02,South Yorkshire Police,South Yorkshire Police,,,No Location,,,Violence and sexual offences,Unable to prosecute suspect,
65631f8621554583524885580a6520bd7b7474f631df74d2e440c69a254f511a,2025-02,South Yorkshire Police,South Yorkshire Police,,,No Location,,,Violence and sexual offences,Unable to prosecute suspect,
28e34d7b5e182e3a6cb132938cb771f181eb35b4fd9cb999f59b5946dfd3b48c,2025-02,South Yorkshire Police,South Yorkshire Police,,,No Location,,,Violence and sexual offences,Further action is not in the public interest,
d6287e6d4f1491adc4dd6e95f08fb6aa3e11f4d4522dd93421868faa66df93ac,2025-02,South Yorkshire Police,South Yorkshire Police,,,No Location,,,Violence and sexual offences,Investigation complete; no suspect identified,
8d637cfc4c738e101107c75284a860e40b7a6e13f50fd86d623006f78de7d5fc,2025-02,South Yorkshire Police,South Yorkshire Police,,,No Location,,,Violence and sexual offences,Local resolution,
7da3c12f7dd790f3f567ebaefae5e0f957b5e803df8b70823d4069e006583613,2025-02,South Yorkshire Police,South Yorkshire Police,,,No Location,,,Violence and sexual offences,Unable to prosecute suspect,
6dda823b08176ec4af2b130c2f90e9d5e7fe49dab967d362798aa0dff2b04126,2025-02,South Yorkshire Police,South Yorkshire Police,,,No Location,,,Violence and sexual offences,Unable to prosecute suspect,
4d1fa4c5ff2b3ee938481556c4f891f35ea62a9580b0bbe2e76c6e8712f8669d,2025-02,South Yorkshire Police,South Yorkshire Police,,,No Location,,,Violence and sexual offences,Unable to prosecute suspect,
def266872b0e7075848fc22b5f16ce002f04931ec5181d14a6a197bea2bc1d12,2025-02,South Yorkshire Police,South Yorkshire Police,,,No Location,,,Violence and sexual offences,Unable to prosecute suspect,
8c728f4e7724533e00341d9210d5c0107d413ef0dc54c0073a096aab76d3765d,2025-02,South Yorkshire Police,South Yorkshire Police,,,No Location,,,Violence and sexual offences,Unable to prosecute suspect,
214ca9b0c8517b8c12050b9d2c638742b893795a55499e51d0e624cbbdd30b3a,2025-02,South Yorkshire Police,South Yorkshire Police,,,No Location,,,Violence and sexual offences,Status update unavailable,
38f263f65bb3a468a9b315f4c0c43e9566814f0d56dc9f841e40c196a302fa15,2025-02,South Yorkshire Police,South Yorkshire Police,,,No Location,,,Violence and sexual offences,Unable to prosecute suspect,
ff50e2c899ae6898752eb64115a2a9e92c0592287d58d9f834b63db34ff3dfb1,2025-02,South Yorkshire Police,South Yorkshire Police,,,No Location,,,Violence and sexual offences,Unable to prosecute suspect,
3add7c631c096801d189021e41a2fceae30a808d0384b8c6efa48b968de89bf2,2025-02,South Yorkshire Police,South Yorkshire Police,,,No Location,,,Violence and sexual offences,Unable to prosecute suspect,
9b471d581c2e8d6189528eb0fe968bac4243977f1530c7a74d6b58de411d204d,2025-02,South Yorkshire Police,South Yorkshire Police,,,No Location,,,Violence and sexual offences,Unable to prosecute suspect,
63eda445d8d2e6750932ef6afa6bcb14ff91ebb4c90147602e62f918882ad57a,2025-02,South Yorkshire Police,South Yorkshire Police,,,No Location,,,Violence and sexual offences,Investigation complete; no suspect identified,
e43b286455e11807625b74542132c323aa02d115ca5363bed7e1a2ada4ef2589,2025-02,South Yorkshire Police,South Yorkshire Police,,,No Location,,,Violence and sexual offences,Unable to prosecute suspect,
15d0bf56c1f96b1f32514f8057fa763d74fb6958a9b769707f8b6060a863b91a,2025-02,South Yorkshire Police,South Yorkshire Police,,,No Location,,,Violence and sexual offences,Unable to prosecute suspect,
ab7a17407f130df364184ed6d1a1211d3f2ebcaa9bc638d8d138d8ed5d642161,2025-02,South Yorkshire Police,South Yorkshire Police,,,No Location,,,Violence and sexual offences,Unable to prosecute suspect,
a61161b498dc820299e765c4b0ae33f6f1745f54fa0407580462bd9b9a1e66d5,2025-02,South Yorkshire Police,South Yorkshire Police,,,No Location,,,Violence and sexual offences,Local resolution,
a6e290205750ab9b5e18f672e95dd921458ef4d5e7bad84d02cb5333a2347262,2025-02,South Yorkshire Police,South Yorkshire Police,,,No Location,,,Violence and sexual offences,Investigation complete; no suspect identified,
af8d313614b7248229366aa3ec3a5f69b4be370144b8eb05d29e8c4b42469344,2025-02,South Yorkshire Police,South Yorkshire Police,,,No Location,,,Violence and sexual offences,Unable to prosecute suspect,
85e168253071c45badb3450a6a623094725853ae9dc0ee69e2572507f38f058b,2025-02,South Yorkshire Police,South Yorkshire Police,,,No Location,,,Violence and sexual offences,Unable to prosecute suspect,
c0451a2acd65caa39c98eca74a61b8a3411c630c0657b3a4f3f7de7e47fddb30,2025-02,South Yorkshire Police,South Yorkshire Police,,,No Location,,,Violence and sexual offences,Unable to prosecute suspect,
d60b9b173ca62e37f1c0b74c9929a057d64abf6710b710cfea99bfff971f293c,2025-02,South Yorkshire Police,South Yorkshire Police,,,No Location,,,Violence and sexual offences,Unable to prosecute suspect,
dd7da9abf98ac228310fdadda1addfab8a3a323fe0b90518b548486125d15fbd,2025-02,South Yorkshire Police,South Yorkshire Police,,,No Location,,,Violence and sexual offences,Investigation complete; no suspect identified,
3b36254e299a3d93f7f523bc75228a6bc394d6240226207e45507803db15a7ae,2025-02,South Yorkshire Police,South Yorkshire Police,,,No Location,,,Violence and sexual offences,Unable to prosecute suspect,
85e9c6f2091b1e6bd7befc0cd59e4023550a22717a63183fbea38cb14aea2109,2025-02,South Yorkshire Police,South Yorkshire Police,,,No Location,,,Violence and sexual offences,Investigation complete; no suspect identified,
27551c62e7c7553a23dc5037e79f610278aa5ef4418b37755a67b626094e1d23,2025-02,South Yorkshire Police,South Yorkshire Police,,,No Location,,,Violence and sexual offences,Unable to prosecute suspect,
c557f10ffc2971dff0a8ba0c6ecc09620e0971aacaa62db61b6a5a493b36b352,2025-02,South Yorkshire Police,South Yorkshire Police,,,No Location,,,Violence and sexual offences,Awaiting court outcome,
da9934602755ccb337b584970767a64a46e34bf6a8273b17e8d662def7979e03,2025-02,South Yorkshire Police,South Yorkshire Police,,,No Location,,,Violence and sexual offences,Investigation complete; no suspect identified,
4122f880a694dde1978e34b5e675334a38ad815cc0600df842a66451b12e39c2,2025-02,South Yorkshire Police,South Yorkshire Police,,,No Location,,,Violence and sexual offences,Unable to prosecute suspect,
578148292931f47dfff53a1e199827e9de26102b25aa7ccbdffaf36dcfa0d2ad,2025-02,South Yorkshire Police,South Yorkshire Police,,,No Location,,,Violence and sexual offences,Investigation complete; no suspect identified,
5f53d9426d2821b01392535ef679e0ca65fa86c62a9b43e41ee204ea3715fad8,2025-02,South Yorkshire Police,South Yorkshire Police,,,No Location,,,Violence and sexual offences,Unable to prosecute suspect,
c0652863b204b4e4b173e8ec362bca8cfb463913a00761ea527713b0208d71c6,2025-02,South Yorkshire Police,South Yorkshire Police,,,No Location,,,Violence and sexual offences,Unable to prosecute suspect,
ab2391d4e070943e62dcd26cfe309a93f81777663dc74488742f040d5ed85c34,2025-02,South Yorkshire Police,South Yorkshire Police,,,No Location,,,Violence and sexual offences,Unable to prosecute suspect,
1d563260fa1e3c9529566ce8fb7f8278f33e9009888dbe03067c7a25bd065b3b,2025-02,South Yorkshire Police,South Yorkshire Police,,,No Location,,,Violence and sexual offences,Unable to prosecute suspect,
380d2259382719a0536473899d18d5d6ad274897b4f57c6d0e5d8fa9eadff120,2025-02,South Yorkshire Police,South Yorkshire Police,,,No Location,,,Violence and sexual offences,Unable to prosecute suspect,
da93420f6786e40834ecb71395a763f350459ac33fbc59e81d504d6abcfac623,2025-02,South Yorkshire Police,South Yorkshire Police,,,No Location,,,Violence and sexual offences,Unable to prosecute suspect,
2d607c65291caaec388518a3572bfa1e19eb8c65e300566b463af6ea1ad8faa3,2025-02,South Yorkshire Police,South Yorkshire Police,,,No Location,,,Violence and sexual offences,Local resolution,
d9a2666c9c8a2ede120ddb07cdaadb9edadf859a55632a6d2bc9d759176dba87,2025-02,South Yorkshire Police,South Yorkshire Police,,,No Location,,,Violence and sexual offences,Unable to prosecute suspect,
33c970c537815a9599022dc95c2ad01e1da06bf6158065d92dd8e1848638b258,2025-02,South Yorkshire Police,South Yorkshire Police,,,No Location,,,Violence and sexual offences,Status update unavailable,
3566f39a9004ebc506a4c8a3d11eb4367a20d57083f6cdb911a9c43bdead8dd2,2025-02,South Yorkshire Police,South Yorkshire Police,,,No Location,,,Violence and sexual offences,Awaiting court outcome,
38fe9ea10a10b4e2da9d8f32b7afa3b0c302b1f82af07ab3cbef10ad8968788e,2025-02,South Yorkshire Police,South Yorkshire Police,,,No Location,,,Violence and sexual offences,Investigation complete; no suspect identified,
60147ef981a85d4895bd05f6d6ca0bea7e08178f27a1bea4dd88f3bca24b4258,2025-02,South Yorkshire Police,South Yorkshire Police,,,No Location,,,Violence and sexual offences,Unable to prosecute suspect,
5ff81e858d4fa016a09d41b10fc0c203d3f8e7fc38148a4103443eb973fed363,2025-02,South Yorkshire Police,South Yorkshire Police,,,No Location,,,Violence and sexual offences,Unable to prosecute suspect,
a5ddbda6b09dbd87385e6ae91cd2cb2ca840416c74bf876a6a3501f2f4cbfefd,2025-02,South Yorkshire Police,South Yorkshire Police,,,No Location,,,Violence and sexual offences,Unable to prosecute suspect,
1363f1517d4207e4b0ab701c93928ac2d355e82e6288db8ff1306ba71863a21e,2025-02,South Yorkshire Police,South Yorkshire Police,,,No Location,,,Violence and sexual offences,Unable to prosecute suspect,
a9033e67d8e75b79a3eb5460330ef1c65e95c72e49f3875b5a4ce7f68cd8699e,2025-02,South Yorkshire Police,South Yorkshire Police,,,No Location,,,Violence and sexual offences,Unable to prosecute suspect,
ffc5129ee914da8657201db85d20866ec0f1a497fc8d1e52c92c05530b823982,2025-02,South Yorkshire Police,South Yorkshire Police,,,No Location,,,Violence and sexual offences,Unable to prosecute suspect,
8b3fbfd8fffebcbcee66b6d9e41cb74c8ec27fd8dc60c687312edfe7d3843f32,2025-02,South Yorkshire Police,South Yorkshire Police,,,No Location,,,Violence and sexual offences,Status update unavailable,
d6f182dd44a337af14f4aed5fe0587dd25fb5eb5270ba7cfc8ae87850a85ae3a,2025-02,South Yorkshire Police,South Yorkshire Police,,,No Location,,,Violence and sexual offences,Investigation complete; no suspect identified,
1eba1af90a62ac3e858a1f476f6161adbaba9f06809d7dced535220161889035,2025-02,South Yorkshire Police,South Yorkshire Police,,,No Location,,,Violence and sexual offences,Investigation complete; no suspect identified,
a6a88ddf80baf5540cf95b7304a3af44b03d02ba016aa67d21f7f273a71a0b62,2025-02,South Yorkshire Police,South Yorkshire Police,,,No Location,,,Violence and sexual offences,Unable to prosecute suspect,
549c5413a7e1038ff3af351965e967fa54caa688d1c653280f76bda1b1204ae5,2025-02,South Yorkshire Police,South Yorkshire Police,,,No Location,,,Violence and sexual offences,Status update unavailable,
a1891ea707d223ec57f1d5728c221ddc1b009d3c4f5164952ac33bcc43843a41,2025-02,South Yorkshire Police,South Yorkshire Police,,,No Location,,,Violence and sexual offences,Investigation complete; no suspect identified,
d2e37b28ad307bc774723f9d84bf3ba8db24ab7105e0cd903d95899c4a033d98,2025-02,South Yorkshire Police,South Yorkshire Police,,,No Location,,,Violence and sexual offences,Investigation complete; no suspect identified,
a02727cd556730f125e68711449c18cd3260d3809024350382fc077e5ff038c9,2025-02,South Yorkshire Police,South Yorkshire Police,,,No Location,,,Violence and sexual offences,Unable to prosecute suspect,
f37bbaac8da9f51a2dd15adfcd47439a93134426f3ac30ee7c2859e085f8ac4b,2025-02,South Yorkshire Police,South Yorkshire Police,,,No Location,,,Violence and sexual offences,Status update unavailable,
4b0195d79a6af7f029543b1f7b74849df3f27b932dcc85fe4cde6b98538f72f2,2025-02,South Yorkshire Police,South Yorkshire Police,,,No Location,,,Violence and sexual offences,Unable to prosecute suspect,
3c633f13461071425242f6a4d4556f0b7631295d833fa6a5463402db06d6245f,2025-02,South Yorkshire Police,South Yorkshire Police,,,No Location,,,Violence and sexual offences,Status update unavailable,
ba20cc472fddb22f3baf07d063d9c6510d6560248479b1c06a0d36d5731e3ba2,2025-02,South Yorkshire Police,South Yorkshire Police,,,No Location,,,Violence and sexual offences,Unable to prosecute suspect,
8966002e2f572ef4a6dc06ea8e46e1e84e2a9d1f2adaa3fa07557310cb6e0d4f,2025-02,South Yorkshire Police,South Yorkshire Police,,,No Location,,,Violence and sexual offences,Investigation complete; no suspect identified,
ce86a8838e95bf6ac3bc3cb91bb9e77e1d93457f55719ac4abaaf7bae16abbbf,2025-02,South Yorkshire Police,South Yorkshire Police,,,No Location,,,Violence and sexual offences,Investigation complete; no suspect identified,
6bd41e79570741c7de1892836dc3d5619a25a1fdfb15acb67fa552a192b904b7,2025-02,South Yorkshire Police,South Yorkshire Police,,,No Location,,,Violence and sexual offences,Unable to prosecute suspect,
1fa686f38deb43b8595d3872f2d1cf3720076b08c4f059d3a201511b8d161c3d,2025-02,South Yorkshire Police,South Yorkshire Police,,,No Location,,,Violence and sexual offences,Unable to prosecute suspect,
21b1b5fd9bd8c12cb3a42a6c3f7f385d734511dc55bb9eb3919f85a610a85e86,2025-02,South Yorkshire Police,South Yorkshire Police,,,No Location,,,Violence and sexual offences,Unable to prosecute suspect,
1e80777b9a4f69cbce0eb09c568aa994aa8e41f7ba464635bf1a1ade9d703967,2025-02,South Yorkshire Police,South Yorkshire Police,,,No Location,,,Violence and sexual offences,Unable to prosecute suspect,
838d1b5682efe1e7ff781d208899626a9630e5d2dffde001e40ca64bb922e4cf,2025-02,South Yorkshire Police,South Yorkshire Police,,,No Location,,,Violence and sexual offences,Unable to prosecute suspect,
3a61efa95e43075d9b70dbc6af4aa1033b717ce844cf3e2a2165b8666ed05577,2025-02,South Yorkshire Police,South Yorkshire Police,,,No Location,,,Violence and sexual offences,Unable to prosecute suspect,
de80097ad37d8ebc51f42314a98ad25dd8fd9faa45088817979dadf03df2fdf5,2025-02,South Yorkshire Police,South Yorkshire Police,,,No Location,,,Violence and sexual offences,Unable to prosecute suspect,
6a480a817b8d6c88ba9d4ca1608c78bfae1a54c257cf6051d1f60368a633dfd0,2025-02,South Yorkshire Police,South Yorkshire Police,,,No Location,,,Violence and sexual offences,Awaiting court outcome,
3c1a705f9a0aa7f866f6cda1373e29a94529ae57d3b0e9598b5ce394bcd9a03f,2025-02,South Yorkshire Police,South Yorkshire Police,,,No Location,,,Violence and sexual offences,Awaiting court outcome,
f487661cbdda0f8463698787952e301f1b3347b52a9f390e71d75525b5217dc3,2025-02,South Yorkshire Police,South Yorkshire Police,,,No Location,,,Violence and sexual offences,Unable to prosecute suspect,
51f23140b93091fde26339d334abf901ac076c19498c5d5b98b00f6a050e52c8,2025-02,South Yorkshire Police,South Yorkshire Police,,,No Location,,,Violence and sexual offences,Unable to prosecute suspect,
64018ccb4779f500410795bb455d7e50fb993002e21d5b4dd36be20abf3eba68,2025-02,South Yorkshire Police,South Yorkshire Police,,,No Location,,,Violence and sexual offences,Awaiting court outcome,
62329c895d742252b406c0df9afe128a8c704c20328af5a0e3501a004915f56b,2025-02,South Yorkshire Police,South Yorkshire Police,,,No Location,,,Violence and sexual offences,Status update unavailable,
b97ae89f3c5c62ce97c7571c1499a1dc0ff826f5d473a781de9973ad4460ffc6,2025-02,South Yorkshire Police,South Yorkshire Police,,,No Location,,,Violence and sexual offences,Awaiting court outcome,
b0f797f4a268097ed6cb7a65491d43348b00cc84e4bf9b091e9c2c0946bebb52,2025-02,South Yorkshire Police,South Yorkshire Police,,,No Location,,,Violence and sexual offences,Unable to prosecute suspect,
5ece2edffe532fbdcec514a967ae6faf87ad45ea1e4a556f5054aa37944b4b79,2025-02,South Yorkshire Police,South Yorkshire Police,,,No Location,,,Violence and sexual offences,Awaiting court outcome,
cda9e0545bd9b5fdcabe89d37fe980bd3bea9ae7a31e9d24fcff106c4eaa4cd9,2025-02,South Yorkshire Police,South Yorkshire Police,,,No Location,,,Violence and sexual offences,Unable to prosecute suspect,
c5fd77afad6ec8a07220e4306d8d7f9bb026ec7deb0677ce71a0501d4896e440,2025-02,South Yorkshire Police,South Yorkshire Police,,,No Location,,,Violence and sexual offences,Unable to prosecute suspect,
e1035a145557c77d1d4ef432e7912c95e7648e68190d8ba11fbfc3908b2c101a,2025-02,South Yorkshire Police,South Yorkshire Police,,,No Location,,,Violence and sexual offences,Status update unavailable,
e1076949e50977404f44091b0e2b99c7f662a81adaecf899d2d1c4661c4f2ea4,2025-02,South Yorkshire Police,South Yorkshire Police,,,No Location,,,Violence and sexual offences,Awaiting court outcome,
8140b7daf3236080b9c1a22f437346e2c08d44df2a39a66743d622b7e1d9441d,2025-02,South Yorkshire Police,South Yorkshire Police,,,No Location,,,Violence and sexual offences,Investigation complete; no suspect identified,
875cc06bd7b045500f47e26e442f23c8ab2bb62651baad795feee8fe7ebe09d8,2025-02,South Yorkshire Police,South Yorkshire Police,,,No Location,,,Violence and sexual offences,Unable to prosecute suspect,
fecc3d465bfc9ff806ec1a92134b536d61d3e85899c3cb34e093c0cd990b1abf,2025-02,South Yorkshire Police,South Yorkshire Police,,,No Location,,,Violence and sexual offences,Unable to prosecute suspect,
56273797d6c613f24973c971ae592fb4f2a3507a6d6cd742fb2ef9813693d613,2025-02,South Yorkshire Police,South Yorkshire Police,,,No Location,,,Violence and sexual offences,Unable to prosecute suspect,
6e4025d9fb1de124e482cb89062badc7af505ac20e2d5fcb92938697c684d94e,2025-02,South Yorkshire Police,South Yorkshire Police,,,No Location,,,Violence and sexual offences,Unable to prosecute suspect,
1bf5f60716e10ebe27a127d334fc115b82b9b82665a75f0f33758d8ebe5d9524,2025-02,South Yorkshire Police,South Yorkshire Police,,,No Location,,,Violence and sexual offences,Unable to prosecute suspect,
a3a18f1e2de4a0ebbdeda06c50e398ece152dd9458065fbea5449ad4311d9dd3,2025-02,South Yorkshire Police,South Yorkshire Police,,,No Location,,,Violence and sexual offences,Unable to prosecute suspect,
5578f5b56ce27f13c21261d224e90a2a6e4bc05b5bdea98316e6cd18553a0f9e,2025-02,South Yorkshire Police,South Yorkshire Police,,,No Location,,,Violence and sexual offences,Unable to prosecute suspect,
e9f446e1d6d80af1e84cdec8b3a89273c04c1a65fa185596ef06264eb292738e,2025-02,South Yorkshire Police,South Yorkshire Police,,,No Location,,,Violence and sexual offences,Status update unavailable,
06ca4bba49059e07b80e8a5a3a47e02d7547d3aa39ef47d1a64fa225c0d99c5b,2025-02,South Yorkshire Police,South Yorkshire Police,,,No Location,,,Violence and sexual offences,Unable to prosecute suspect,
b3733273d22cb2bbf358dbb09d789f204d47718341d23cc98b762aab9a86bc95,2025-02,South Yorkshire Police,South Yorkshire Police,,,No Location,,,Violence and sexual offences,Investigation complete; no suspect identified,
0dbe4e7f54c207986160a67737c192ffe471d67b97411d6c780939b8bc45812a,2025-02,South Yorkshire Police,South Yorkshire Police,,,No Location,,,Violence and sexual offences,Unable to prosecute suspect,
1bf46687dc4c9147ad8a513c47b48bade6e430e5ea2c49e4dd8c971a0294dd0f,2025-02,South Yorkshire Police,South Yorkshire Police,,,No Location,,,Violence and sexual offences,Unable to prosecute suspect,
8f6d2dc1a64de867dabd3e25ba09767305c8d08e71d8482900996b37b49aaa18,2025-02,South Yorkshire Police,South Yorkshire Police,,,No Location,,,Violence and sexual offences,Unable to prosecute suspect,
b7f2ad439273ea343f6f8e29c416ec9e6a2b7c18ba23c353816bcab4edba9f5b,2025-02,South Yorkshire Police,South Yorkshire Police,,,No Location,,,Violence and sexual offences,Unable to prosecute suspect,
b43c5bcea147dc43eab18810663a945aa5e5e93c1c247e4bf7342a4ace540833,2025-02,South Yorkshire Police,South Yorkshire Police,,,No Location,,,Violence and sexual offences,Investigation complete; no suspect identified,
122a25ddd66dc7413d7840256547c7489a9621edf358bfc033f9233778c4f430,2025-02,South Yorkshire Police,South Yorkshire Police,,,No Location,,,Violence and sexual offences,Unable to prosecute suspect,
a591f99e5df91d8883f64071fb48567abf601a4d2b3a7ad927efb4e675e52a9b,2025-02,South Yorkshire Police,South Yorkshire Police,,,No Location,,,Violence and sexual offences,Unable to prosecute suspect,
e3a0240bd278b6b0bd03f953c2482bc559b571b45150abbc888fd43d00d9ef6e,2025-02,South Yorkshire Police,South Yorkshire Police,,,No Location,,,Violence and sexual offences,Unable to prosecute suspect,
b526e779c5c0ed9588f667425254474004e3125dc8f0a3836014af4a75d89486,2025-02,South Yorkshire Police,South Yorkshire Police,,,No Location,,,Violence and sexual offences,Status update unavailable,
356f1c706ae8a7e81afc30aa0981ff576a289997e077352f26232a2eb3d947c8,2025-02,South Yorkshire Police,South Yorkshire Police,,,No Location,,,Violence and sexual offences,Unable to prosecute suspect,
c60529084a245ecb1c5d7efa837234b760079c1ab3b305a80c2ccca801473a6e,2025-02,South Yorkshire Police,South Yorkshire Police,,,No Location,,,Violence and sexual offences,Unable to prosecute suspect,
7f28042a5bb705316080765d9bbbadee61c83d862193439dbd37e712d48eadec,2025-02,South Yorkshire Police,South Yorkshire Police,,,No Location,,,Violence and sexual offences,Unable to prosecute suspect,
93171ec7ee50001f883c541e15f7d51d5d9d0cdc8e554b9309aa466f0e639350,2025-02,South Yorkshire Police,South Yorkshire Police,,,No Location,,,Violence and sexual offences,Unable to prosecute suspect,
55aab14db303c92ab5db3eed1a4157122324af477a9269a572c9999bb62ac602,2025-02,South Yorkshire Police,South Yorkshire Police,,,No Location,,,Violence and sexual offences,Investigation complete; no suspect identified,
446ca0c5ecc94a14b021b24bc6307f45f7ea35f1a4334f937b0021bca4e835df,2025-02,South Yorkshire Police,South Yorkshire Police,,,No Location,,,Violence and sexual offences,Action to be taken by another organisation,
611e46c34f0aa6bc4e4d6266845c55d5b31dd825150780b67e7f4480c8c8a290,2025-02,South Yorkshire Police,South Yorkshire Police,,,No Location,,,Violence and sexual offences,Awaiting court outcome,
bd19540d0dd756b4a6bab9e07e9368d5544bd697f7376d50c0d50cd0aec8e7f4,2025-02,South Yorkshire Police,South Yorkshire Police,,,No Location,,,Violence and sexual offences,Unable to prosecute suspect,
1ee140048f8b4dc06cf833e30f43f249e778d2a9b44db12fe297a157aa834fc8,2025-02,South Yorkshire Police,South Yorkshire Police,,,No Location,,,Violence and sexual offences,Unable to prosecute suspect,
3c474988cc783bfcb6aa54864cc5db068ac382a58d0da6a78dde2a23fbe88b07,2025-02,South Yorkshire Police,South Yorkshire Police,,,No Location,,,Violence and sexual offences,Status update unavailable,
f4107f6c6d09f1edb6cbfe2140bf253f3307888a8b307fdaaa02622ffa63782b,2025-02,South Yorkshire Police,South Yorkshire Police,,,No Location,,,Violence and sexual offences,Unable to prosecute suspect,
df51c1d86d88f92867a0b7bdf1ce6de018d1e4370aea4ff804477017df457f2d,2025-02,South Yorkshire Police,South Yorkshire Police,,,No Location,,,Violence and sexual offences,Unable to prosecute suspect,
085758811c010ec90bb3bfbb662f3d3ca3c4b75500f512d5d5ef9e02e2803d38,2025-02,South Yorkshire Police,South Yorkshire Police,,,No Location,,,Violence and sexual offences,Unable to prosecute suspect,
0117ed976d3d2130c094a753cbacb85a30fd40d0d0b6f60ce5bac00601b85974,2025-02,South Yorkshire Police,South Yorkshire Police,,,No Location,,,Violence and sexual offences,Offender given a caution,
b19453bbbc7ff98b6a90e975e9c9c2b141f90b07aa9f744b7cdf0065f3a022d8,2025-02,South Yorkshire Police,South Yorkshire Police,,,No Location,,,Violence and sexual offences,Status update unavailable,
91f5e72e2e7edcbab5575802a5c879eda1709dfeea624f383b6391a75bda5933,2025-02,South Yorkshire Police,South Yorkshire Police,,,No Location,,,Violence and sexual offences,Unable to prosecute suspect,
2c6fc26c2a9411c18b0083c2a41c0c08498372f0aa980bf533b29432fd909039,2025-02,South Yorkshire Police,South Yorkshire Police,,,No Location,,,Violence and sexual offences,Unable to prosecute suspect,
4e362a7cd61e1270161873a77d2cce2ea95e4832d84985e2cd65bb98f9c98bf3,2025-02,South Yorkshire Police,South Yorkshire Police,,,No Location,,,Violence and sexual offences,Awaiting court outcome,
59f390da19afeec8f9fffdfa0e79587c17c0820afd6cc050b96dadf8ec249a97,2025-02,South Yorkshire Police,South Yorkshire Police,,,No Location,,,Violence and sexual offences,Unable to prosecute suspect,
ebd10552d4a7a2faf9e041b44cd1e60a701b79b67f4a6cd17f3b480065aee824,2025-02,South Yorkshire Police,South Yorkshire Police,,,No Location,,,Violence and sexual offences,Unable to prosecute suspect,
5c550b630ec4afb4c8256feb1b6c682683d8a094e009b6411287c8920705a67a,2025-02,South Yorkshire Police,South Yorkshire Police,,,No Location,,,Violence and sexual offences,Awaiting court outcome,
d486c1ae9d34beff1feef6a24aff4478cdbd5bc8c6008bf80b3af07b6ea47759,2025-02,South Yorkshire Police,South Yorkshire Police,,,No Location,,,Violence and sexual offences,Unable to prosecute suspect,
8000de8ad6e982975cdbc3703b3a110ca4a985bb0ba1e44b3f70424c84f72f73,2025-02,South Yorkshire Police,South Yorkshire Police,,,No Location,,,Violence and sexual offences,Unable to prosecute suspect,
c8358bf0469e64f0ed07da7c0c2379c2e85a67d8fe8bf2575030d9c73c54ccf2,2025-02,South Yorkshire Police,South Yorkshire Police,,,No Location,,,Violence and sexual offences,Status update unavailable,
b10bd45a3d459961afb63433508a9ed30fc1f320668daa51702ba12390481244,2025-02,South Yorkshire Police,South Yorkshire Police,,,No Location,,,Violence and sexual offences,Status update unavailable,
337bfeba2bea6b0da67e5512ce791ef17b888c4fbf2c6e9ce7ae224247273cd9,2025-02,South Yorkshire Police,South Yorkshire Police,,,No Location,,,Violence and sexual offences,Unable to prosecute suspect,
789bb1d3cf57ea9911fe08509917d1b81b56c4568e4ba0648cc77803848145a6,2025-02,South Yorkshire Police,South Yorkshire Police,,,No Location,,,Violence and sexual offences,Local resolution,
09e4bc62d668ad77a2666dda851e4962a55d68d59224b68fd3bc3158d2d812fc,2025-02,South Yorkshire Police,South Yorkshire Police,,,No Location,,,Violence and sexual offences,Unable to prosecute suspect,
a6b6a71f69c44271f26caa75b65c1314210c0d91067ec56fc7fe882f9f2ee4ed,2025-02,South Yorkshire Police,South Yorkshire Police,,,No Location,,,Violence and sexual offences,Unable to prosecute suspect,
f73d2d6ecaeedc48ecb18bf4f12697506b0c62af6e92376caedc870040c96d95,2025-02,South Yorkshire Police,South Yorkshire Police,,,No Location,,,Violence and sexual offences,Unable to prosecute suspect,
233aa2bd9f7e5838caac2463ee79eac02efe178f068e42232d9999ceb2abfd50,2025-02,South Yorkshire Police,South Yorkshire Police,,,No Location,,,Violence and sexual offences,Status update unavailable,
38db0ea637202da91be4433ec4f2bdbe9582baeebad399d310bb35e2aac65c01,2025-02,South Yorkshire Police,South Yorkshire Police,,,No Location,,,Violence and sexual offences,Unable to prosecute suspect,
2f284bdf2243a38a26defb3639219e7758d3f1c7f830c36cac5ceb044d3300fb,2025-02,South Yorkshire Police,South Yorkshire Police,,,No Location,,,Violence and sexual offences,Unable to prosecute suspect,
f047b4b771eceaa64f58a2f4901b5b966a68acaf69ed971013e2270d6a82b37e,2025-02,South Yorkshire Police,South Yorkshire Police,,,No Location,,,Violence and sexual offences,Unable to prosecute suspect,
ac06788a251120291773a77dde02fc86b9da1352465683e5f7d43eee59e361eb,2025-02,South Yorkshire Police,South Yorkshire Police,,,No Location,,,Violence and sexual offences,Status update unavailable,
6ac1ad8f29116fc239227b622ba2a6cd176f108d4a4ea93982eac2744940b3e6,2025-02,South Yorkshire Police,South Yorkshire Police,,,No Location,,,Violence and sexual offences,Unable to prosecute suspect,
0170be919ddeb3da62c99f10f30b339b696ede55e2b03b5212df698919f3d971,2025-02,South Yorkshire Police,South Yorkshire Police,,,No Location,,,Violence and sexual offences,Unable to prosecute suspect,
ecd656e77ed66b94f4a1bd40842ad084599604c58e1425281f33790f266bd48c,2025-02,South Yorkshire Police,South Yorkshire Police,,,No Location,,,Violence and sexual offences,Unable to prosecute suspect,
a744ec4a32199bbe63162e53c796343ddb2102b8bd6053b322a9439f5f91d710,2025-02,South Yorkshire Police,South Yorkshire Police,,,No Location,,,Violence and sexual offences,Unable to prosecute suspect,
e5eb1d38d5b5dfc0f28a8a47384cb1ed2f24a3433e6f14ceb3751556b13648cf,2025-02,South Yorkshire Police,South Yorkshire Police,,,No Location,,,Violence and sexual offences,Unable to prosecute suspect,
bfb0102b39c8abcddabfa0c50a967216b6c4828618a49072c4708e2fa1107fa9,2025-02,South Yorkshire Police,South Yorkshire Police,,,No Location,,,Violence and sexual offences,Status update unavailable,
48b13dbb54d2640f5fd815b1d9199478ac4abf1455e3f97ce945e2e51f98deae,2025-02,South Yorkshire Police,South Yorkshire Police,,,No Location,,,Violence and sexual offences,Unable to prosecute suspect,
125849583e48369a587e3fd0f962c162d43f95b12679773bf308160bab123a3f,2025-02,South Yorkshire Police,South Yorkshire Police,,,No Location,,,Violence and sexual offences,Unable to prosecute suspect,
a22a42c42d0432969c6ec76bc45be3f4d37c45b0ea68b7b325a5c2431becfefb,2025-02,South Yorkshire Police,South Yorkshire Police,,,No Location,,,Violence and sexual offences,Unable to prosecute suspect,
7aebf54a5cafea5fb0202d7ab2129833d47a355cb5e7c3825099cd98effc5c30,2025-02,South Yorkshire Police,South Yorkshire Police,,,No Location,,,Violence and sexual offences,Investigation complete; no suspect identified,
98d260845a85494b7acaaebc242cb6a2957f90d3b8fecffb93c0551ff457c0f3,2025-02,South Yorkshire Police,South Yorkshire Police,,,No Location,,,Violence and sexual offences,Unable to prosecute suspect,
cd0f1a3da9eb7149d3e5b44ff575b60504e256ea7e1545939de1cf5fe5696067,2025-02,South Yorkshire Police,South Yorkshire Police,,,No Location,,,Violence and sexual offences,Unable to prosecute suspect,
c42d352465814dc1fbe6da9b0b8d3cac6b8e8f32b76f813fc554c320cbe875ba,2025-02,South Yorkshire Police,South Yorkshire Police,,,No Location,,,Violence and sexual offences,Status update unavailable,
f18f9ef16c663d4fc7855d6d70ff2ed46159fadaa09f38118d968854e957d86e,2025-02,South Yorkshire Police,South Yorkshire Police,,,No Location,,,Violence and sexual offences,Unable to prosecute suspect,
44282774ceabd464656718af728dde3ad35bbe2020f727c8158a2284ba1db46e,2025-02,South Yorkshire Police,South Yorkshire Police,,,No Location,,,Violence and sexual offences,Investigation complete; no suspect identified,
dfe78010f744414011b419d853725a32377270a5a848d53090fe56f99fb5a533,2025-02,South Yorkshire Police,South Yorkshire Police,,,No Location,,,Violence and sexual offences,Unable to prosecute suspect,
81427fe57bd2968d896acb9caf324f92e9d0a9e5b6e3e66ce5549ed773bcce93,2025-02,South Yorkshire Police,South Yorkshire Police,,,No Location,,,Violence and sexual offences,Investigation complete; no suspect identified,
04262cbac98a7185f8f6af0274bdba9acc35e9418fc35d79ee5df5117153aadf,2025-02,South Yorkshire Police,South Yorkshire Police,,,No Location,,,Violence and sexual offences,Status update unavailable,
090cb2394e923b23f48c5150e10bed357d91e40ed1203579644b616cfe5cfbea,2025-02,South Yorkshire Police,South Yorkshire Police,,,No Location,,,Violence and sexual offences,Unable to prosecute suspect,
5bb55ca3f56cae8ab98df44a943f90e55cc54a19a1075e3a08984675789fc864,2025-02,South Yorkshire Police,South Yorkshire Police,,,No Location,,,Violence and sexual offences,Unable to prosecute suspect,
2bf335515177f7a005f8c0cf85c84bc7aba3e7c2326f8a7186481a93f732bf0a,2025-02,South Yorkshire Police,South Yorkshire Police,,,No Location,,,Violence and sexual offences,Unable to prosecute suspect,
16a26fcd44f8d05409abc9ae0f201407319da43f2daf7483b787cced592433ec,2025-02,South Yorkshire Police,South Yorkshire Police,,,No Location,,,Violence and sexual offences,Unable to prosecute suspect,
71cad78f7b5a50c033d02070d5a6fb50389c938854064bce637bddfa633f7ffe,2025-02,South Yorkshire Police,South Yorkshire Police,,,No Location,,,Violence and sexual offences,Unable to prosecute suspect,
89db5c1130b44f1f6aa6132a15745cc50dba5c12379f1f1c9c9292fc282283fc,2025-02,South Yorkshire Police,South Yorkshire Police,,,No Location,,,Violence and sexual offences,Unable to prosecute suspect,
e3f10bea0002e42da8302f4899c087a704b6c561f24078a2a2a003d403166a50,2025-02,South Yorkshire Police,South Yorkshire Police,,,No Location,,,Violence and sexual offences,Unable to prosecute suspect,
2440f75e73c9820a039030223756cc2370058ccea4f3b5f13477f52853420de5,2025-02,South Yorkshire Police,South Yorkshire Police,,,No Location,,,Violence and sexual offences,Unable to prosecute suspect,
78fd069963f6f6e0d33ba96c0534606cda84b03e570a3ba8cd68637e1504850b,2025-02,South Yorkshire Police,South Yorkshire Police,,,No Location,,,Violence and sexual offences,Unable to prosecute suspect,
5d7d09ec50abe04434f9f52d2aec4af30da76a4d7d553e24054fd0baee06835a,2025-02,South Yorkshire Police,South Yorkshire Police,,,No Location,,,Violence and sexual offences,Investigation complete; no suspect identified,
8ae503c41032940f27533bc77d733e57cc2bbb3e2760798e42ec9645f9b23f7d,2025-02,South Yorkshire Police,South Yorkshire Police,,,No Location,,,Violence and sexual offences,Unable to prosecute suspect,
1082fb16dbae8ed1c1693eb69669798ea0d7db983c81c1242c9dce5c03a70141,2025-02,South Yorkshire Police,South Yorkshire Police,,,No Location,,,Violence and sexual offences,Unable to prosecute suspect,
a00e33bc1d07e00dce8a40dde10613a04a5b8c3e4d979555dce484f4738ec419,2025-02,South Yorkshire Police,South Yorkshire Police,,,No Location,,,Violence and sexual offences,Unable to prosecute suspect,
3941198ad3bd2993a5ba41ed61fa17bc4143877cd42b0e9463ff3df354a80cbd,2025-02,South Yorkshire Police,South Yorkshire Police,,,No Location,,,Violence and sexual offences,Awaiting court outcome,
bd38027a87003f5899ce1382842844eac95993934229e377bfc73f9f82d8df7e,2025-02,South Yorkshire Police,South Yorkshire Police,,,No Location,,,Violence and sexual offences,Unable to prosecute suspect,
2bf988dc40ac68d9cc0bc20e5d2ceaf09a628ec328863af862a6547d8f529a69,2025-02,South Yorkshire Police,South Yorkshire Police,,,No Location,,,Violence and sexual offences,Unable to prosecute suspect,
a791f96b77f225f364b3f1a709cf1891aa3e3642dca1854fb6c0a34ac0082ce4,2025-02,South Yorkshire Police,South Yorkshire Police,,,No Location,,,Violence and sexual offences,Local resolution,
3b906113e6bfd6903e377386d97e937e99ad2e63643b3a96d263044bf161c47b,2025-02,South Yorkshire Police,South Yorkshire Police,,,No Location,,,Violence and sexual offences,Unable to prosecute suspect,
36638dfceac0530f59c240ce44377e9cc8854b5761a1297f5363add9454afcd4,2025-02,South Yorkshire Police,South Yorkshire Police,,,No Location,,,Violence and sexual offences,Awaiting court outcome,
703efb4ed35e21e76c04fd852101ba0f83ee218eb2042e702eaeaad20f801fa4,2025-02,South Yorkshire Police,South Yorkshire Police,,,No Location,,,Violence and sexual offences,Unable to prosecute suspect,
29852d28216269bd97378ab8cd60299404e620a60cbcb1b3b0d73133742053b7,2025-02,South Yorkshire Police,South Yorkshire Police,,,No Location,,,Violence and sexual offences,Investigation complete; no suspect identified,
a3ba28c8896929fddf28615cc91715050001e4385e3635671c4f7414b1a9773f,2025-02,South Yorkshire Police,South Yorkshire Police,,,No Location,,,Violence and sexual offences,Unable to prosecute suspect,
2964117b95e26c504647af76b6b83820a534567249aac8417ab1e66be5c2f505,2025-02,South Yorkshire Police,South Yorkshire Police,,,No Location,,,Violence and sexual offences,Unable to prosecute suspect,
394d247e4a4345302f51cc2b48b813c18f180632ab8a3a0aa7bb60e13535b3db,2025-02,South Yorkshire Police,South Yorkshire Police,,,No Location,,,Violence and sexual offences,Unable to prosecute suspect,
d0b0d6dce2b3056418ad54755a6acfd8a5e1b9f7bc8be3f44e4f94e4bb9d7290,2025-02,South Yorkshire Police,South Yorkshire Police,,,No Location,,,Violence and sexual offences,Unable to prosecute suspect,
4acca78fc4e27bdc791b42ab2b7550121429d4caa1156fe3eb4fe8ade263151e,2025-02,South Yorkshire Police,South Yorkshire Police,,,No Location,,,Violence and sexual offences,Unable to prosecute suspect,
41fcdaf5f71a23debc0561b41f5a1caccd709072d3627001d8b085831b795f01,2025-02,South Yorkshire Police,South Yorkshire Police,,,No Location,,,Violence and sexual offences,Unable to prosecute suspect,
d5ddc20833237862bfee6d283c55901685afbd16e95ee5ba421a33ce2b9b2158,2025-02,South Yorkshire Police,South Yorkshire Police,,,No Location,,,Violence and sexual offences,Status update unavailable,
0489895fc6cdb14d3deb78a347180ee0924a4c89a37d6884d3c058b560ac5237,2025-02,South Yorkshire Police,South Yorkshire Police,,,No Location,,,Violence and sexual offences,Unable to prosecute suspect,
feb752fe4c5a6e989d84d816a9a602c4575564075f399366219ab3df100f895c,2025-02,South Yorkshire Police,South Yorkshire Police,,,No Location,,,Violence and sexual offences,Status update unavailable,
89c03722da3cc270cba356575257d9e763f6800355ce1a6b90a4f78214baaf91,2025-02,South Yorkshire Police,South Yorkshire Police,,,No Location,,,Violence and sexual offences,Unable to prosecute suspect,
e9a7184f96ec0dc2552d135a8aa943f2cd2a0861ee4ce1b66a2daa207f31b179,2025-02,South Yorkshire Police,South Yorkshire Police,,,No Location,,,Violence and sexual offences,Unable to prosecute suspect,
3860c2c3c58b07e23e30b9b9098b738a53cb66899411e5cb08a38f6d62211cb6,2025-02,South Yorkshire Police,South Yorkshire Police,,,No Location,,,Violence and sexual offences,Unable to prosecute suspect,
08019f25ad4fbe91b5fba7b576ca8d7242b170b94c884f598460723d22f814b2,2025-02,South Yorkshire Police,South Yorkshire Police,,,No Location,,,Violence and sexual offences,Unable to prosecute suspect,
dcbab9a7e6d41eec3b02749a8702632d909c1db7cd3edc482e0f8779841d8b94,2025-02,South Yorkshire Police,South Yorkshire Police,,,No Location,,,Violence and sexual offences,Unable to prosecute suspect,
743f1cf2f1d7c2569d930432a6a498bf21ca4a34ea403eb5ed12720fb808f835,2025-02,South Yorkshire Police,South Yorkshire Police,,,No Location,,,Violence and sexual offences,Unable to prosecute suspect,
bd42806b6ea0356132f15b3aed4defbd482a1e3839a9e2f2d9567e133aad6be9,2025-02,South Yorkshire Police,South Yorkshire Police,,,No Location,,,Violence and sexual offences,Investigation complete; no suspect identified,
262e37127f8537c8c3629dfa5a231b0a99e5238474cdf73443487f15c9af0d73,2025-02,South Yorkshire Police,South Yorkshire Police,,,No Location,,,Violence and sexual offences,Investigation complete; no suspect identified,
217175ceae3a3dd3bb15e47320e20742d2edee654a662edd8e21b5fb96c44eac,2025-02,South Yorkshire Police,South Yorkshire Police,,,No Location,,,Violence and sexual offences,Investigation complete; no suspect identified,
f249dbdc803783049c682feb25f1b27a8711b8f545adb734fac18267362fa524,2025-02,South Yorkshire Police,South Yorkshire Police,,,No Location,,,Violence and sexual offences,Unable to prosecute suspect,
3e484c96edf337a80b23642896ff741766c53c2231672b3c7676300e5097700d,2025-02,South Yorkshire Police,South Yorkshire Police,,,No Location,,,Violence and sexual offences,Unable to prosecute suspect,
a919e6c329910559452b4fa062abd67394b192e2fb81b41da9ea603b405dacca,2025-02,South Yorkshire Police,South Yorkshire Police,,,No Location,,,Violence and sexual offences,Unable to prosecute suspect,
5307e710e9dd05c4bbaf027bac0ec971a16fa120c90591f0a2e1c972b4e9b24f,2025-02,South Yorkshire Police,South Yorkshire Police,,,No Location,,,Violence and sexual offences,Unable to prosecute suspect,
1ba412bc3ca7e65e85a52e6ade339ba3b36205affbd057b071b3fcf58302efa7,2025-02,South Yorkshire Police,South Yorkshire Police,,,No Location,,,Violence and sexual offences,Unable to prosecute suspect,
c1c96199f21d714eb379d0eff0886d71757146915c721b560bbeaf2912903fcf,2025-02,South Yorkshire Police,South Yorkshire Police,,,No Location,,,Violence and sexual offences,Unable to prosecute suspect,
a47f8d84a2ae57c0a355a6a2b772ef33ca5497d8639abac82666cda739a471de,2025-02,South Yorkshire Police,South Yorkshire Police,,,No Location,,,Violence and sexual offences,Investigation complete; no suspect identified,
67e4f6110c2cc473ab46d87ddf7f34d45e1347b2497edf97226a84ffe2de79f4,2025-02,South Yorkshire Police,South Yorkshire Police,,,No Location,,,Violence and sexual offences,Unable to prosecute suspect,
b223dd42bbe0c308849e296cd158874f16d735836f7856b2279724359c0af343,2025-02,South Yorkshire Police,South Yorkshire Police,,,No Location,,,Violence and sexual offences,Unable to prosecute suspect,
cd40b7cfc14a892af0abd89bedc447c301f794958b80175d108fdcb5933b354d,2025-02,South Yorkshire Police,South Yorkshire Police,,,No Location,,,Violence and sexual offences,Investigation complete; no suspect identified,
fb938d7f47f4bbc86ae0a33c6419450839e3b866d86d2a8d8de070e29a6e19a9,2025-02,South Yorkshire Police,South Yorkshire Police,,,No Location,,,Violence and sexual offences,Investigation complete; no suspect identified,
b6c8aafb565467931e346b4bf06d549fa22774f6aa9e691bd0c1f39b508c4310,2025-02,South Yorkshire Police,South Yorkshire Police,,,No Location,,,Violence and sexual offences,Investigation complete; no suspect identified,
610666bf845be52bdf4e0f0f9120c84eaf579e266147be061dcd8a2107b4fd57,2025-02,South Yorkshire Police,South Yorkshire Police,,,No Location,,,Violence and sexual offences,Awaiting court outcome,
2c0b6e08d75c094f97039755dc986e082cb876c27d67d5bdd677895eca45b91e,2025-02,South Yorkshire Police,South Yorkshire Police,,,No Location,,,Violence and sexual offences,Investigation complete; no suspect identified,
7c2053e1cd444d3c68289227def5358c7646b64a6c47c5d8cd6f8211d60dd8a6,2025-02,South Yorkshire Police,South Yorkshire Police,,,No Location,,,Violence and sexual offences,Unable to prosecute suspect,
e3eb098ab4fd24eb1d1252bde4707ed7795b01892f3c2d1bc6f7437387b2ab1d,2025-02,South Yorkshire Police,South Yorkshire Police,,,No Location,,,Violence and sexual offences,Unable to prosecute suspect,
1799ca5d08d8ba31dcb5ae2be688a15b8d68dbfed92ce10dac9d9b6398d27aa7,2025-02,South Yorkshire Police,South Yorkshire Police,,,No Location,,,Violence and sexual offences,Unable to prosecute suspect,
37d5575ec00a22e21b0e98cb157162984e10d3601976b1d8136998d251a3a46a,2025-02,South Yorkshire Police,South Yorkshire Police,,,No Location,,,Violence and sexual offences,Unable to prosecute suspect,
b8a872f8dce131020f1281bd3403615a55c2e5659dfdd4fbb018549c4862b6a5,2025-02,South Yorkshire Police,South Yorkshire Police,,,No Location,,,Violence and sexual offences,Unable to prosecute suspect,
bef3bc34a198157d462d361cfcfe8e81df2c3d0c694f938cdfe06a57d5bce6da,2025-02,South Yorkshire Police,South Yorkshire Police,,,No Location,,,Violence and sexual offences,Investigation complete; no suspect identified,
2f1fb4eb24edd6ff94fc751e16c7aba3dfccb03bb69184fb431e1312acc97deb,2025-02,South Yorkshire Police,South Yorkshire Police,,,No Location,,,Violence and sexual offences,Awaiting court outcome,
d7953d9b8ab78b78b66643a3c50fc1f67c58c43615c5b13e959b00c55d584247,2025-02,South Yorkshire Police,South Yorkshire Police,,,No Location,,,Violence and sexual offences,Unable to prosecute suspect,
2e77eed5ce405039c0ffb0b7121731898b7fbbe500785799e856c279e53cc667,2025-02,South Yorkshire Police,South Yorkshire Police,,,No Location,,,Violence and sexual offences,Unable to prosecute suspect,
2ec3af238c1db3d7e18d3241405327b2cd73b465396b276178a7b306ce8dbb52,2025-02,South Yorkshire Police,South Yorkshire Police,,,No Location,,,Violence and sexual offences,Status update unavailable,
315963483bb75df3ab1435697d3c802e2f86dfb38028710197d2d7966bd7b8c0,2025-02,South Yorkshire Police,South Yorkshire Police,,,No Location,,,Violence and sexual offences,Unable to prosecute suspect,
c08bff4d9e6b7b043a170ea7901561057ac2a058334fd399a10a70f4c438513d,2025-02,South Yorkshire Police,South Yorkshire Police,,,No Location,,,Violence and sexual offences,Unable to prosecute suspect,
66b3a0aa24ec33f8c6bea07ab55b9de675eb44c9f669be7aae1e4fb6d6509213,2025-02,South Yorkshire Police,South Yorkshire Police,,,No Location,,,Violence and sexual offences,Unable to prosecute suspect,
18fab0aa665fa43690f1a20c442bec10726cc4da41ba7c6ff1b29a55273e5000,2025-02,South Yorkshire Police,South Yorkshire Police,,,No Location,,,Violence and sexual offences,Investigation complete; no suspect identified,
51cdf3b11441d6481e33b8e5edd8cab9c3c7c84b08346ef6b936bfd9762d5bbc,2025-02,South Yorkshire Police,South Yorkshire Police,,,No Location,,,Violence and sexual offences,Awaiting court outcome,
e302f9f6ef2f2ca639404a2411c0fdb364277827c4fc476a3e818a43ec7b3d10,2025-02,South Yorkshire Police,South Yorkshire Police,,,No Location,,,Violence and sexual offences,Status update unavailable,
25437e69c15540f4e939a94aae0dd84dde18d2940306340618e61f22f8f71a5e,2025-02,South Yorkshire Police,South Yorkshire Police,,,No Location,,,Violence and sexual offences,Investigation complete; no suspect identified,
95b688a95c38b93cfe4df0bbf39b05b386c2b1f0e80ee7033e3fd617bc23f67e,2025-02,South Yorkshire Police,South Yorkshire Police,,,No Location,,,Violence and sexual offences,Status update unavailable,
33cab614aab87478865594c8f221f8aac4344ac1270cb80900e138863196d3d7,2025-02,South Yorkshire Police,South Yorkshire Police,,,No Location,,,Violence and sexual offences,Unable to prosecute suspect,
9040a0860bcb3afa094c15cd348f466eeb93076e32e597dcd333d072c1128518,2025-02,South Yorkshire Police,South Yorkshire Police,,,No Location,,,Violence and sexual offences,Status update unavailable,
d888b7734564e491eeabe1a39f17b853ca65303690dcbe63d503b5bf69fb20c3,2025-02,South Yorkshire Police,South Yorkshire Police,,,No Location,,,Violence and sexual offences,Status update unavailable,
7c4a5cb0e8cb5b990e4de69d139240f8fc76c176b7b8bbae89345b1171a163ee,2025-02,South Yorkshire Police,South Yorkshire Police,,,No Location,,,Violence and sexual offences,Awaiting court outcome,
19ee60947c88c8e1f581613bd4914f5c4f9500e3a8c06d5b4243eb4dcd76928b,2025-02,South Yorkshire Police,South Yorkshire Police,,,No Location,,,Violence and sexual offences,Investigation complete; no suspect identified,
a14230426f49f38e46a896e90aa691c9ba20734c1baa4a8e8be1739d5c87d240,2025-02,South Yorkshire Police,South Yorkshire Police,,,No Location,,,Violence and sexual offences,Unable to prosecute suspect,
fae586ebf37df8905a281db81126f16953517b6c557ea4a411472c526b9c6402,2025-02,South Yorkshire Police,South Yorkshire Police,,,No Location,,,Violence and sexual offences,Unable to prosecute suspect,
c47550efed54507fd1e7a794028a18ec7848265dcd62e071e72317fb374f09db,2025-02,South Yorkshire Police,South Yorkshire Police,,,No Location,,,Violence and sexual offences,Unable to prosecute suspect,
00ae46a3e6d3c96d5b03050c124d11d65e5d61998083eb13f3aedc1b3a5b3a27,2025-02,South Yorkshire Police,South Yorkshire Police,,,No Location,,,Violence and sexual offences,Unable to prosecute suspect,
8cec2e378212ec7944619a8aaf23c93c83dfd2437cf3a0b3106388952ae09bed,2025-02,South Yorkshire Police,South Yorkshire Police,,,No Location,,,Violence and sexual offences,Investigation complete; no suspect identified,
9dd3ebf2af927e32ad5ebbfefe9eba54e2d1bfec453a68f5667035e3dd837419,2025-02,South Yorkshire Police,South Yorkshire Police,,,No Location,,,Violence and sexual offences,Status update unavailable,
8fae526bbfdc6495b331a27f3d1396587f346cf888b570aed158e1e119c944bb,2025-02,South Yorkshire Police,South Yorkshire Police,,,No Location,,,Violence and sexual offences,Status update unavailable,
a80d829a8129c373c4487a18b27d68ce749deb37305f925c6695e2f2a49b9538,2025-02,South Yorkshire Police,South Yorkshire Police,,,No Location,,,Violence and sexual offences,Investigation complete; no suspect identified,
4a193d14e5648cc4ad7e997353edb6c235c106b8e2f8873b7dd6a87e13ba4965,2025-02,South Yorkshire Police,South Yorkshire Police,,,No Location,,,Violence and sexual offences,Unable to prosecute suspect,
f8c3a1599b84b2e268c12a7e89cbebf7d6d15c0e5191ee944a0f8c78b3cf8437,2025-02,South Yorkshire Police,South Yorkshire Police,,,No Location,,,Violence and sexual offences,Unable to prosecute suspect,
b0b43dcdfec3cae8b1570980458d5a9b47aa136c4cec8fdb42e383250ceed5ed,2025-02,South Yorkshire Police,South Yorkshire Police,,,No Location,,,Violence and sexual offences,Unable to prosecute suspect,
c45b0f8409223d095df8c7289127e46f3c69990f0e960ccf450f29e4bdddfe1a,2025-02,South Yorkshire Police,South Yorkshire Police,,,No Location,,,Violence and sexual offences,Further action is not in the public interest,
ebf5449b99fa03ba32ed3ed8e291b98dd39b57077a46146e44ade0e9bf2b07af,2025-02,South Yorkshire Police,South Yorkshire Police,,,No Location,,,Violence and sexual offences,Status update unavailable,
c033ddaec3297ad6893bad401c3f1a7ffad7900a7d1402c8cec08ab4c904ec88,2025-02,South Yorkshire Police,South Yorkshire Police,,,No Location,,,Violence and sexual offences,Unable to prosecute suspect,
47a89060022639abb783cd610656fd188ebd6e9b4061337c58a4cd8bce776676,2025-02,South Yorkshire Police,South Yorkshire Police,,,No Location,,,Violence and sexual offences,Investigation complete; no suspect identified,
ee0b6c5efd5861eed84781ad39d6534997b064bc82c2f6ba14b603145fbd9f66,2025-02,South Yorkshire Police,South Yorkshire Police,,,No Location,,,Violence and sexual offences,Investigation complete; no suspect identified,
3a9dff98c4d958aaf01b615974a684e6c2399fd363e0d5cae1ef47cbe6798e1d,2025-02,South Yorkshire Police,South Yorkshire Police,,,No Location,,,Violence and sexual offences,Awaiting court outcome,
ecebbf489fce7fbdfe277cc465c61405af401799fcc3b0c6c2a24a36ad7724a4,2025-02,South Yorkshire Police,South Yorkshire Police,,,No Location,,,Violence and sexual offences,Unable to prosecute suspect,
24df1dedaa9e3518d3ba3df74a3816963bb935422cd9edbf74206f200091a85c,2025-02,South Yorkshire Police,South Yorkshire Police,,,No Location,,,Violence and sexual offences,Unable to prosecute suspect,
34962be238447db0f5ba82d5363d8309fccb08774c8365bcfdf5ccda18440dbc,2025-02,South Yorkshire Police,South Yorkshire Police,,,No Location,,,Violence and sexual offences,Offender given a caution,
524204e03cf570cf462da4e8252aff5aabda0a59e0d8a0bfd0f9c5d5a993312d,2025-02,South Yorkshire Police,South Yorkshire Police,,,No Location,,,Violence and sexual offences,Awaiting court outcome,
ff0e11ce2abd37a07310395138e1049ae51f3c59298a13ed71eae403c4d9ca19,2025-02,South Yorkshire Police,South Yorkshire Police,,,No Location,,,Violence and sexual offences,Unable to prosecute suspect,
b5b76ee33a6c6a9cca2500e77ef3fca91b18077812b2207ba503017884c91338,2025-02,South Yorkshire Police,South Yorkshire Police,,,No Location,,,Violence and sexual offences,Investigation complete; no suspect identified,
ce4380c724ab782f4a9d8456801238c6e37da82c5764335dd1d5c7786c562c4f,2025-02,South Yorkshire Police,South Yorkshire Police,,,No Location,,,Violence and sexual offences,Unable to prosecute suspect,
8c99495e9e26a4a937f637d254e22af258ab83dcd60331f2149187545eb9e43f,2025-02,South Yorkshire Police,South Yorkshire Police,,,No Location,,,Violence and sexual offences,Unable to prosecute suspect,
80b8b35baf00dfd1400ebff43e7c5df533183222138353a4e32240cd54ed329b,2025-02,South Yorkshire Police,South Yorkshire Police,,,No Location,,,Violence and sexual offences,Unable to prosecute suspect,
3a7d66b102d8b4d7dd1fa3f62d74a7cf4d47748b01b6dad0338ce34dc5098232,2025-02,South Yorkshire Police,South Yorkshire Police,,,No Location,,,Violence and sexual offences,Unable to prosecute suspect,
24b5715e6678eb4164691218e62f72893eb1cea4d3877cf5adf9c62061e40730,2025-02,South Yorkshire Police,South Yorkshire Police,,,No Location,,,Violence and sexual offences,Unable to prosecute suspect,
25fb67eb8b9926f5cfa25744685ec863da6f74ee7ee016e4fb6d3800c014a145,2025-02,South Yorkshire Police,South Yorkshire Police,,,No Location,,,Violence and sexual offences,Unable to prosecute suspect,
afadcc6ad1497c33e958798563fd9e9d62b7eacc0384c9995492332b0eb79148,2025-02,South Yorkshire Police,South Yorkshire Police,,,No Location,,,Violence and sexual offences,Unable to prosecute suspect,
1f548781df363b5183a60d0e75e85a288bebcab1bccae59276da8a7af38d5a27,2025-02,South Yorkshire Police,South Yorkshire Police,,,No Location,,,Violence and sexual offences,Unable to prosecute suspect,
a95d2ad1c339f151a1e5c1f1347c28ef5299c4bee46b456d4135e41204742c2c,2025-02,South Yorkshire Police,South Yorkshire Police,,,No Location,,,Violence and sexual offences,Investigation complete; no suspect identified,
43fb7b2974d15cdd640bffd29f5a38d4bbebb34e5f297083d22697a269217929,2025-02,South Yorkshire Police,South Yorkshire Police,,,No Location,,,Violence and sexual offences,Unable to prosecute suspect,
081191acd1eb127caf405ce0a4adac63ad49bda6b8638077180bbd98f4770206,2025-02,South Yorkshire Police,South Yorkshire Police,,,No Location,,,Violence and sexual offences,Unable to prosecute suspect,
72d59352a1c5b86b74f3d726f8b2e9834d0e3208d48650c2de4024b3ad7fa2b8,2025-02,South Yorkshire Police,South Yorkshire Police,,,No Location,,,Violence and sexual offences,Investigation complete; no suspect identified,
8df7ae6dbe4e8078324425e006a3385c5b1b769a767b534c419ba74a62353257,2025-02,South Yorkshire Police,South Yorkshire Police,,,No Location,,,Violence and sexual offences,Unable to prosecute suspect,
b6bb2af694d4c5c9a9a41a6477af0d41c04631f4b97d72285f75ecc796eac26d,2025-02,South Yorkshire Police,South Yorkshire Police,,,No Location,,,Violence and sexual offences,Unable to prosecute suspect,
302d9089be4275e0f4d3b8b53db88376848231c6b8fd576e0c21529de94c7626,2025-02,South Yorkshire Police,South Yorkshire Police,,,No Location,,,Violence and sexual offences,Status update unavailable,
52095b40698f3d845fbba18abcd0bb60024dda63e08e6d9046056c76d2cc8c84,2025-02,South Yorkshire Police,South Yorkshire Police,,,No Location,,,Violence and sexual offences,Unable to prosecute suspect,
7a2d34a14aab632a3bc1f3437969498b6dce1385e6e92b20b35c8a1a0c457da0,2025-02,South Yorkshire Police,South Yorkshire Police,,,No Location,,,Other crime,Unable to prosecute suspect,
2d9606b6dbbdc77751a91480401f596b0ff758b2fdd4f3cd5b7cc2125f11a027,2025-02,South Yorkshire Police,South Yorkshire Police,,,No Location,,,Other crime,Offender given a caution,
2060ed667d1499830e84d49315637f37a7f6fedf46a3a004bab57e6e76947ab0,2025-02,South Yorkshire Police,South Yorkshire Police,,,No Location,,,Other crime,Awaiting court outcome,
71bcc0fb3b6cff74b581d1596c122a86a9a474c87eda8bde023026068796f9d5,2025-02,South Yorkshire Police,South Yorkshire Police,,,No Location,,,Other crime,Status update unavailable,
ac1d55066b877d3a39369fe84eab63742695774b0d59c9b7a4659e3c25652ce2,2025-02,South Yorkshire Police,South Yorkshire Police,,,No Location,,,Other crime,Unable to prosecute suspect,
03f34b7439ce6223c64371d63bfed160067021fd161cf4833662d9f72e11cb69,2025-02,South Yorkshire Police,South Yorkshire Police,,,No Location,,,Other crime,Investigation complete; no suspect identified,
4e91981448f5c6de550dc900c1ad1ccd23c09866546628636ae7f9e5e631e6a1,2025-02,South Yorkshire Police,South Yorkshire Police,,,No Location,,,Other crime,Awaiting court outcome,
7686dddca35ae8b203d822fb0bae49031c38eda41452814da2e7fee35714e917,2025-02,South Yorkshire Police,South Yorkshire Police,,,No Location,,,Other crime,Awaiting court outcome,
1b61989f79b8f7a7cc55020f5ddeda6f1765f0eba477f9fd84f5aad3dadcd64f,2025-02,South Yorkshire Police,South Yorkshire Police,,,No Location,,,Other crime,Unable to prosecute suspect,
5c8f231dfa0d0ff3d00fa2c2f0f091c93eefa414f9577545f22bcc7b9b07ade1,2025-02,South Yorkshire Police,South Yorkshire Police,,,No Location,,,Other crime,Investigation complete; no suspect identified,
28b36116fdcc2331433c0913f0c4ad092fa3b10cd6614b03d048bf5e6f62de00,2025-02,South Yorkshire Police,South Yorkshire Police,,,No Location,,,Other crime,Awaiting court outcome,
ec88d99eef0b40fa3be76ffd5e9d1d3e24196ae4ccf463ba54fb4603232458b8,2025-02,South Yorkshire Police,South Yorkshire Police,,,No Location,,,Other crime,Unable to prosecute suspect,
e667e16ed8a9ceb5c66c60a4b299bf51e821f452afa7e5a82b9b03c619737a12,2025-02,South Yorkshire Police,South Yorkshire Police,,,No Location,,,Other crime,Unable to prosecute suspect,
d8c150415b00edf354573800ef47e9b32eb21e013d54ecd8c141b0be3032109b,2025-02,South Yorkshire Police,South Yorkshire Police,,,No Location,,,Other crime,Awaiting court outcome,
ec3f90a5c34b0d428b871b3b3f7b795662b03235cf22e473bb0809ad48bab27c,2025-02,South Yorkshire Police,South Yorkshire Police,,,No Location,,,Other crime,Unable to prosecute suspect,
216b1ae4a9b096e096a8dcfec98e93bfa137fe065b4542b4f54018a75bc75dd8,2025-02,South Yorkshire Police,South Yorkshire Police,,,No Location,,,Other crime,Unable to prosecute suspect,
807a95c90eb0e6c5b5fed17477d2c2125303f09fbe4948fb7a418bf74eda211d,2025-02,South Yorkshire Police,South Yorkshire Police,,,No Location,,,Other crime,Unable to prosecute suspect,
d450c246aa8649cbb85d32661d1db73ffce3cc7a609c06f0c474eb16ce3fe1e9,2025-02,South Yorkshire Police,South Yorkshire Police,,,No Location,,,Other crime,Further investigation is not in the public interest,
dd30e60d797d5fcc16fe63970d51497a973f68cc403e157ed094c284548f77c8,2025-02,South Yorkshire Police,South Yorkshire Police,,,No Location,,,Other crime,Unable to prosecute suspect,
20de7ed31ec7088d799e9ca1636d1ca8a3f3f7a7b05a00da1105683e9aef213a,2025-02,South Yorkshire Police,South Yorkshire Police,,,No Location,,,Other crime,Status update unavailable,
b8c0c0e2f56798876de05b32528980be2a1afd96989f8263a057de5b60100a95,2025-02,South Yorkshire Police,South Yorkshire Police,,,No Location,,,Other crime,Status update unavailable,
3e606ece2d4a567aecb794bae8752655f9003421716114a9ae1f79d4fcce5f1b,2025-02,South Yorkshire Police,South Yorkshire Police,,,No Location,,,Other crime,Investigation complete; no suspect identified,
1b8ddcce3d072136b39985c19ae23f22916047c993adaf8ab8ee5a98a4d5af1d,2025-02,South Yorkshire Police,South Yorkshire Police,,,No Location,,,Other crime,Unable to prosecute suspect,
6ff6eebd9c8bb93b56acfc364593e81a693e76b170f6d31c94f44e282b55e552,2025-02,South Yorkshire Police,South Yorkshire Police,,,No Location,,,Other crime,Investigation complete; no suspect identified,
4fd8cc2c100cda341b17610be4671d3a3f527060967b7341e1215de7396ff9cb,2025-02,South Yorkshire Police,South Yorkshire Police,,,No Location,,,Other crime,Status update unavailable,
8d469909d12ba9ba7830588b5f34249801729d3d05c3ab593507903ae39dfcb4,2025-02,South Yorkshire Police,South Yorkshire Police,,,No Location,,,Other crime,Investigation complete; no suspect identified,
9dd9e22b459ae93c0342e1e186af8cf71858e1ba16657c59e1fd636615ab17ae,2025-02,South Yorkshire Police,South Yorkshire Police,,,No Location,,,Other crime,Investigation complete; no suspect identified,
282ff7264632b123017427717842cca9946acba3fde555e6bb74fe8005649fef,2025-02,South Yorkshire Police,South Yorkshire Police,,,No Location,,,Other crime,Unable to prosecute suspect,
